D,2014-10-14,0.0050,0.0050,0.0050,0.0050,0,0
D,2014-10-13,0.0050,0.0050,0.0050,0.0050,0,0
D,2014-10-10,0.0050,0.0050,0.0050,0.0050,0,0
D,2014-10-09,0.0050,0.0050,0.0050,0.0050,3000,0
D,2014-10-08,0.0050,0.0050,0.0050,0.0050,2586,0
D,2014-10-07,0.0050,0.0050,0.0050,0.0050,4700,0
D,2014-10-03,0.0100,0.0100,0.0100,0.0100,0,0
D,2014-10-02,0.0100,0.0100,0.0100,0.0100,0,0
D,2014-10-01,0.0100,0.0100,0.0100,0.0100,0,0
D,2014-09-30,0.0100,0.0100,0.0100,0.0100,0,0
D,2014-09-29,0.0100,0.0100,0.0100,0.0100,0,0
D,2014-09-26,0.0100,0.0100,0.0100,0.0100,400,0
D,2014-09-25,0.0100,0.0100,0.0100,0.0100,0,0
D,2014-09-24,0.0100,0.0100,0.0100,0.0100,0,0
D,2014-09-23,0.0100,0.0100,0.0100,0.0100,1000,0
D,2014-09-22,0.0100,0.0100,0.0100,0.0100,200,0
D,2014-09-19,0.0100,0.0100,0.0100,0.0100,4000,0
D,2014-09-18,0.0100,0.0100,0.0100,0.0100,1000,0
D,2014-09-17,0.0150,0.0150,0.0150,0.0150,0,0
D,2014-09-15,0.0150,0.0150,0.0150,0.0150,0,0
D,2014-09-12,0.0150,0.0150,0.0150,0.0150,10876,0
D,2014-09-11,0.0100,0.0150,0.0100,0.0150,2880,0
D,2014-09-10,0.0050,0.0050,0.0050,0.0050,0,0
D,2014-09-09,0.0050,0.0050,0.0050,0.0050,0,0
D,2014-09-08,0.0050,0.0050,0.0050,0.0050,0,0
D,2014-09-05,0.0050,0.0050,0.0050,0.0050,0,0
D,2014-09-04,0.0050,0.0050,0.0050,0.0050,1082,0
D,2014-09-03,0.0100,0.0100,0.0100,0.0100,1200,0
D,2014-09-02,0.0050,0.0100,0.0050,0.0100,281,0
D,2014-08-29,0.0050,0.0100,0.0050,0.0100,10301,0
D,2014-08-28,0.0100,0.0100,0.0100,0.0100,300,0
D,2014-08-27,0.0100,0.0100,0.0100,0.0100,0,0
D,2014-08-26,0.0100,0.0100,0.0100,0.0100,0,0
D,2014-08-25,0.0100,0.0100,0.0100,0.0100,6402,0
D,2014-08-22,0.0150,0.0150,0.0150,0.0150,0,0
D,2014-08-21,0.0100,0.0150,0.0100,0.0150,7219,0
D,2014-08-20,0.0150,0.0150,0.0100,0.0150,7898,0
D,2014-08-19,0.0150,0.0200,0.0150,0.0200,4371,0
D,2014-08-18,0.0150,0.0150,0.0150,0.0150,341,0
D,2014-08-15,0.0200,0.0200,0.0200,0.0200,1090,0
D,2014-08-14,0.0200,0.0300,0.0150,0.0150,18322,0
D,2014-08-13,0.0100,0.0250,0.0100,0.0250,11549,0
D,2014-08-12,0.0150,0.0150,0.0150,0.0150,2356,0
D,2014-08-11,0.0150,0.0150,0.0150,0.0150,0,0
D,2014-08-08,0.0150,0.0150,0.0150,0.0150,1500,0
D,2014-08-07,0.0200,0.0250,0.0200,0.0250,1305,0
D,2014-08-06,0.0150,0.0250,0.0150,0.0250,4967,0
D,2014-08-05,0.0150,0.0200,0.0150,0.0200,601,0
D,2014-08-04,0.0150,0.0200,0.0150,0.0200,121,0
D,2014-08-01,0.0150,0.0200,0.0150,0.0200,1203,0
D,2014-07-31,0.0150,0.0200,0.0150,0.0150,548,0
D,2014-07-30,0.0150,0.0200,0.0150,0.0200,629,0
D,2014-07-25,0.0150,0.0150,0.0150,0.0150,6321,0
D,2014-07-24,0.0200,0.0200,0.0150,0.0200,11403,0
D,2014-07-23,0.0150,0.0250,0.0150,0.0250,16990,0
D,2014-07-22,0.0100,0.0200,0.0100,0.0200,8010,0
D,2014-07-21,0.0100,0.0100,0.0100,0.0100,2250,0
D,2014-07-18,0.0100,0.0100,0.0100,0.0100,10,0
D,2014-07-17,0.0100,0.0150,0.0100,0.0100,9811,0
D,2014-07-16,0.0100,0.0100,0.0100,0.0100,0,0
D,2014-07-14,0.0100,0.0100,0.0100,0.0100,0,0
D,2014-07-11,0.0100,0.0100,0.0100,0.0100,5368,0
D,2014-07-10,0.0100,0.0100,0.0100,0.0100,0,0
D,2014-07-09,0.0100,0.0100,0.0100,0.0100,0,0
D,2014-07-08,0.0100,0.0100,0.0100,0.0100,0,0
D,2014-07-07,0.0100,0.0100,0.0100,0.0100,0,0
D,2014-07-04,0.0100,0.0100,0.0100,0.0100,0,0
D,2014-07-03,0.0050,0.0100,0.0050,0.0100,3901,0
D,2014-07-02,0.0050,0.0050,0.0050,0.0050,0,0
D,2014-07-01,0.0050,0.0050,0.0050,0.0050,0,0
D,2014-06-30,0.0050,0.0050,0.0050,0.0050,480,0
D,2014-06-27,0.0050,0.0050,0.0050,0.0050,0,0
D,2014-06-26,0.0050,0.0050,0.0050,0.0050,650,0
D,2014-06-25,0.0100,0.0100,0.0100,0.0100,0,0
D,2014-06-24,0.0100,0.0100,0.0100,0.0100,0,0
D,2014-06-23,0.0100,0.0100,0.0100,0.0100,2000,0
D,2014-06-20,0.0100,0.0100,0.0100,0.0100,300,0
D,2014-06-19,0.0100,0.0100,0.0100,0.0100,0,0
D,2014-06-18,0.0100,0.0100,0.0100,0.0100,0,0
D,2014-06-17,0.0100,0.0100,0.0100,0.0100,1790,0
D,2014-06-16,0.0100,0.0100,0.0100,0.0100,3010,0
D,2014-06-13,0.0100,0.0100,0.0100,0.0100,1750,0
D,2014-06-12,0.0050,0.0050,0.0050,0.0050,2000,0
D,2014-06-11,0.0100,0.0100,0.0100,0.0100,0,0
D,2014-06-10,0.0100,0.0100,0.0100,0.0100,0,0
D,2014-06-09,0.0100,0.0100,0.0100,0.0100,0,0
D,2014-06-06,0.0100,0.0100,0.0100,0.0100,2920,0
D,2014-06-05,0.0100,0.0150,0.0050,0.0150,3000,0
D,2014-06-04,0.0100,0.0150,0.0100,0.0100,3141,0
D,2014-06-03,0.0100,0.0100,0.0100,0.0100,2020,0
D,2014-06-02,0.0150,0.0150,0.0100,0.0150,156,0
D,2014-05-30,0.0200,0.0200,0.0150,0.0150,3359,0
D,2014-05-29,0.0150,0.0200,0.0150,0.0200,16060,0
D,2014-05-28,0.0200,0.0200,0.0150,0.0150,5811,0
D,2014-05-27,0.0150,0.0200,0.0150,0.0200,1030,0
D,2014-05-26,0.0200,0.0250,0.0150,0.0200,4493,0
D,2014-05-23,0.0150,0.0250,0.0150,0.0200,11128,0
D,2014-05-22,0.0250,0.0250,0.0200,0.0250,10164,0
D,2014-05-21,0.0350,0.0350,0.0300,0.0300,10270,0
D,2014-05-20,0.0200,0.0350,0.0200,0.0350,25858,0
D,2014-05-19,0.0200,0.0200,0.0200,0.0200,0,0
D,2014-05-16,0.0200,0.0200,0.0200,0.0200,650,0
D,2014-05-15,0.0200,0.0200,0.0200,0.0200,0,0
D,2014-05-14,0.0200,0.0200,0.0200,0.0200,500,0
D,2014-05-12,0.0200,0.0200,0.0200,0.0200,150,0
D,2014-05-09,0.0200,0.0200,0.0200,0.0200,0,0
D,2014-05-08,0.0200,0.0200,0.0200,0.0200,0,0
D,2014-05-07,0.0200,0.0200,0.0200,0.0200,0,0
D,2014-05-06,0.0200,0.0200,0.0200,0.0200,0,0
D,2014-05-05,0.0200,0.0200,0.0200,0.0200,0,0
D,2014-05-02,0.0200,0.0200,0.0200,0.0200,250,0
D,2014-04-30,0.0200,0.0200,0.0200,0.0200,0,0
D,2014-04-29,0.0200,0.0200,0.0200,0.0200,600,0
D,2014-04-28,0.0200,0.0200,0.0200,0.0200,2000,0
D,2014-04-25,0.0250,0.0250,0.0250,0.0250,0,0
D,2014-04-24,0.0250,0.0250,0.0250,0.0250,0,0
D,2014-04-23,0.0250,0.0250,0.0250,0.0250,0,0
D,2014-04-22,0.0250,0.0250,0.0250,0.0250,100,0
D,2014-04-21,0.0250,0.0250,0.0250,0.0250,500,0
D,2014-04-18,0.0200,0.0250,0.0200,0.0250,1301,0
D,2014-04-17,0.0250,0.0250,0.0250,0.0250,0,0
D,2014-04-16,0.0250,0.0250,0.0250,0.0250,0,0
D,2014-04-15,0.0250,0.0250,0.0250,0.0250,200,0
D,2014-04-14,0.0250,0.0250,0.0250,0.0250,400,0
D,2014-04-11,0.0250,0.0250,0.0250,0.0250,0,0
D,2014-04-10,0.0250,0.0250,0.0250,0.0250,0,0
D,2014-04-09,0.0200,0.0250,0.0200,0.0250,470,0
D,2014-04-08,0.0250,0.0250,0.0250,0.0250,0,0
D,2014-04-07,0.0250,0.0250,0.0250,0.0250,2000,0
D,2014-04-04,0.0250,0.0250,0.0250,0.0250,0,0
D,2014-04-03,0.0250,0.0250,0.0250,0.0250,0,0
D,2014-04-02,0.0250,0.0250,0.0250,0.0250,1000,0
D,2014-04-01,0.0250,0.0300,0.0250,0.0250,4500,0
D,2014-03-31,0.0300,0.0300,0.0300,0.0300,0,0
D,2014-03-28,0.0300,0.0300,0.0300,0.0300,2650,0
D,2014-03-27,0.0250,0.0400,0.0250,0.0300,11374,0
D,2014-03-26,0.0250,0.0250,0.0250,0.0250,0,0
D,2014-03-25,0.0200,0.0250,0.0200,0.0250,501,0
D,2014-03-24,0.0200,0.0200,0.0200,0.0200,0,0
D,2014-03-21,0.0200,0.0200,0.0200,0.0200,0,0
D,2014-03-20,0.0250,0.0250,0.0200,0.0200,4750,0
D,2014-03-19,0.0250,0.0250,0.0250,0.0250,5000,0
D,2014-03-18,0.0300,0.0300,0.0300,0.0300,0,0
D,2014-03-17,0.0300,0.0300,0.0250,0.0300,2120,0
D,2014-03-14,0.0300,0.0300,0.0300,0.0300,0,0
D,2014-03-13,0.0300,0.0300,0.0300,0.0300,230,0
D,2014-03-12,0.0300,0.0300,0.0300,0.0300,492,0
D,2014-03-11,0.0350,0.0350,0.0350,0.0350,0,0
D,2014-03-10,0.0350,0.0350,0.0350,0.0350,1500,0
D,2014-03-07,0.0350,0.0350,0.0350,0.0350,2580,0
D,2014-03-06,0.0350,0.0350,0.0350,0.0350,4050,0
D,2014-03-05,0.0350,0.0350,0.0350,0.0350,216,0
D,2014-03-04,0.0400,0.0400,0.0400,0.0400,0,0
D,2014-03-03,0.0400,0.0400,0.0400,0.0400,0,0
D,2014-02-28,0.0350,0.0400,0.0350,0.0400,4700,0
D,2014-02-27,0.0450,0.0450,0.0400,0.0400,5700,0
D,2014-02-26,0.0600,0.0600,0.0450,0.0500,9599,0
D,2014-02-25,0.0650,0.0650,0.0650,0.0650,0,0
D,2014-02-24,0.0650,0.0650,0.0650,0.0650,0,0
D,2014-02-21,0.0650,0.0650,0.0650,0.0650,0,0
D,2014-02-20,0.0650,0.0650,0.0650,0.0650,750,0
D,2014-02-19,0.0700,0.0700,0.0700,0.0700,0,0
D,2014-02-18,0.0700,0.0700,0.0700,0.0700,2500,0
D,2014-02-17,0.0650,0.0650,0.0650,0.0650,1000,0
D,2014-02-14,0.0650,0.0650,0.0650,0.0650,1780,0
D,2014-02-13,0.0700,0.0700,0.0700,0.0700,0,0
D,2014-02-12,0.0750,0.0750,0.0700,0.0700,5100,0
D,2014-02-11,0.0750,0.0750,0.0750,0.0750,0,0
D,2014-02-10,0.0750,0.0750,0.0750,0.0750,100,0
D,2014-02-07,0.0750,0.0750,0.0750,0.0750,70,0
D,2014-02-06,0.0750,0.0750,0.0750,0.0750,5400,0
D,2014-02-05,0.0700,0.0700,0.0700,0.0700,0,0
D,2014-02-04,0.0700,0.0700,0.0700,0.0700,500,0
D,2014-01-30,0.0750,0.0750,0.0750,0.0750,0,0
D,2014-01-29,0.0750,0.0750,0.0750,0.0750,70,0
D,2014-01-28,0.0750,0.0750,0.0750,0.0750,0,0
D,2014-01-27,0.0800,0.0800,0.0750,0.0750,600,0
D,2014-01-24,0.0800,0.0800,0.0800,0.0800,0,0
D,2014-01-23,0.0800,0.0800,0.0800,0.0800,600,0
D,2014-01-22,0.0800,0.0800,0.0800,0.0800,900,0
D,2014-01-21,0.0800,0.0800,0.0800,0.0800,350,0
D,2014-01-20,0.0800,0.0800,0.0800,0.0800,300,0
D,2014-01-16,0.0800,0.0800,0.0800,0.0800,1600,0
D,2014-01-15,0.0850,0.0850,0.0850,0.0850,100,0
D,2014-01-13,0.0850,0.0850,0.0850,0.0850,500,0
D,2014-01-10,0.0850,0.0850,0.0850,0.0850,1500,0
D,2014-01-09,0.0850,0.0850,0.0850,0.0850,300,0
D,2014-01-08,0.1000,0.1000,0.1000,0.1000,0,0
D,2014-01-07,0.1000,0.1000,0.1000,0.1000,0,0
D,2014-01-06,0.1000,0.1000,0.1000,0.1000,0,0
D,2014-01-03,0.1000,0.1000,0.1000,0.1000,550,0
D,2014-01-02,0.0850,0.0850,0.0850,0.0850,0,0
D,2013-12-31,0.0850,0.0850,0.0850,0.0850,0,0
D,2013-12-30,0.0850,0.0850,0.0850,0.0850,0,0
D,2013-12-27,0.0850,0.0850,0.0850,0.0850,0,0
D,2013-12-26,0.0850,0.0850,0.0850,0.0850,300,0
D,2013-12-24,0.0850,0.0850,0.0850,0.0850,400,0
D,2013-12-23,0.1500,0.1500,0.1500,0.1500,0,0
D,2013-12-20,0.1500,0.1500,0.1500,0.1500,0,0
D,2013-12-19,0.1500,0.1500,0.1500,0.1500,0,0
D,2013-12-18,0.1500,0.1500,0.1500,0.1500,0,0
