D,2014-08-01,0.0050,0.0050,0.0050,0.0050,0,0
D,2014-07-31,0.0050,0.0050,0.0050,0.0050,0,0
D,2014-07-30,0.0050,0.0050,0.0050,0.0050,0,0
D,2014-07-25,0.0050,0.0050,0.0050,0.0050,0,0
D,2014-07-24,0.0050,0.0050,0.0050,0.0050,0,0
D,2014-07-23,0.0050,0.0050,0.0050,0.0050,0,0
D,2014-07-22,0.0050,0.0050,0.0050,0.0050,0,0
D,2014-07-21,0.0050,0.0050,0.0050,0.0050,0,0
D,2014-07-18,0.0050,0.0050,0.0050,0.0050,0,0
D,2014-07-17,0.0050,0.0050,0.0050,0.0050,0,0
D,2014-07-16,0.0050,0.0050,0.0050,0.0050,0,0
D,2014-07-14,0.0050,0.0050,0.0050,0.0050,0,0
D,2014-07-11,0.0050,0.0050,0.0050,0.0050,0,0
D,2014-07-10,0.0050,0.0050,0.0050,0.0050,0,0
D,2014-07-09,0.0050,0.0050,0.0050,0.0050,0,0
D,2014-07-08,0.0050,0.0050,0.0050,0.0050,0,0
D,2014-07-07,0.0050,0.0050,0.0050,0.0050,0,0
D,2014-07-04,0.0050,0.0050,0.0050,0.0050,0,0
D,2014-07-03,0.0050,0.0050,0.0050,0.0050,0,0
D,2014-07-02,0.0050,0.0050,0.0050,0.0050,0,0
D,2014-07-01,0.0050,0.0050,0.0050,0.0050,0,0
D,2014-06-30,0.0050,0.0050,0.0050,0.0050,0,0
D,2014-06-27,0.0050,0.0050,0.0050,0.0050,0,0
D,2014-06-26,0.0050,0.0050,0.0050,0.0050,0,0
D,2014-06-25,0.0050,0.0050,0.0050,0.0050,0,0
D,2014-06-24,0.0050,0.0050,0.0050,0.0050,0,0
D,2014-06-23,0.0050,0.0050,0.0050,0.0050,0,0
D,2014-06-20,0.0050,0.0050,0.0050,0.0050,0,0
D,2014-06-19,0.0050,0.0050,0.0050,0.0050,0,0
D,2014-06-18,0.0050,0.0050,0.0050,0.0050,0,0
D,2014-06-17,0.0050,0.0050,0.0050,0.0050,0,0
D,2014-06-16,0.0050,0.0050,0.0050,0.0050,0,0
D,2014-06-13,0.0050,0.0050,0.0050,0.0050,0,0
D,2014-06-12,0.0050,0.0050,0.0050,0.0050,0,0
D,2014-06-11,0.0050,0.0050,0.0050,0.0050,0,0
D,2014-06-10,0.0050,0.0050,0.0050,0.0050,0,0
D,2014-06-09,0.0050,0.0050,0.0050,0.0050,0,0
D,2014-06-06,0.0050,0.0050,0.0050,0.0050,0,0
D,2014-06-05,0.0050,0.0050,0.0050,0.0050,0,0
D,2014-06-04,0.0050,0.0050,0.0050,0.0050,0,0
D,2014-06-03,0.0050,0.0050,0.0050,0.0050,0,0
D,2014-06-02,0.0050,0.0050,0.0050,0.0050,0,0
D,2014-05-30,0.0050,0.0050,0.0050,0.0050,0,0
D,2014-05-29,0.0050,0.0050,0.0050,0.0050,0,0
D,2014-05-28,0.0050,0.0050,0.0050,0.0050,0,0
D,2014-05-27,0.0050,0.0050,0.0050,0.0050,0,0
D,2014-05-26,0.0050,0.0050,0.0050,0.0050,0,0
D,2014-05-23,0.0050,0.0050,0.0050,0.0050,0,0
D,2014-05-22,0.0100,0.0100,0.0050,0.0050,580,0
D,2014-05-21,0.0050,0.0050,0.0050,0.0050,0,0
D,2014-05-20,0.0050,0.0050,0.0050,0.0050,0,0
D,2014-05-19,0.0050,0.0050,0.0050,0.0050,0,0
D,2014-05-16,0.0050,0.0050,0.0050,0.0050,0,0
D,2014-05-15,0.0050,0.0050,0.0050,0.0050,0,0
D,2014-05-14,0.0050,0.0050,0.0050,0.0050,0,0
D,2014-05-12,0.0050,0.0050,0.0050,0.0050,0,0
D,2014-05-09,0.0050,0.0050,0.0050,0.0050,0,0
D,2014-05-08,0.0050,0.0050,0.0050,0.0050,0,0
D,2014-05-07,0.0050,0.0050,0.0050,0.0050,0,0
D,2014-05-06,0.0050,0.0050,0.0050,0.0050,0,0
D,2014-05-05,0.0050,0.0050,0.0050,0.0050,0,0
D,2014-05-02,0.0050,0.0050,0.0050,0.0050,0,0
D,2014-04-30,0.0050,0.0050,0.0050,0.0050,0,0
D,2014-04-29,0.0050,0.0050,0.0050,0.0050,0,0
D,2014-04-28,0.0050,0.0050,0.0050,0.0050,0,0
D,2014-04-25,0.0050,0.0050,0.0050,0.0050,0,0
D,2014-04-24,0.0050,0.0050,0.0050,0.0050,0,0
D,2014-04-23,0.0050,0.0050,0.0050,0.0050,0,0
D,2014-04-22,0.0050,0.0050,0.0050,0.0050,0,0
D,2014-04-21,0.0050,0.0050,0.0050,0.0050,0,0
D,2014-04-18,0.0050,0.0050,0.0050,0.0050,0,0
D,2014-04-17,0.0050,0.0050,0.0050,0.0050,0,0
D,2014-04-16,0.0050,0.0050,0.0050,0.0050,0,0
D,2014-04-15,0.0050,0.0050,0.0050,0.0050,0,0
D,2014-04-14,0.0050,0.0050,0.0050,0.0050,0,0
D,2014-04-11,0.0050,0.0050,0.0050,0.0050,0,0
D,2014-04-10,0.0050,0.0050,0.0050,0.0050,0,0
D,2014-04-09,0.0050,0.0050,0.0050,0.0050,0,0
D,2014-04-08,0.0050,0.0050,0.0050,0.0050,0,0
D,2014-04-07,0.0050,0.0050,0.0050,0.0050,0,0
D,2014-04-04,0.0050,0.0050,0.0050,0.0050,0,0
D,2014-04-03,0.0050,0.0050,0.0050,0.0050,0,0
D,2014-04-02,0.0050,0.0050,0.0050,0.0050,0,0
D,2014-04-01,0.0050,0.0050,0.0050,0.0050,400,0
D,2014-03-31,0.0050,0.0050,0.0050,0.0050,0,0
D,2014-03-28,0.0050,0.0050,0.0050,0.0050,90,0
D,2014-03-27,0.0050,0.0100,0.0050,0.0100,6502,0
D,2014-03-26,0.0050,0.0050,0.0050,0.0050,0,0
D,2014-03-25,0.0050,0.0050,0.0050,0.0050,0,0
D,2014-03-24,0.0050,0.0050,0.0050,0.0050,0,0
D,2014-03-21,0.0050,0.0050,0.0050,0.0050,300,0
D,2014-03-20,0.0050,0.0050,0.0050,0.0050,1000,0
D,2014-03-19,0.0050,0.0050,0.0050,0.0050,0,0
D,2014-03-18,0.0050,0.0100,0.0050,0.0050,10401,0
D,2014-03-17,0.0100,0.0100,0.0100,0.0100,0,0
D,2014-03-14,0.0100,0.0100,0.0100,0.0100,0,0
D,2014-03-13,0.0100,0.0100,0.0100,0.0100,0,0
D,2014-03-12,0.0100,0.0100,0.0100,0.0100,0,0
D,2014-03-11,0.0100,0.0100,0.0100,0.0100,0,0
D,2014-03-10,0.0100,0.0100,0.0100,0.0100,0,0
D,2014-03-07,0.0100,0.0100,0.0100,0.0100,0,0
D,2014-03-06,0.0100,0.0100,0.0100,0.0100,0,0
D,2014-03-05,0.0100,0.0100,0.0100,0.0100,100,0
D,2014-03-04,0.0100,0.0100,0.0100,0.0100,0,0
D,2014-03-03,0.0100,0.0100,0.0100,0.0100,0,0
D,2014-02-28,0.0100,0.0100,0.0100,0.0100,4500,0
D,2014-02-27,0.0100,0.0100,0.0100,0.0100,4100,0
D,2014-02-26,0.0100,0.0150,0.0100,0.0150,18493,0
D,2014-02-25,0.0150,0.0150,0.0150,0.0150,0,0
D,2014-02-24,0.0150,0.0150,0.0150,0.0150,3300,0
D,2014-02-21,0.0150,0.0150,0.0150,0.0150,220,0
D,2014-02-20,0.0200,0.0200,0.0150,0.0150,3300,0
D,2014-02-19,0.0150,0.0150,0.0150,0.0150,1001,0
D,2014-02-18,0.0150,0.0150,0.0150,0.0150,2000,0
D,2014-02-17,0.0200,0.0200,0.0200,0.0200,0,0
D,2014-02-14,0.0150,0.0200,0.0150,0.0200,9202,0
D,2014-02-13,0.0200,0.0200,0.0200,0.0200,1000,0
D,2014-02-12,0.0200,0.0200,0.0200,0.0200,2800,0
D,2014-02-11,0.0250,0.0250,0.0250,0.0250,0,0
D,2014-02-10,0.0250,0.0250,0.0250,0.0250,0,0
D,2014-02-07,0.0250,0.0300,0.0250,0.0250,2550,0
D,2014-02-06,0.0150,0.0250,0.0150,0.0250,7600,0
D,2014-02-05,0.0200,0.0200,0.0200,0.0200,0,0
D,2014-02-04,0.0200,0.0200,0.0200,0.0200,2550,0
D,2014-01-30,0.0200,0.0200,0.0200,0.0200,1500,0
D,2014-01-29,0.0200,0.0200,0.0200,0.0200,2000,0
D,2014-01-28,0.0200,0.0200,0.0200,0.0200,1000,0
D,2014-01-27,0.0200,0.0200,0.0200,0.0200,5113,0
D,2014-01-24,0.0250,0.0250,0.0250,0.0250,500,0
D,2014-01-23,0.0300,0.0300,0.0300,0.0300,0,0
D,2014-01-22,0.0200,0.0300,0.0200,0.0300,2701,0
D,2014-01-21,0.0250,0.0250,0.0250,0.0250,7766,0
D,2014-01-20,0.0250,0.0250,0.0250,0.0250,2993,0
D,2014-01-16,0.0250,0.0250,0.0250,0.0250,4250,0
D,2014-01-15,0.0300,0.0300,0.0250,0.0300,1360,0
D,2014-01-13,0.0300,0.0300,0.0300,0.0300,3344,0
D,2014-01-10,0.0300,0.0350,0.0300,0.0350,13550,0
D,2014-01-09,0.0300,0.0350,0.0300,0.0350,14794,0
D,2014-01-08,0.0350,0.0350,0.0300,0.0350,2388,0
D,2014-01-07,0.0350,0.0400,0.0350,0.0400,13554,0
D,2014-01-06,0.0400,0.0400,0.0350,0.0350,20009,0
D,2014-01-03,0.0350,0.0400,0.0350,0.0350,6012,0
D,2014-01-02,0.0300,0.0350,0.0300,0.0350,5811,0
D,2013-12-31,0.0300,0.0300,0.0300,0.0300,3166,0
D,2013-12-30,0.0300,0.0300,0.0300,0.0300,2700,0
D,2013-12-27,0.0350,0.0350,0.0350,0.0350,4400,0
D,2013-12-26,0.0350,0.0350,0.0350,0.0350,1200,0
D,2013-12-24,0.0350,0.0350,0.0350,0.0350,2500,0
D,2013-12-23,0.0350,0.0350,0.0350,0.0350,5300,0
D,2013-12-20,0.0350,0.0350,0.0350,0.0350,3300,0
D,2013-12-19,0.0350,0.0350,0.0350,0.0350,3200,0
D,2013-12-18,0.0350,0.0350,0.0350,0.0350,5700,0
D,2013-12-17,0.0400,0.0400,0.0350,0.0350,1320,0
D,2013-12-16,0.0350,0.0350,0.0350,0.0350,300,0
D,2013-12-13,0.0350,0.0350,0.0350,0.0350,0,0
D,2013-12-12,0.0350,0.0350,0.0350,0.0350,3300,0
D,2013-12-11,0.0400,0.0400,0.0400,0.0400,6500,0
D,2013-12-10,0.0400,0.0400,0.0400,0.0400,500,0
D,2013-12-09,0.0400,0.0400,0.0400,0.0400,0,0
D,2013-12-06,0.0400,0.0400,0.0400,0.0400,500,0
D,2013-12-05,0.0400,0.0400,0.0400,0.0400,2000,0
D,2013-12-04,0.0450,0.0450,0.0450,0.0450,1000,0
D,2013-12-03,0.0500,0.0500,0.0500,0.0500,0,0
D,2013-12-02,0.0500,0.0500,0.0500,0.0500,0,0
D,2013-11-29,0.0500,0.0500,0.0500,0.0500,0,0
D,2013-11-28,0.0500,0.0500,0.0500,0.0500,0,0
D,2013-11-27,0.0500,0.0500,0.0500,0.0500,0,0
D,2013-11-26,0.0500,0.0500,0.0500,0.0500,0,0
D,2013-11-25,0.0500,0.0500,0.0500,0.0500,1010,0
D,2013-11-22,0.0500,0.0500,0.0500,0.0500,0,0
D,2013-11-21,0.0500,0.0500,0.0500,0.0500,1000,0
D,2013-11-20,0.0500,0.0500,0.0500,0.0500,1500,0
D,2013-11-19,0.0550,0.0550,0.0500,0.0500,10000,0
D,2013-11-18,0.0550,0.0550,0.0550,0.0550,2530,0
D,2013-11-15,0.0550,0.0550,0.0550,0.0550,2001,0
D,2013-11-14,0.0650,0.0650,0.0550,0.0550,3340,0
D,2013-11-13,0.0550,0.0550,0.0550,0.0550,400,0
D,2013-11-12,0.0650,0.0650,0.0600,0.0600,1060,0
D,2013-11-11,0.0600,0.0650,0.0600,0.0650,4401,0
D,2013-11-08,0.0550,0.0550,0.0550,0.0550,600,0
D,2013-11-07,0.0600,0.0600,0.0600,0.0600,260,0
D,2013-11-06,0.0600,0.0600,0.0600,0.0600,3810,0
D,2013-11-04,0.0600,0.0600,0.0600,0.0600,1500,0
D,2013-11-01,0.0600,0.0600,0.0600,0.0600,500,0
D,2013-10-31,0.0600,0.0600,0.0600,0.0600,1700,0
D,2013-10-30,0.0600,0.0600,0.0600,0.0600,0,0
D,2013-10-29,0.0600,0.0600,0.0600,0.0600,4000,0
D,2013-10-28,0.0650,0.0650,0.0650,0.0650,800,0
D,2013-10-25,0.0700,0.0700,0.0700,0.0700,1500,0
D,2013-10-24,0.0700,0.0700,0.0650,0.0650,3300,0
D,2013-10-23,0.0700,0.0700,0.0700,0.0700,3000,0
D,2013-10-22,0.0750,0.0750,0.0750,0.0750,1320,0
D,2013-10-21,0.0800,0.0850,0.0750,0.0750,12135,0
D,2013-10-18,0.0750,0.0850,0.0700,0.0750,21630,0
D,2013-10-17,0.0700,0.0700,0.0700,0.0700,9500,0
D,2013-10-16,0.0700,0.0700,0.0700,0.0700,1300,0
D,2013-10-14,0.0700,0.0700,0.0700,0.0700,500,0
D,2013-10-11,0.0750,0.0750,0.0750,0.0750,10,0
D,2013-10-10,0.0700,0.0750,0.0650,0.0700,7020,0
D,2013-10-09,0.0650,0.0700,0.0650,0.0700,12800,0
D,2013-10-08,0.0700,0.0700,0.0700,0.0700,0,0
D,2013-10-07,0.0700,0.0700,0.0700,0.0700,10500,0
D,2013-10-04,0.0700,0.0700,0.0700,0.0700,2500,0
D,2013-10-03,0.0700,0.0700,0.0700,0.0700,130,0
D,2013-10-02,0.0750,0.0750,0.0750,0.0750,2000,0
D,2013-10-01,0.0700,0.0700,0.0700,0.0700,100,0
D,2013-09-30,0.0750,0.0750,0.0750,0.0750,2500,0
D,2013-09-27,0.0750,0.0750,0.0750,0.0750,0,0
D,2013-09-26,0.0750,0.0750,0.0750,0.0750,2500,0
D,2013-09-25,0.0800,0.0800,0.0750,0.0750,8500,0
D,2013-09-24,0.0750,0.0750,0.0750,0.0750,1300,0
D,2013-09-23,0.0800,0.0850,0.0800,0.0850,630,0
D,2013-09-20,0.0800,0.0850,0.0800,0.0800,4905,0
D,2013-09-19,0.0700,0.0850,0.0700,0.0800,5520,0
D,2013-09-18,0.0650,0.0650,0.0650,0.0650,2880,0
D,2013-09-17,0.0700,0.0700,0.0650,0.0650,4220,0
D,2013-09-13,0.0700,0.0700,0.0700,0.0700,1200,0
D,2013-09-12,0.0700,0.0700,0.0700,0.0700,500,0
D,2013-09-11,0.0750,0.0750,0.0650,0.0650,7760,0
D,2013-09-10,0.0550,0.0700,0.0550,0.0700,11960,0
D,2013-09-09,0.0550,0.0550,0.0550,0.0550,3000,0
D,2013-09-06,0.0550,0.0550,0.0550,0.0550,1000,0
D,2013-09-05,0.0550,0.0550,0.0550,0.0550,1894,0
D,2013-09-04,0.0500,0.0500,0.0500,0.0500,1700,0
D,2013-09-03,0.0550,0.0550,0.0500,0.0500,2950,0
D,2013-09-02,0.0500,0.0500,0.0500,0.0500,1798,0
D,2013-08-30,0.0600,0.0600,0.0500,0.0500,6498,0
D,2013-08-29,0.0500,0.0600,0.0500,0.0600,13463,0
D,2013-08-28,0.0450,0.0500,0.0450,0.0500,9100,0
D,2013-08-27,0.0700,0.0700,0.0600,0.0600,1890,0
D,2013-08-26,0.0800,0.0800,0.0700,0.0700,8990,0
D,2013-08-23,0.0900,0.0900,0.0800,0.0850,4201,0
D,2013-08-22,0.0900,0.0900,0.0900,0.0900,0,0
D,2013-08-21,0.0900,0.0900,0.0900,0.0900,0,0
D,2013-08-20,0.0950,0.0950,0.0850,0.0900,3996,0
D,2013-08-19,0.1000,0.1000,0.1000,0.1000,1400,0
D,2013-08-16,0.1050,0.1050,0.1050,0.1050,1500,0
D,2013-08-15,0.1000,0.1050,0.1000,0.1000,2600,0
D,2013-08-14,0.0950,0.0950,0.0950,0.0950,2000,0
D,2013-08-13,0.0950,0.0950,0.0950,0.0950,0,0
D,2013-08-12,0.1000,0.1000,0.0950,0.0950,3796,0
D,2013-08-07,0.1000,0.1000,0.1000,0.1000,1300,0
D,2013-08-06,0.1050,0.1050,0.1000,0.1000,6373,0
D,2013-08-05,0.1050,0.1150,0.1050,0.1100,10100,0
D,2013-08-02,0.0950,0.0950,0.0950,0.0950,0,0
D,2013-08-01,0.0950,0.0950,0.0950,0.0950,100,0
D,2013-07-31,0.0950,0.0950,0.0950,0.0950,1400,0
D,2013-07-30,0.1000,0.1000,0.0950,0.0950,2160,0
D,2013-07-29,0.1050,0.1050,0.1050,0.1050,300,0
D,2013-07-26,0.1050,0.1050,0.1050,0.1050,1030,0
D,2013-07-25,0.1200,0.1200,0.1150,0.1150,1800,0
D,2013-07-24,0.1200,0.1200,0.1200,0.1200,800,0
D,2013-07-23,0.1500,0.1500,0.1500,0.1500,0,0
