D,2014-10-14,0.0500,0.0550,0.0450,0.0550,14060,0
D,2014-10-13,0.0550,0.0550,0.0500,0.0550,4150,0
D,2014-10-10,0.0500,0.0550,0.0500,0.0550,19369,0
D,2014-10-09,0.0700,0.0700,0.0550,0.0600,15594,0
D,2014-10-08,0.0650,0.0650,0.0550,0.0650,27866,0
D,2014-10-07,0.0750,0.0750,0.0700,0.0700,20960,0
D,2014-10-03,0.0800,0.0800,0.0750,0.0750,12585,0
D,2014-10-02,0.0800,0.0850,0.0750,0.0750,8720,0
D,2014-10-01,0.0900,0.0900,0.0800,0.0850,5692,0
D,2014-09-30,0.0900,0.0900,0.0850,0.0900,1712,0
D,2014-09-29,0.0950,0.0950,0.0900,0.0900,7192,0
D,2014-09-26,0.0900,0.0900,0.0900,0.0900,2000,0
D,2014-09-25,0.0950,0.1050,0.0900,0.0950,9083,0
D,2014-09-24,0.0900,0.0950,0.0850,0.0950,4232,0
D,2014-09-23,0.0900,0.0950,0.0850,0.0950,5142,0
D,2014-09-22,0.0950,0.0950,0.0950,0.0950,3000,0
D,2014-09-19,0.1000,0.1100,0.0950,0.0950,4751,0
D,2014-09-18,0.1000,0.1050,0.0950,0.1050,9571,0
D,2014-09-17,0.1050,0.1050,0.0900,0.1000,13130,0
D,2014-09-15,0.1100,0.1100,0.1050,0.1100,4223,0
D,2014-09-12,0.0950,0.1200,0.0950,0.1200,55763,0
D,2014-09-11,0.0850,0.0950,0.0850,0.0950,40233,0
D,2014-09-10,0.0700,0.0850,0.0700,0.0850,39298,0
D,2014-09-09,0.0700,0.0700,0.0700,0.0700,5000,0
D,2014-09-08,0.0700,0.0750,0.0700,0.0700,4731,0
D,2014-09-05,0.0700,0.0750,0.0700,0.0750,5445,0
D,2014-09-04,0.0700,0.0750,0.0700,0.0750,9659,0
D,2014-09-03,0.0700,0.0750,0.0700,0.0750,10935,0
D,2014-09-02,0.0750,0.0750,0.0700,0.0750,6095,0
D,2014-08-29,0.0750,0.0800,0.0750,0.0800,8661,0
D,2014-08-28,0.0800,0.0800,0.0700,0.0800,19382,0
D,2014-08-27,0.0800,0.0850,0.0800,0.0850,5579,0
D,2014-08-26,0.0800,0.0850,0.0750,0.0850,10917,0
D,2014-08-25,0.0850,0.0850,0.0750,0.0850,20169,0
D,2014-08-22,0.0700,0.0900,0.0700,0.0900,36847,0
D,2014-08-21,0.0750,0.0750,0.0700,0.0750,14790,0
D,2014-08-20,0.0950,0.0950,0.0800,0.0850,44872,0
D,2014-08-19,0.1050,0.1050,0.0950,0.1050,38691,0
D,2014-08-18,0.1150,0.1200,0.1050,0.1100,17595,0
D,2014-08-15,0.1200,0.1200,0.1100,0.1150,17737,0
D,2014-08-14,0.1300,0.1500,0.1200,0.1250,87618,0
D,2014-08-13,0.1000,0.1300,0.1000,0.1300,71844,0
D,2014-08-12,0.1100,0.1100,0.0950,0.1000,15700,0
D,2014-08-11,0.1150,0.1150,0.1000,0.1150,6615,0
D,2014-08-08,0.1100,0.1100,0.1000,0.1050,15982,0
D,2014-08-07,0.1100,0.1250,0.1100,0.1150,46023,0
D,2014-08-06,0.1000,0.1200,0.1000,0.1100,59412,0
D,2014-08-05,0.1000,0.1000,0.0950,0.0950,3542,0
D,2014-08-04,0.0850,0.1050,0.0850,0.1000,36378,0
D,2014-08-01,0.0850,0.0900,0.0850,0.0900,17310,0
D,2014-07-31,0.0900,0.0900,0.0850,0.0900,13908,0
D,2014-07-30,0.0800,0.0950,0.0800,0.0900,7192,0
D,2014-07-25,0.0950,0.0950,0.0850,0.0850,20140,0
D,2014-07-24,0.0950,0.1100,0.0950,0.1000,86786,0
D,2014-07-23,0.0950,0.1000,0.0900,0.0950,50557,0
D,2014-07-22,0.0700,0.0950,0.0700,0.0900,78362,0
D,2014-07-21,0.0700,0.0750,0.0700,0.0750,6254,0
D,2014-07-18,0.0700,0.0750,0.0650,0.0700,14264,0
D,2014-07-17,0.0650,0.0800,0.0650,0.0700,61311,0
D,2014-07-16,0.0650,0.0650,0.0600,0.0600,3111,0
D,2014-07-14,0.0650,0.0650,0.0600,0.0600,7931,0
D,2014-07-11,0.0550,0.0750,0.0550,0.0700,72962,0
D,2014-07-10,0.0550,0.0550,0.0550,0.0550,2490,0
D,2014-07-09,0.0550,0.0550,0.0550,0.0550,4400,0
D,2014-07-08,0.0550,0.0600,0.0550,0.0600,3659,0
D,2014-07-07,0.0550,0.0600,0.0550,0.0600,7971,0
D,2014-07-04,0.0600,0.0600,0.0550,0.0600,3286,0
D,2014-07-03,0.0600,0.0650,0.0600,0.0600,2870,0
D,2014-07-02,0.0600,0.0600,0.0550,0.0600,1632,0
D,2014-07-01,0.0600,0.0650,0.0600,0.0650,853,0
D,2014-06-30,0.0600,0.0650,0.0600,0.0650,3543,0
D,2014-06-27,0.0600,0.0650,0.0600,0.0650,701,0
D,2014-06-26,0.0600,0.0650,0.0600,0.0650,4862,0
D,2014-06-25,0.0650,0.0700,0.0600,0.0650,10668,0
D,2014-06-24,0.0600,0.0700,0.0600,0.0650,21343,0
D,2014-06-23,0.0650,0.0650,0.0600,0.0650,7941,0
D,2014-06-20,0.0650,0.0650,0.0650,0.0650,2776,0
D,2014-06-19,0.0600,0.0700,0.0600,0.0700,4823,0
D,2014-06-18,0.0650,0.0700,0.0600,0.0650,1410,0
D,2014-06-17,0.0650,0.0700,0.0600,0.0650,7600,0
D,2014-06-16,0.0650,0.0650,0.0650,0.0650,3692,0
D,2014-06-13,0.0700,0.0700,0.0650,0.0700,6861,0
D,2014-06-12,0.0700,0.0700,0.0650,0.0700,6970,0
D,2014-06-11,0.0700,0.0750,0.0650,0.0700,5643,0
D,2014-06-10,0.0700,0.0700,0.0650,0.0700,11322,0
D,2014-06-09,0.0750,0.0750,0.0700,0.0750,13322,0
D,2014-06-06,0.0750,0.0850,0.0750,0.0750,36865,0
D,2014-06-05,0.0700,0.0800,0.0700,0.0750,19305,0
D,2014-06-04,0.0750,0.0750,0.0700,0.0750,33556,0
D,2014-06-03,0.0750,0.0800,0.0700,0.0800,27744,0
D,2014-06-02,0.0800,0.0800,0.0750,0.0750,19451,0
D,2014-05-30,0.0900,0.0900,0.0800,0.0850,33086,0
D,2014-05-29,0.0750,0.1000,0.0750,0.0950,108886,0
D,2014-05-28,0.0850,0.0900,0.0750,0.0750,40223,0
D,2014-05-27,0.1000,0.1000,0.0850,0.0850,41920,0
D,2014-05-26,0.1050,0.1100,0.1000,0.1000,18759,0
D,2014-05-23,0.1000,0.1150,0.1000,0.1050,135248,0
D,2014-05-22,0.1350,0.1350,0.1000,0.1100,129150,0
D,2014-05-21,0.1450,0.1800,0.1300,0.1350,243679,0
D,2014-05-20,0.0650,0.1550,0.0650,0.1450,242774,0
D,2014-05-19,0.0600,0.0600,0.0600,0.0600,4350,0
D,2014-05-16,0.0650,0.0650,0.0650,0.0650,4100,0
D,2014-05-15,0.0650,0.0650,0.0650,0.0650,0,0
D,2014-05-14,0.0650,0.0650,0.0650,0.0650,0,0
D,2014-05-12,0.0650,0.0650,0.0650,0.0650,0,0
D,2014-05-09,0.0650,0.0650,0.0650,0.0650,0,0
D,2014-05-08,0.0650,0.0650,0.0650,0.0650,0,0
D,2014-05-07,0.0650,0.0650,0.0650,0.0650,0,0
D,2014-05-06,0.0650,0.0650,0.0650,0.0650,450,0
D,2014-05-05,0.0650,0.0650,0.0650,0.0650,805,0
D,2014-05-02,0.0700,0.0700,0.0700,0.0700,300,0
D,2014-04-30,0.0700,0.0700,0.0700,0.0700,0,0
D,2014-04-29,0.0700,0.0700,0.0700,0.0700,0,0
D,2014-04-28,0.0700,0.0700,0.0700,0.0700,145,0
D,2014-04-25,0.0700,0.0700,0.0700,0.0700,400,0
D,2014-04-24,0.0800,0.0800,0.0800,0.0800,0,0
D,2014-04-23,0.0800,0.0800,0.0800,0.0800,1220,0
D,2014-04-22,0.0750,0.0750,0.0750,0.0750,0,0
D,2014-04-21,0.0750,0.0750,0.0750,0.0750,0,0
D,2014-04-18,0.0750,0.0750,0.0750,0.0750,0,0
D,2014-04-17,0.0750,0.0750,0.0750,0.0750,150,0
D,2014-04-16,0.0800,0.0800,0.0800,0.0800,0,0
D,2014-04-15,0.0800,0.0800,0.0800,0.0800,150,0
D,2014-04-14,0.0850,0.0850,0.0850,0.0850,1000,0
D,2014-04-11,0.0800,0.0800,0.0800,0.0800,390,0
D,2014-04-10,0.0900,0.0900,0.0900,0.0900,0,0
D,2014-04-09,0.0900,0.0900,0.0900,0.0900,0,0
D,2014-04-08,0.0900,0.0900,0.0900,0.0900,0,0
D,2014-04-07,0.0900,0.0900,0.0900,0.0900,0,0
D,2014-04-04,0.0900,0.0900,0.0900,0.0900,985,0
D,2014-04-03,0.0950,0.0950,0.0850,0.0850,1720,0
D,2014-04-02,0.0950,0.0950,0.0950,0.0950,0,0
D,2014-04-01,0.0950,0.0950,0.0900,0.0950,1551,0
D,2014-03-31,0.1050,0.1050,0.1050,0.1050,100,0
D,2014-03-28,0.1050,0.1050,0.1050,0.1050,365,0
D,2014-03-27,0.1200,0.1200,0.1150,0.1150,996,0
