D,2014-10-14,3.6300,3.6300,3.6200,3.6200,46,0
D,2014-10-13,3.7000,3.7000,3.6500,3.6500,138,0
D,2014-10-10,3.7500,3.7500,3.7400,3.7400,120,0
D,2014-10-09,3.7500,3.7500,3.7500,3.7500,2,0
D,2014-10-08,3.7400,3.7500,3.7400,3.7500,212,0
D,2014-10-07,3.7600,3.7800,3.7600,3.7800,31,0
D,2014-10-03,3.8600,3.8600,3.8600,3.8600,0,0
D,2014-10-02,3.8600,3.8600,3.8600,3.8600,0,0
D,2014-10-01,3.8600,3.8600,3.8600,3.8600,0,0
D,2014-09-30,3.8800,3.8800,3.8600,3.8600,40,0
D,2014-09-29,3.8800,3.8800,3.8800,3.8800,70,0
D,2014-09-26,3.8800,3.8800,3.8800,3.8800,20,0
D,2014-09-25,3.9000,3.9000,3.9000,3.9000,28,0
D,2014-09-24,3.9000,3.9000,3.9000,3.9000,16,0
D,2014-09-23,3.7900,3.7900,3.7900,3.7900,0,0
D,2014-09-22,3.7900,3.7900,3.7900,3.7900,0,0
D,2014-09-19,3.7900,3.7900,3.7900,3.7900,25,0
D,2014-09-18,3.8000,3.8000,3.8000,3.8000,40,0
D,2014-09-17,3.8000,3.8000,3.8000,3.8000,100,0
D,2014-09-15,3.8000,3.8100,3.8000,3.8000,70,0
D,2014-09-12,3.8000,3.8100,3.7800,3.7800,185,0
D,2014-09-11,3.7800,3.7800,3.7800,3.7800,0,0
D,2014-09-10,3.8700,3.8700,3.7800,3.7800,135,0
D,2014-09-09,3.8600,3.8600,3.8600,3.8600,0,0
D,2014-09-08,3.8600,3.8600,3.8600,3.8600,0,0
D,2014-09-05,3.8700,3.8700,3.8500,3.8600,245,0
D,2014-09-04,3.8300,3.8400,3.8300,3.8400,130,0
D,2014-09-03,3.8200,3.9000,3.8200,3.8200,55,0
D,2014-09-02,3.7600,3.8000,3.7500,3.7900,60,0
D,2014-08-29,3.7600,3.7700,3.7600,3.7700,19,0
D,2014-08-28,3.8200,3.8200,3.8000,3.8200,150,0
D,2014-08-27,3.8000,3.8000,3.8000,3.8000,0,0
D,2014-08-26,3.8000,3.8000,3.8000,3.8000,1118,0
D,2014-08-25,3.7800,3.7800,3.7800,3.7800,50,0
D,2014-08-22,3.7900,3.7900,3.7900,3.7900,382,0
D,2014-08-21,3.7900,3.7900,3.7900,3.7900,13,0
D,2014-08-20,3.8500,3.8500,3.8500,3.8500,0,0
D,2014-08-19,3.8500,3.8500,3.8500,3.8500,0,0
D,2014-08-18,3.8500,3.8500,3.8500,3.8500,0,0
D,2014-08-15,3.9000,3.9000,3.8500,3.8500,65,0
D,2014-08-14,3.8500,3.8500,3.8500,3.8500,0,0
D,2014-08-13,3.8500,3.8500,3.8500,3.8500,0,0
D,2014-08-12,3.8500,3.8500,3.8500,3.8500,10,0
D,2014-08-11,3.8900,3.9400,3.8900,3.9400,1043,0
D,2014-08-08,3.8900,3.8900,3.8800,3.8800,78,0
D,2014-08-07,3.9200,3.9400,3.9200,3.9300,91,0
D,2014-08-06,3.9000,3.9200,3.9000,3.9200,65,0
D,2014-08-05,3.8900,3.9200,3.8900,3.9200,116,0
D,2014-08-04,3.8600,3.8800,3.8600,3.8800,240,0
D,2014-08-01,3.8800,3.8800,3.8600,3.8600,529,0
D,2014-07-31,3.8500,3.8800,3.8500,3.8700,188,0
D,2014-07-30,3.8500,3.8500,3.8300,3.8500,63,0
D,2014-07-25,3.8300,3.8300,3.8300,3.8300,353,0
D,2014-07-24,3.8300,3.8300,3.8300,3.8300,0,0
D,2014-07-23,3.8300,3.8300,3.8300,3.8300,50,0
D,2014-07-22,3.8300,3.8300,3.7500,3.7500,21,0
D,2014-07-21,3.7500,3.8500,3.7500,3.8400,321,0
D,2014-07-18,3.7000,3.7600,3.7000,3.7600,361,0
D,2014-07-17,3.7500,3.7500,3.7500,3.7500,195,0
D,2014-07-16,3.8200,3.8200,3.7500,3.7500,136,0
D,2014-07-14,3.8500,3.8500,3.8500,3.8500,10,0
D,2014-07-11,3.7000,3.7300,3.7000,3.7300,111,0
D,2014-07-10,3.7000,3.7200,3.7000,3.7100,937,0
D,2014-07-09,3.7000,3.7000,3.7000,3.7000,251,0
D,2014-07-08,3.7100,3.7100,3.6500,3.7000,205,0
D,2014-07-07,3.7500,3.7500,3.6800,3.6800,125,0
D,2014-07-04,3.7900,3.7900,3.7000,3.7000,146,0
D,2014-07-03,3.7800,3.7800,3.7800,3.7800,0,0
D,2014-07-02,3.7800,3.7800,3.7800,3.7800,0,0
D,2014-07-01,3.8000,3.8000,3.7800,3.7800,50,0
D,2014-06-30,3.8100,3.8100,3.8000,3.8000,55,0
D,2014-06-27,3.8100,3.8300,3.8100,3.8100,160,0
D,2014-06-26,3.8200,3.8200,3.8000,3.8000,60,0
D,2014-06-25,3.8100,3.9500,3.8000,3.9500,62,0
D,2014-06-24,3.8000,3.8100,3.8000,3.8100,30,0
D,2014-06-23,3.8000,3.8100,3.8000,3.8100,255,0
D,2014-06-20,3.9800,3.9800,3.8200,3.8400,430,0
D,2014-06-20,3.9800,3.9800,3.8200,3.8400,430,0
D,2014-06-19,4.8000,4.8300,4.7800,4.7800,290,0
D,2014-06-18,4.8600,4.8800,4.8000,4.8000,182,0
D,2014-06-17,4.8800,4.8800,4.8000,4.8800,32,0
D,2014-06-16,4.8800,4.8800,4.8800,4.8800,10,0
D,2014-06-13,4.9000,4.9000,4.9000,4.9000,0,0
D,2014-06-12,4.9000,4.9000,4.9000,4.9000,20,0
D,2014-06-11,4.7600,4.9000,4.7500,4.9000,110,0
D,2014-06-10,4.7500,4.7500,4.7500,4.7500,264,0
D,2014-06-09,4.8500,4.8500,4.7600,4.7600,37,0
D,2014-06-06,4.7600,4.7600,4.7600,4.7600,0,0
D,2014-06-05,4.7500,4.9000,4.7500,4.7600,239,0
D,2014-06-04,4.8000,4.8000,4.8000,4.8000,60,0
D,2014-06-03,4.8200,4.8200,4.8200,4.8200,0,0
D,2014-06-02,4.8000,4.8200,4.8000,4.8200,110,0
D,2014-05-30,4.9000,4.9000,4.8000,4.8000,34,0
D,2014-05-29,4.7400,4.8000,4.7400,4.8000,96,0
D,2014-05-28,4.7500,4.7500,4.7500,4.7500,20,0
D,2014-05-27,4.8000,4.8000,4.8000,4.8000,110,0
D,2014-05-26,4.7000,4.8000,4.7000,4.8000,201,0
D,2014-05-23,4.7400,4.7400,4.7200,4.7200,20,0
D,2014-05-22,4.7900,4.8000,4.7800,4.8000,247,0
D,2014-05-21,4.8000,4.8000,4.8000,4.8000,3,0
D,2014-05-20,4.7000,4.7000,4.7000,4.7000,10,0
D,2014-05-19,4.7000,4.8000,4.7000,4.8000,24,0
D,2014-05-16,4.7300,4.7300,4.7000,4.7000,107,0
D,2014-05-15,4.7200,4.7400,4.7000,4.7300,105,0
D,2014-05-14,4.6000,4.7200,4.6000,4.7000,34,0
D,2014-05-12,4.6000,4.6000,4.6000,4.6000,20,0
D,2014-05-09,4.5800,4.8000,4.5800,4.6200,7,0
D,2014-05-08,4.7000,4.7000,4.6000,4.6000,147,0
D,2014-05-07,4.6000,4.6000,4.6000,4.6000,0,0
D,2014-05-06,4.6000,4.6000,4.6000,4.6000,3,0
D,2014-05-05,4.5000,4.5000,4.5000,4.5000,64,0
D,2014-05-02,4.4800,4.5000,4.4800,4.5000,259,0
D,2014-04-30,4.5000,4.5000,4.4800,4.5000,132,0
D,2014-04-29,4.5000,4.5000,4.4600,4.5000,325,0
D,2014-04-28,4.5000,4.5300,4.4900,4.4900,585,0
D,2014-04-25,4.5300,4.5300,4.5200,4.5200,70,0
D,2014-04-24,4.5300,4.5300,4.5300,4.5300,269,0
D,2014-04-23,4.5500,4.5500,4.5400,4.5500,410,0
D,2014-04-22,4.5500,4.5500,4.5300,4.5300,45,0
D,2014-04-21,4.5400,4.6000,4.5400,4.6000,10,0
D,2014-04-18,4.5300,4.5300,4.5300,4.5300,240,0
D,2014-04-17,4.5100,4.5100,4.5100,4.5100,0,0
D,2014-04-16,4.5200,4.5600,4.5100,4.5100,585,0
D,2014-04-15,4.5300,4.5400,4.5200,4.5300,210,0
D,2014-04-14,4.5300,4.5300,4.5300,4.5300,20,0
D,2014-04-11,4.5700,4.5700,4.5000,4.5100,676,0
D,2014-04-10,4.5900,4.5900,4.5500,4.5500,60,0
D,2014-04-09,4.6000,4.6100,4.6000,4.6000,350,0
D,2014-04-08,4.5300,4.6000,4.5100,4.6000,502,0
D,2014-04-07,4.5900,4.6100,4.5900,4.6000,1180,0
D,2014-04-04,4.5800,4.6000,4.5300,4.5300,285,0
D,2014-04-03,4.5300,4.6100,4.5300,4.5300,132,0
D,2014-04-02,4.5300,4.5500,4.5200,4.5300,1205,0
D,2014-04-01,4.6000,4.6000,4.5000,4.5100,1179,0
D,2014-03-31,4.4800,4.6000,4.4000,4.6000,1832,0
D,2014-03-28,4.3600,4.3600,4.3600,4.3600,21,0
D,2014-03-27,4.4000,4.4000,4.4000,4.4000,80,0
D,2014-03-26,4.3800,4.3800,4.3800,4.3800,0,0
D,2014-03-25,4.3500,4.3800,4.3500,4.3800,978,0
D,2014-03-24,4.4000,4.4000,4.3600,4.4000,247,0
D,2014-03-21,4.3100,4.3100,4.3100,4.3100,17,0
D,2014-03-20,4.3900,4.3900,4.3900,4.3900,100,0
D,2014-03-19,4.3300,4.4000,4.3200,4.4000,240,0
D,2014-03-18,4.3900,4.4000,4.3800,4.4000,260,0
D,2014-03-17,4.4000,4.4000,4.4000,4.4000,0,0
D,2014-03-14,4.4500,4.4500,4.4000,4.4000,120,0
D,2014-03-13,4.3000,4.3000,4.3000,4.3000,0,0
D,2014-03-12,4.3100,4.3100,4.3000,4.3000,20,0
D,2014-03-11,4.3800,4.3900,4.3100,4.3900,45,0
D,2014-03-10,4.4500,4.4500,4.3800,4.3800,83,0
D,2014-03-07,4.5000,4.5000,4.4200,4.4900,225,0
D,2014-03-06,4.4900,4.4900,4.4900,4.4900,0,0
D,2014-03-05,4.3500,4.4900,4.3500,4.4900,9,0
D,2014-03-04,4.3100,4.3100,4.3100,4.3100,15,0
D,2014-03-03,4.4800,4.4800,4.4000,4.4000,24,0
D,2014-02-28,4.4800,4.4800,4.4500,4.4500,30,0
D,2014-02-27,4.4000,4.5000,4.3700,4.5000,251,0
D,2014-02-26,4.4000,4.4000,4.4000,4.4000,60,0
D,2014-02-25,4.2800,4.3600,4.2800,4.3600,85,0
D,2014-02-24,4.3200,4.3200,4.3200,4.3200,10,0
D,2014-02-21,4.2800,4.2800,4.2800,4.2800,0,0
D,2014-02-20,4.3200,4.3200,4.2800,4.2800,18,0
D,2014-02-19,4.4000,4.4500,4.2800,4.2800,15,0
D,2014-02-18,4.4000,4.4000,4.4000,4.4000,0,0
D,2014-02-17,4.4000,4.4000,4.4000,4.4000,0,0
D,2014-02-14,4.4000,4.4000,4.4000,4.4000,4,0
D,2014-02-13,4.2700,4.2700,4.2700,4.2700,0,0
D,2014-02-12,4.4000,4.4000,4.2700,4.2700,51,0
D,2014-02-11,4.4000,4.4000,4.4000,4.4000,9,0
D,2014-02-10,4.4000,4.4000,4.4000,4.4000,15,0
D,2014-02-07,4.5000,4.5000,4.5000,4.5000,31,0
D,2014-02-06,4.5000,4.5000,4.5000,4.5000,20,0
D,2014-02-05,4.5000,4.5000,4.5000,4.5000,22,0
D,2014-02-04,4.5000,4.5000,4.5000,4.5000,0,0
D,2014-01-30,4.5000,4.5000,4.5000,4.5000,0,0
D,2014-01-29,4.5000,4.5000,4.5000,4.5000,0,0
D,2014-01-28,4.5000,4.5000,4.5000,4.5000,5,0
D,2014-01-27,4.4500,4.4500,4.4500,4.4500,0,0
D,2014-01-24,4.4500,4.4500,4.4500,4.4500,0,0
D,2014-01-23,4.4400,4.4500,4.4400,4.4500,15,0
D,2014-01-22,4.4900,4.4900,4.4900,4.4900,0,0
D,2014-01-21,4.4900,4.4900,4.4900,4.4900,0,0
D,2014-01-20,4.4900,4.4900,4.4900,4.4900,0,0
D,2014-01-16,4.4200,4.4900,4.3800,4.4900,40,0
D,2014-01-15,4.5000,4.5000,4.5000,4.5000,0,0
D,2014-01-13,4.5000,4.5000,4.5000,4.5000,0,0
D,2014-01-10,4.5000,4.5000,4.5000,4.5000,0,0
D,2014-01-09,4.5000,4.5000,4.5000,4.5000,30,0
D,2014-01-08,4.5000,4.5000,4.5000,4.5000,20,0
D,2014-01-07,4.4500,4.4500,4.4500,4.4500,0,0
D,2014-01-06,4.4500,4.4500,4.4500,4.4500,40,0
D,2014-01-03,4.4500,4.4500,4.4500,4.4500,0,0
D,2014-01-02,4.5000,4.5000,4.4500,4.4500,112,0
D,2013-12-31,4.5900,4.5900,4.5000,4.5000,48,0
D,2013-12-30,4.5000,4.5000,4.5000,4.5000,37,0
D,2013-12-27,4.3200,4.5000,4.2900,4.4500,39,0
D,2013-12-26,4.4500,4.4500,4.4500,4.4500,8,0
D,2013-12-24,4.5500,4.5500,4.5500,4.5500,10,0
D,2013-12-23,4.3800,4.3800,4.3800,4.3800,18,0
D,2013-12-20,4.5500,4.5500,4.5500,4.5500,0,0
D,2013-12-19,4.4200,4.5500,4.4200,4.5500,14,0
D,2013-12-18,4.5000,4.5000,4.5000,4.5000,0,0
D,2013-12-17,4.5000,4.5000,4.5000,4.5000,0,0
D,2013-12-16,4.5000,4.5000,4.5000,4.5000,0,0
D,2013-12-13,4.4100,4.5000,4.4100,4.5000,39,0
D,2013-12-12,4.3600,4.5000,4.3600,4.5000,4236,0
D,2013-12-11,4.5200,4.5200,4.5000,4.5000,3698,0
D,2013-12-10,4.5000,4.5200,4.5000,4.5200,210,0
D,2013-12-09,4.5500,4.5500,4.5300,4.5300,25,0
D,2013-12-06,4.5300,4.5300,4.5300,4.5300,30,0
D,2013-12-05,4.6300,4.6300,4.6300,4.6300,10,0
D,2013-12-04,4.5900,4.6300,4.5100,4.5500,193,0
D,2013-12-03,4.8900,4.8900,4.8900,4.8900,0,0
D,2013-12-02,4.7000,4.8900,4.7000,4.8900,50,0
D,2013-11-29,4.6000,4.6000,4.6000,4.6000,0,0
D,2013-11-28,4.6000,4.6000,4.6000,4.6000,0,0
D,2013-11-27,4.6000,4.6000,4.5200,4.6000,26,0
D,2013-11-26,4.5100,4.6800,4.5100,4.6800,50,0
D,2013-11-25,4.5000,4.6100,4.5000,4.6100,110,0
D,2013-11-22,4.7900,4.7900,4.7900,4.7900,0,0
D,2013-11-21,4.7900,4.7900,4.7900,4.7900,0,0
D,2013-11-20,4.7900,4.7900,4.7900,4.7900,0,0
D,2013-11-19,4.8000,4.8000,4.7900,4.7900,11,0
D,2013-11-18,4.6000,4.6000,4.6000,4.6000,10,0
D,2013-11-15,4.7100,4.7100,4.7000,4.7000,24,0
D,2013-11-14,4.7800,4.7800,4.7100,4.7100,38,0
D,2013-11-13,4.9000,4.9000,4.7000,4.7000,15,0
D,2013-11-12,4.7600,4.7800,4.7600,4.7800,24,0
D,2013-11-11,4.7000,4.7200,4.7000,4.7200,5,0
D,2013-11-08,4.7600,4.9000,4.7600,4.9000,30,0
D,2013-11-07,4.8800,4.8800,4.8800,4.8800,0,0
D,2013-11-06,4.8800,4.8800,4.8800,4.8800,1,0
D,2013-11-04,4.9000,4.9000,4.9000,4.9000,4,0
D,2013-11-01,4.9000,4.9000,4.9000,4.9000,0,0
D,2013-10-31,4.9000,4.9000,4.9000,4.9000,0,0
D,2013-10-30,4.9000,4.9000,4.9000,4.9000,1,0
D,2013-10-29,4.7200,4.7200,4.7200,4.7200,20,0
D,2013-10-28,4.7200,4.7200,4.7200,4.7200,1,0
D,2013-10-25,4.6800,4.9000,4.6800,4.7100,59,0
D,2013-10-24,4.8900,4.8900,4.8900,4.8900,10,0
D,2013-10-23,4.8300,4.8300,4.8300,4.8300,0,0
D,2013-10-22,4.8300,4.8300,4.8300,4.8300,116,0
D,2013-10-21,4.8300,4.8300,4.8300,4.8300,93,0
D,2013-10-18,4.8300,4.8300,4.8300,4.8300,40,0
D,2013-10-17,4.8000,4.8400,4.8000,4.8300,96,0
D,2013-10-16,4.8400,4.8400,4.8400,4.8400,91,0
D,2013-10-14,4.8400,4.8400,4.8400,4.8400,130,0
D,2013-10-11,4.8000,4.8400,4.8000,4.8400,252,0
D,2013-10-10,4.8000,4.8000,4.8000,4.8000,192,0
D,2013-10-09,4.8000,4.8000,4.8000,4.8000,140,0
D,2013-10-08,4.8000,4.8000,4.8000,4.8000,2,0
D,2013-10-07,4.8000,4.8000,4.8000,4.8000,0,0
D,2013-10-04,4.8000,4.8000,4.8000,4.8000,0,0
D,2013-10-03,4.8000,4.8000,4.8000,4.8000,0,0
D,2013-10-02,4.7900,4.8000,4.7900,4.8000,459,0
D,2013-10-01,4.8000,4.8000,4.8000,4.8000,0,0
D,2013-09-30,4.8000,4.8000,4.8000,4.8000,0,0
D,2013-09-27,4.8000,4.8000,4.8000,4.8000,140,0
D,2013-09-26,4.8000,4.8000,4.8000,4.8000,255,0
D,2013-09-25,4.8000,4.8000,4.8000,4.8000,146,0
D,2013-09-24,4.8000,4.8000,4.8000,4.8000,147,0
D,2013-09-23,4.8000,4.8000,4.8000,4.8000,317,0
D,2013-09-20,4.7400,4.7400,4.7000,4.7400,150,0
D,2013-09-19,4.7500,4.7500,4.7400,4.7400,241,0
D,2013-09-18,4.6000,4.6000,4.6000,4.6000,12,0
D,2013-09-17,4.6000,4.6000,4.6000,4.6000,80,0
D,2013-09-13,4.6000,4.6000,4.6000,4.6000,90,0
D,2013-09-12,4.6000,4.6000,4.6000,4.6000,0,0
D,2013-09-11,4.6000,4.6000,4.6000,4.6000,25,0
D,2013-09-10,4.5200,4.8000,4.5200,4.8000,7236,0
D,2013-09-09,4.5200,4.5200,4.5200,4.5200,0,0
D,2013-09-06,4.5200,4.5200,4.5200,4.5200,5,0
D,2013-09-05,4.5000,4.5000,4.5000,4.5000,10,0
D,2013-09-04,4.3600,4.3600,4.3600,4.3600,0,0
D,2013-09-03,4.3600,4.3700,4.3600,4.3600,826,0
D,2013-09-02,4.3900,4.4000,4.3600,4.3600,625,0
D,2013-08-30,4.5000,4.5000,4.3800,4.3900,479,0
D,2013-08-29,4.4000,4.5000,4.3800,4.3800,237,0
D,2013-08-28,4.4000,4.4100,4.3500,4.3500,760,0
D,2013-08-27,4.4000,4.4000,4.4000,4.4000,45,0
D,2013-08-26,4.7000,4.7000,4.7000,4.7000,0,0
D,2013-08-23,4.8200,4.8200,4.7000,4.7000,416,0
D,2013-08-22,4.9500,4.9500,4.9500,4.9500,0,0
D,2013-08-21,4.9500,4.9500,4.9500,4.9500,0,0
D,2013-08-20,4.9500,4.9500,4.9500,4.9500,20,0
D,2013-08-19,4.9800,4.9800,4.9500,4.9500,68,0
D,2013-08-16,4.9200,4.9400,4.9200,4.9400,20,0
D,2013-08-15,4.9000,4.9000,4.9000,4.9000,116,0
D,2013-08-14,4.9000,4.9000,4.7700,4.9000,124,0
D,2013-08-13,4.7800,4.7800,4.7700,4.7700,28,0
D,2013-08-12,4.7700,4.7700,4.7700,4.7700,0,0
D,2013-08-07,4.7700,4.7700,4.7700,4.7700,0,0
D,2013-08-06,4.8300,4.8300,4.7700,4.7700,30,0
D,2013-08-05,4.9200,4.9200,4.9200,4.9200,0,0
D,2013-08-02,4.6900,4.9200,4.6900,4.9200,2,0
D,2013-08-01,4.7500,4.8000,4.7500,4.8000,35,0
D,2013-07-31,4.9000,5.0000,4.8600,4.9000,209,0
D,2013-07-30,4.8600,4.8600,4.8600,4.8600,5,0
D,2013-07-29,4.9000,4.9100,4.8600,4.8600,382,0
D,2013-07-26,4.9700,4.9900,4.9500,4.9500,573,0
D,2013-07-25,4.9000,4.9700,4.8800,4.9700,448,0
D,2013-07-24,5.0000,5.0000,4.8500,4.8800,508,0
D,2013-07-23,5.0500,5.0600,5.0500,5.0500,215,0
D,2013-07-22,4.9800,5.0500,4.9800,5.0400,454,0
D,2013-07-19,4.9500,4.9600,4.9000,4.9400,566,0
D,2013-07-18,4.9300,5.0800,4.8800,4.9400,1420,0
D,2013-07-17,4.8000,4.9000,4.8000,4.9000,754,0
D,2013-07-16,4.7500,4.7600,4.7500,4.7600,181,0
D,2013-07-15,4.6500,4.6700,4.6500,4.6700,235,0
D,2013-07-12,4.5800,4.6500,4.5800,4.6200,200,0
D,2013-07-11,4.5600,4.6000,4.5500,4.6000,370,0
D,2013-07-10,4.4800,4.5200,4.4800,4.5000,150,0
D,2013-07-09,4.4800,4.5000,4.4800,4.4800,472,0
D,2013-07-08,4.4800,4.5000,4.4800,4.4800,199,0
D,2013-07-05,4.5500,4.5500,4.5000,4.5000,52,0
D,2013-07-04,4.4500,4.5000,4.4500,4.5000,209,0
D,2013-07-03,4.4100,4.4100,4.4100,4.4100,20,0
D,2013-07-02,4.4000,4.4000,4.4000,4.4000,10,0
D,2013-07-01,4.4100,4.4100,4.4000,4.4000,10,0
D,2013-06-28,4.4900,4.4900,4.4900,4.4900,21,0
D,2013-06-27,4.4000,4.5000,4.4000,4.4900,140,0
D,2013-06-26,4.3700,4.3800,4.3700,4.3800,110,0
D,2013-06-25,4.3600,4.3600,4.3600,4.3600,56,0
D,2013-06-24,4.3600,4.3600,4.3600,4.3600,110,0
D,2013-06-21,4.3600,4.4500,4.3500,4.4500,461,0
D,2013-06-20,4.3500,4.3500,4.3500,4.3500,0,0
D,2013-06-19,4.3500,4.3500,4.3500,4.3500,50,0
D,2013-06-18,4.3100,4.3100,4.3100,4.3100,0,0
D,2013-06-17,4.3200,4.3200,4.3000,4.3100,213,0
D,2013-06-14,4.2800,4.3000,4.2800,4.3000,13,0
D,2013-06-13,4.2800,4.2800,4.2800,4.2800,0,0
D,2013-06-12,4.3000,4.3000,4.2800,4.2800,1099,0
D,2013-06-11,4.3000,4.4600,4.3000,4.3500,302,0
D,2013-06-10,4.2500,4.4500,4.2000,4.3000,2007,0
D,2013-06-07,4.3100,4.3100,4.3100,4.3100,10,0
D,2013-06-06,4.4800,4.4800,4.4800,4.4800,31,0
D,2013-06-05,4.4700,4.4800,4.4700,4.4800,185,0
D,2013-06-04,4.4800,4.4800,4.4800,4.4800,18,0
D,2013-06-03,4.4800,4.4800,4.4800,4.4800,0,0
D,2013-05-31,4.4500,4.4800,4.4500,4.4800,104,0
D,2013-05-30,4.5000,4.5400,4.5000,4.5400,328,0
D,2013-05-29,4.4500,4.4500,4.4500,4.4500,50,0
D,2013-05-28,4.5000,4.5500,4.5000,4.5200,281,0
D,2013-05-27,4.4800,4.5000,4.4800,4.5000,128,0
D,2013-05-23,4.4400,4.5000,4.4400,4.5000,1188,0
D,2013-05-22,4.4800,4.4800,4.3100,4.3700,145,0
D,2013-05-21,4.5000,4.5000,4.4800,4.4800,52,0
D,2013-05-20,4.4600,4.6000,4.4000,4.4800,821,0
D,2013-05-17,4.4400,4.4400,4.4400,4.4400,0,0
D,2013-05-16,4.5000,4.5000,4.4000,4.4400,249,0
D,2013-05-15,4.5000,4.5400,4.4800,4.5000,100,0
D,2013-05-14,4.4000,4.4800,4.3800,4.4800,80,0
D,2013-05-13,4.4100,4.4400,4.3800,4.3800,218,0
D,2013-05-10,4.4500,4.4500,4.4000,4.4000,117,0
D,2013-05-09,4.4500,4.5000,4.4500,4.4500,200,0
D,2013-05-08,4.3000,4.4000,4.2900,4.3300,252,0
D,2013-05-07,4.3900,4.3900,4.3500,4.3500,30,0
D,2013-05-06,4.2600,4.2600,4.2100,4.2200,299,0
D,2013-05-03,4.4000,4.4000,4.2600,4.2700,453,0
D,2013-05-02,4.2900,4.2900,4.2600,4.2700,1155,0
D,2013-04-30,4.2900,4.2900,4.2900,4.2900,0,0
D,2013-04-29,4.2900,4.2900,4.2900,4.2900,0,0
D,2013-04-26,4.2900,4.2900,4.2900,4.2900,0,0
D,2013-04-25,4.2900,4.2900,4.2900,4.2900,0,0
D,2013-04-24,4.3000,4.3000,4.2900,4.2900,61,0
D,2013-04-23,4.3500,4.3500,4.2900,4.2900,50,0
D,2013-04-22,4.4500,4.4500,4.4500,4.4500,0,0
D,2013-04-19,4.4500,4.4500,4.4500,4.4500,18,0
D,2013-04-18,4.2700,4.3500,4.2700,4.3500,38,0
D,2013-04-17,4.5000,4.5000,4.4000,4.4500,320,0
D,2013-04-16,4.3500,4.3500,4.3500,4.3500,0,0
D,2013-04-15,4.3500,4.3500,4.3500,4.3500,20,0
D,2013-04-12,4.4000,4.4400,4.4000,4.4000,456,0
D,2013-04-11,4.4000,4.4500,4.4000,4.4500,88,0
D,2013-04-10,4.4800,4.4800,4.4300,4.4300,20,0
D,2013-04-09,4.3600,4.4200,4.3600,4.4200,125,0
D,2013-04-08,4.3500,4.3500,4.3500,4.3500,22,0
D,2013-04-05,4.3500,4.3500,4.3500,4.3500,10,0
D,2013-04-04,4.3000,4.3000,4.3000,4.3000,0,0
D,2013-04-03,4.3000,4.3100,4.2900,4.3000,796,0
D,2013-04-02,4.2700,4.2700,4.2700,4.2700,0,0
D,2013-04-01,4.2700,4.2700,4.2700,4.2700,0,0
D,2013-03-29,4.2500,4.2700,4.2500,4.2700,15,0
D,2013-03-28,4.4600,4.4600,4.4600,4.4600,0,0
D,2013-03-27,4.4600,4.4600,4.4600,4.4600,0,0
D,2013-03-26,4.4600,4.4600,4.4600,4.4600,0,0
D,2013-03-25,4.2400,4.4900,4.2400,4.4600,452,0
D,2013-03-22,4.1500,4.1600,4.1500,4.1500,87,0
D,2013-03-21,4.1500,4.1500,4.1500,4.1500,35,0
D,2013-03-20,4.1600,4.2000,4.1500,4.2000,190,0
D,2013-03-19,4.1800,4.1800,4.1800,4.1800,50,0
D,2013-03-18,4.1500,4.1500,4.1500,4.1500,0,0
D,2013-03-15,4.1500,4.1500,4.1000,4.1500,490,0
D,2013-03-14,4.2300,4.2300,4.2300,4.2300,75,0
D,2013-03-13,4.1900,4.2000,4.1900,4.2000,245,0
D,2013-03-12,4.2000,4.2000,4.1800,4.1900,465,0
D,2013-03-11,4.2000,4.2000,4.2000,4.2000,5,0
D,2013-03-08,4.2000,4.2000,4.2000,4.2000,0,0
D,2013-03-07,4.2000,4.2000,4.2000,4.2000,0,0
D,2013-03-06,4.2000,4.2000,4.2000,4.2000,8,0
D,2013-03-05,4.1800,4.1800,4.1800,4.1800,0,0
D,2013-03-04,4.1400,4.1800,4.1400,4.1800,292,0
D,2013-03-01,4.1500,4.1500,4.1400,4.1400,120,0
D,2013-02-28,4.1400,4.1400,4.1400,4.1400,464,0
D,2013-02-27,4.1400,4.1400,4.1400,4.1400,410,0
D,2013-02-26,4.0000,4.1900,4.0000,4.1400,353,0
D,2013-02-25,4.1500,4.2500,4.1500,4.2400,28,0
D,2013-02-22,4.2000,4.2200,4.1500,4.1500,1068,0
D,2013-02-21,4.2500,4.2500,4.2500,4.2500,0,0
D,2013-02-20,4.2000,4.2900,4.2000,4.2500,1195,0
D,2013-02-19,4.1700,4.3300,4.1700,4.2500,1007,0
D,2013-02-18,4.0600,4.1800,4.0600,4.1700,1018,0
D,2013-02-15,4.0500,4.0600,4.0500,4.0600,770,0
D,2013-02-14,4.0300,4.0400,4.0300,4.0400,50,0
D,2013-02-13,3.9700,4.0300,3.9700,4.0300,423,0
D,2013-02-08,3.9200,3.9700,3.9200,3.9700,502,0
D,2013-02-07,3.9100,3.9100,3.9100,3.9100,57,0
D,2013-02-06,3.9000,3.9700,3.8800,3.9200,2181,0
D,2013-02-05,3.8800,3.8800,3.8800,3.8800,37,0
D,2013-02-04,3.8800,3.9100,3.8300,3.9000,360,0
D,2013-01-31,3.7500,3.8000,3.7500,3.8000,421,0
D,2013-01-30,3.7000,3.7000,3.7000,3.7000,452,0
D,2013-01-29,3.7000,3.7000,3.7000,3.7000,200,0
D,2013-01-25,3.7000,3.7000,3.7000,3.7000,0,0
D,2013-01-23,3.7000,3.7000,3.7000,3.7000,60,0
D,2013-01-22,3.7000,3.7100,3.5200,3.7100,2301,0
D,2013-01-21,3.7000,3.7200,3.7000,3.7100,1017,0
D,2013-01-18,3.7100,3.7100,3.7100,3.7100,10,0
D,2013-01-17,3.7100,3.7100,3.7100,3.7100,10,0
D,2013-01-16,3.7300,3.7300,3.7100,3.7100,20,0
D,2013-01-15,3.7300,3.7300,3.7300,3.7300,0,0
D,2013-01-14,3.7000,3.7300,3.7000,3.7300,291,0
D,2013-01-11,3.7000,3.7200,3.7000,3.7200,298,0
D,2013-01-10,3.7000,3.7200,3.7000,3.7000,510,0
D,2013-01-09,3.7000,3.7100,3.7000,3.7000,294,0
D,2013-01-08,3.7100,3.7100,3.7100,3.7100,0,0
D,2013-01-07,3.7100,3.7100,3.7100,3.7100,20,0
D,2013-01-04,3.7100,3.7100,3.7100,3.7100,100,0
D,2013-01-03,3.7100,3.7100,3.7100,3.7100,0,0
D,2013-01-02,3.6800,3.7200,3.6800,3.7100,561,0
D,2012-12-31,3.6800,3.6800,3.6800,3.6800,0,0
D,2012-12-28,3.6800,3.6800,3.6700,3.6800,220,0
D,2012-12-27,3.6000,3.6000,3.6000,3.6000,0,0
D,2012-12-26,3.6000,3.6000,3.6000,3.6000,0,0
D,2012-12-24,3.6000,3.6000,3.6000,3.6000,20,0
D,2012-12-21,3.6000,3.6000,3.5800,3.6000,2788,0
D,2012-12-20,3.6800,3.6800,3.6500,3.6500,311,0
D,2012-12-19,3.7000,3.7000,3.7000,3.7000,200,0
D,2012-12-18,3.6600,3.7000,3.6600,3.7000,1062,0
D,2012-12-17,3.7000,3.7000,3.7000,3.7000,0,0
D,2012-12-14,3.6800,3.7000,3.6800,3.7000,193,0
D,2012-12-13,3.7200,3.7200,3.7000,3.7000,195,0
D,2012-12-12,3.6000,3.7200,3.6000,3.7000,1032,0
D,2012-12-11,3.5600,3.6000,3.5600,3.6000,595,0
D,2012-12-10,3.5600,3.5600,3.5600,3.5600,12,0
D,2012-12-07,3.5600,3.5600,3.5600,3.5600,300,0
D,2012-12-06,3.5000,3.5400,3.5000,3.5400,1029,0
D,2012-12-05,3.4900,3.4900,3.4800,3.4800,11,0
D,2012-12-04,3.4800,3.4800,3.4800,3.4800,0,0
D,2012-12-03,3.4800,3.4800,3.4800,3.4800,25,0
D,2012-11-30,3.4800,3.4800,3.4800,3.4800,0,0
D,2012-11-29,3.4800,3.4800,3.4800,3.4800,10,0
D,2012-11-28,3.5000,3.5000,3.4800,3.4800,397,0
D,2012-11-27,3.5000,3.5000,3.5000,3.5000,2015,0
D,2012-11-26,3.5000,3.5000,3.5000,3.5000,434,0
D,2012-11-23,3.5600,3.5600,3.5600,3.5600,0,0
D,2012-11-22,3.5600,3.5600,3.5600,3.5600,16,0
D,2012-11-21,3.5600,3.5600,3.5600,3.5600,0,0
D,2012-11-20,3.5600,3.5600,3.5600,3.5600,0,0
D,2012-11-19,3.5600,3.5600,3.5600,3.5600,0,0
D,2012-11-16,3.5600,3.5600,3.5600,3.5600,0,0
D,2012-11-14,3.5600,3.5600,3.5600,3.5600,0,0
D,2012-11-12,3.5600,3.5600,3.5600,3.5600,10,0
D,2012-11-09,3.6000,3.6000,3.5600,3.5600,55,0
D,2012-11-08,3.5900,3.5900,3.5600,3.5600,74,0
D,2012-11-07,3.5800,3.5800,3.5800,3.5800,37,0
D,2012-11-06,3.7000,3.7000,3.7000,3.7000,10,0
D,2012-11-05,3.5600,3.8200,3.5600,3.8000,1023,0
D,2012-11-02,3.5600,3.5600,3.5600,3.5600,60,0
D,2012-11-01,3.5500,3.5600,3.5500,3.5500,58,0
D,2012-10-31,3.5500,3.5500,3.5500,3.5500,100,0
D,2012-10-30,3.5400,3.5400,3.5400,3.5400,38,0
D,2012-10-29,3.5400,3.6000,3.5400,3.5400,60,0
D,2012-10-25,3.5300,3.5300,3.5000,3.5300,30,0
D,2012-10-24,3.5300,3.5300,3.5300,3.5300,0,0
D,2012-10-23,3.5300,3.5300,3.5300,3.5300,0,0
D,2012-10-22,3.7000,3.7600,3.5300,3.5300,203,0
D,2012-10-19,3.5200,3.5300,3.5200,3.5200,51,0
D,2012-10-18,3.6100,3.6100,3.5000,3.5000,535,0
D,2012-10-17,3.7000,3.7000,3.6600,3.6600,180,0
D,2012-10-16,3.8000,3.8000,3.7000,3.7000,42,0
D,2012-10-15,3.6200,3.8600,3.6200,3.8000,1543,0
D,2012-10-12,3.3100,3.5400,3.3100,3.5400,847,0
D,2012-10-11,3.3000,3.3100,3.3000,3.3100,99,0
D,2012-10-10,3.3100,3.3100,3.2800,3.2800,50,0
D,2012-10-09,3.2800,3.3000,3.2800,3.2800,174,0
D,2012-10-08,3.2800,3.2800,3.2800,3.2800,37,0
D,2012-10-05,3.2800,3.2800,3.2800,3.2800,21,0
D,2012-10-04,3.2800,3.2800,3.2800,3.2800,170,0
D,2012-10-03,3.2800,3.2800,3.2800,3.2800,54,0
D,2012-05-03,2.9000,2.9000,2.9000,2.9000,100,0
D,2012-05-02,2.9200,2.9200,2.9200,2.9200,0,0
