D,2014-10-14,0.1950,0.1950,0.1950,0.1950,886,0
D,2014-10-13,0.1950,0.1950,0.1950,0.1950,4240,0
D,2014-10-10,0.2050,0.2050,0.2050,0.2050,10,0
D,2014-10-09,0.1950,0.1950,0.1950,0.1950,100,0
D,2014-10-08,0.1950,0.1950,0.1950,0.1950,1792,0
D,2014-10-07,0.2100,0.2100,0.2100,0.2100,0,0
D,2014-10-03,0.2100,0.2100,0.2100,0.2100,1000,0
D,2014-10-02,0.2250,0.2250,0.2050,0.2150,540,0
D,2014-10-01,0.2050,0.2050,0.2050,0.2050,500,0
D,2014-09-30,0.2100,0.2100,0.2100,0.2100,0,0
D,2014-09-29,0.2050,0.2100,0.2050,0.2100,1289,0
D,2014-09-26,0.2100,0.2100,0.2100,0.2100,0,0
D,2014-09-25,0.1950,0.2100,0.1950,0.2100,708,0
D,2014-09-24,0.2000,0.2050,0.2000,0.2000,500,0
D,2014-09-23,0.1950,0.1950,0.1950,0.1950,230,0
D,2014-09-22,0.1950,0.2100,0.1950,0.2100,1010,0
D,2014-09-19,0.2100,0.2100,0.2100,0.2100,0,0
D,2014-09-18,0.1950,0.2100,0.1950,0.2100,110,0
D,2014-09-17,0.2200,0.2200,0.2200,0.2200,0,0
D,2014-09-15,0.2200,0.2200,0.2200,0.2200,0,0
D,2014-09-12,0.2200,0.2200,0.2200,0.2200,0,0
D,2014-09-11,0.2200,0.2200,0.2200,0.2200,0,0
D,2014-09-10,0.1950,0.2200,0.1950,0.2200,196,0
D,2014-09-09,0.2100,0.2100,0.2100,0.2100,0,0
D,2014-09-08,0.2100,0.2100,0.2100,0.2100,0,0
D,2014-09-05,0.2000,0.2100,0.2000,0.2100,1911,0
D,2014-09-04,0.1900,0.2100,0.1900,0.2100,110,0
D,2014-09-03,0.1900,0.2000,0.1900,0.2000,1011,0
D,2014-09-02,0.1900,0.2000,0.1900,0.2000,90,0
D,2014-08-29,0.1900,0.2000,0.1900,0.2000,299,0
D,2014-08-28,0.1900,0.1900,0.1900,0.1900,0,0
D,2014-08-27,0.1900,0.1900,0.1900,0.1900,0,0
D,2014-08-26,0.1900,0.1900,0.1900,0.1900,664,0
D,2014-08-25,0.1900,0.1900,0.1900,0.1900,3,0
D,2014-08-22,0.1900,0.1900,0.1900,0.1900,250,0
D,2014-08-21,0.2100,0.2100,0.2100,0.2100,10,0
D,2014-08-20,0.1900,0.1900,0.1900,0.1900,32,0
D,2014-08-19,0.1950,0.2050,0.1950,0.2050,260,0
D,2014-08-18,0.1900,0.1900,0.1900,0.1900,1109,0
D,2014-08-15,0.1900,0.1900,0.1900,0.1900,0,0
D,2014-08-14,0.1900,0.1900,0.1900,0.1900,133,0
D,2014-08-13,0.1900,0.1900,0.1900,0.1900,0,0
D,2014-08-12,0.1900,0.1900,0.1900,0.1900,0,0
D,2014-08-11,0.1900,0.1900,0.1900,0.1900,92,0
D,2014-08-08,0.1950,0.1950,0.1900,0.1900,350,0
D,2014-08-07,0.2000,0.2000,0.2000,0.2000,0,0
D,2014-08-06,0.2000,0.2000,0.2000,0.2000,0,0
D,2014-08-05,0.2000,0.2000,0.2000,0.2000,0,0
D,2014-08-04,0.2000,0.2000,0.2000,0.2000,0,0
D,2014-08-01,0.2000,0.2000,0.2000,0.2000,0,0
D,2014-07-31,0.2000,0.2000,0.2000,0.2000,1700,0
D,2014-07-30,0.2000,0.2000,0.1950,0.2000,3520,0
D,2014-07-25,0.2100,0.2150,0.2100,0.2150,520,0
D,2014-07-24,0.2050,0.2050,0.2050,0.2050,100,0
D,2014-07-23,0.2150,0.2150,0.2150,0.2150,250,0
D,2014-07-22,0.2100,0.2200,0.2050,0.2200,180,0
D,2014-07-21,0.2050,0.2050,0.2050,0.2050,100,0
D,2014-07-18,0.2200,0.2250,0.2150,0.2200,7677,0
D,2014-07-17,0.2000,0.2000,0.1950,0.1950,1003,0
D,2014-07-16,0.1950,0.1950,0.1950,0.1950,0,0
D,2014-07-14,0.1950,0.1950,0.1950,0.1950,0,0
D,2014-07-11,0.1950,0.1950,0.1950,0.1950,0,0
D,2014-07-10,0.1950,0.1950,0.1950,0.1950,0,0
D,2014-07-09,0.1950,0.1950,0.1950,0.1950,0,0
D,2014-07-08,0.1950,0.1950,0.1950,0.1950,1733,0
D,2014-07-07,0.2050,0.2050,0.2000,0.2050,548,0
D,2014-07-04,0.2250,0.2300,0.2250,0.2300,1628,0
D,2014-07-03,0.2250,0.2250,0.2250,0.2250,0,0
D,2014-07-02,0.2250,0.2250,0.2250,0.2250,0,0
D,2014-07-01,0.2250,0.2250,0.2250,0.2250,0,0
D,2014-06-30,0.2050,0.2250,0.2050,0.2250,2618,0
D,2014-06-27,0.2100,0.2100,0.2100,0.2100,0,0
D,2014-06-26,0.2100,0.2100,0.2100,0.2100,0,0
D,2014-06-25,0.2100,0.2100,0.2100,0.2100,10,0
D,2014-06-24,0.2000,0.2000,0.2000,0.2000,0,0
D,2014-06-23,0.1900,0.2000,0.1900,0.2000,366,0
D,2014-06-20,0.2000,0.2000,0.2000,0.2000,0,0
D,2014-06-19,0.2000,0.2000,0.2000,0.2000,0,0
D,2014-06-18,0.2000,0.2000,0.2000,0.2000,237,0
D,2014-06-17,0.2000,0.2000,0.2000,0.2000,0,0
D,2014-06-16,0.2000,0.2000,0.2000,0.2000,0,0
D,2014-06-13,0.2000,0.2000,0.2000,0.2000,372,0
D,2014-06-12,0.2150,0.2150,0.2150,0.2150,0,0
D,2014-06-11,0.2150,0.2150,0.2150,0.2150,2,0
D,2014-06-10,0.2000,0.2100,0.2000,0.2100,3747,0
D,2014-06-09,0.1900,0.2000,0.1850,0.1850,10046,0
D,2014-06-06,0.1900,0.1900,0.1900,0.1900,400,0
D,2014-06-05,0.2050,0.2050,0.2050,0.2050,0,0
D,2014-06-04,0.1850,0.2050,0.1850,0.2050,782,0
D,2014-06-03,0.2000,0.2000,0.2000,0.2000,0,0
D,2014-06-02,0.2000,0.2000,0.2000,0.2000,350,0
D,2014-05-30,0.1900,0.2000,0.1900,0.2000,1510,0
D,2014-05-29,0.1900,0.1900,0.1850,0.1850,406,0
D,2014-05-28,0.1900,0.1900,0.1900,0.1900,100,0
D,2014-05-27,0.1900,0.1900,0.1900,0.1900,606,0
D,2014-05-26,0.2000,0.2000,0.2000,0.2000,10,0
D,2014-05-23,0.1900,0.1900,0.1900,0.1900,1000,0
D,2014-05-22,0.1900,0.1900,0.1900,0.1900,145,0
D,2014-05-21,0.2000,0.2000,0.2000,0.2000,0,0
D,2014-05-20,0.2000,0.2000,0.2000,0.2000,10,0
D,2014-05-19,0.1800,0.1800,0.1800,0.1800,320,0
D,2014-05-16,0.2000,0.2000,0.1950,0.1950,1830,0
D,2014-05-15,0.1900,0.2100,0.1900,0.2000,8096,0
D,2014-05-14,0.1900,0.1950,0.1850,0.1950,1876,0
D,2014-05-12,0.1900,0.1900,0.1900,0.1900,0,0
D,2014-05-09,0.1900,0.1900,0.1900,0.1900,0,0
D,2014-05-08,0.1900,0.1900,0.1900,0.1900,920,0
D,2014-05-07,0.1700,0.1900,0.1700,0.1900,959,0
D,2014-05-06,0.1650,0.1650,0.1650,0.1650,0,0
D,2014-05-05,0.1650,0.1650,0.1650,0.1650,6,0
D,2014-05-02,0.1850,0.1850,0.1850,0.1850,0,0
D,2014-04-30,0.1850,0.1850,0.1850,0.1850,0,0
D,2014-04-29,0.1850,0.1850,0.1850,0.1850,0,0
D,2014-04-28,0.1850,0.1850,0.1850,0.1850,0,0
D,2014-04-25,0.1800,0.1850,0.1800,0.1850,188,0
D,2014-04-24,0.1700,0.2000,0.1700,0.2000,451,0
D,2014-04-23,0.1850,0.1850,0.1850,0.1850,0,0
D,2014-04-22,0.1850,0.1850,0.1850,0.1850,500,0
D,2014-04-21,0.1800,0.1800,0.1800,0.1800,0,0
D,2014-04-18,0.1800,0.1800,0.1800,0.1800,0,0
D,2014-04-17,0.1800,0.1800,0.1800,0.1800,400,0
D,2014-04-16,0.1800,0.1800,0.1800,0.1800,0,0
D,2014-04-15,0.1800,0.1800,0.1800,0.1800,0,0
D,2014-04-14,0.1700,0.1800,0.1700,0.1800,2910,0
D,2014-04-11,0.1700,0.1700,0.1700,0.1700,100,0
D,2014-04-10,0.1800,0.1800,0.1800,0.1800,0,0
D,2014-04-09,0.1800,0.1800,0.1800,0.1800,0,0
D,2014-04-08,0.1800,0.1800,0.1800,0.1800,0,0
D,2014-04-07,0.1800,0.1800,0.1800,0.1800,0,0
D,2014-04-04,0.1900,0.1900,0.1750,0.1800,472,0
D,2014-04-03,0.1700,0.1700,0.1700,0.1700,0,0
D,2014-04-02,0.1700,0.1700,0.1700,0.1700,0,0
D,2014-04-01,0.1700,0.1700,0.1700,0.1700,173,0
D,2014-03-31,0.2000,0.2000,0.2000,0.2000,0,0
D,2014-03-28,0.2000,0.2000,0.2000,0.2000,10,0
D,2014-03-27,0.1750,0.1750,0.1750,0.1750,0,0
D,2014-03-26,0.1750,0.1750,0.1750,0.1750,0,0
D,2014-03-25,0.1800,0.1800,0.1750,0.1750,666,0
D,2014-03-24,0.2000,0.2000,0.2000,0.2000,0,0
D,2014-03-21,0.2000,0.2000,0.2000,0.2000,0,0
D,2014-03-20,0.2000,0.2000,0.2000,0.2000,0,0
D,2014-03-19,0.2000,0.2000,0.2000,0.2000,0,0
D,2014-03-18,0.1800,0.2000,0.1800,0.2000,15603,0
D,2014-03-17,0.1700,0.1700,0.1700,0.1700,100,0
D,2014-03-14,0.1900,0.1900,0.1900,0.1900,0,0
D,2014-03-13,0.1900,0.1900,0.1900,0.1900,0,0
D,2014-03-12,0.1900,0.1900,0.1900,0.1900,0,0
D,2014-03-11,0.1800,0.1900,0.1800,0.1900,3600,0
D,2014-03-10,0.1750,0.1750,0.1750,0.1750,0,0
D,2014-03-07,0.1750,0.1750,0.1750,0.1750,1,0
D,2014-03-06,0.1850,0.1850,0.1850,0.1850,0,0
D,2014-03-05,0.1800,0.1850,0.1800,0.1850,52,0
D,2014-03-04,0.2000,0.2000,0.1950,0.1950,303,0
D,2014-03-03,0.1950,0.1950,0.1950,0.1950,0,0
D,2014-02-28,0.1800,0.2150,0.1800,0.1950,6523,0
D,2014-02-27,0.1700,0.1850,0.1700,0.1750,3752,0
D,2014-02-26,0.1800,0.1800,0.1700,0.1750,9785,0
D,2014-02-25,0.1650,0.1650,0.1650,0.1650,0,0
D,2014-02-24,0.1650,0.1650,0.1650,0.1650,100,0
D,2014-02-21,0.1700,0.1800,0.1700,0.1750,2650,0
D,2014-02-20,0.1800,0.1800,0.1700,0.1700,400,0
D,2014-02-19,0.1650,0.1650,0.1650,0.1650,48,0
D,2014-02-18,0.1650,0.1650,0.1650,0.1650,0,0
D,2014-02-17,0.1650,0.1650,0.1650,0.1650,200,0
D,2014-02-14,0.1650,0.1650,0.1650,0.1650,383,0
D,2014-02-13,0.1650,0.1650,0.1650,0.1650,0,0
D,2014-02-12,0.1650,0.1650,0.1650,0.1650,352,0
D,2014-02-11,0.1650,0.1650,0.1650,0.1650,0,0
D,2014-02-10,0.1650,0.1650,0.1650,0.1650,160,0
D,2014-02-07,0.1850,0.1850,0.1850,0.1850,0,0
D,2014-02-06,0.1750,0.1850,0.1600,0.1850,4537,0
D,2014-02-05,0.1600,0.1700,0.1600,0.1600,1560,0
D,2014-02-04,0.1750,0.1750,0.1750,0.1750,0,0
D,2014-01-30,0.1700,0.1750,0.1650,0.1750,13821,0
D,2014-01-29,0.1800,0.1800,0.1800,0.1800,0,0
D,2014-01-28,0.1800,0.1800,0.1650,0.1800,2503,0
D,2014-01-27,0.1650,0.1650,0.1650,0.1650,0,0
D,2014-01-24,0.1650,0.1650,0.1650,0.1650,600,0
D,2014-01-23,0.1800,0.1800,0.1800,0.1800,0,0
D,2014-01-22,0.1800,0.1800,0.1650,0.1800,2739,0
D,2014-01-21,0.1650,0.1650,0.1650,0.1650,2180,0
D,2014-01-20,0.1600,0.1800,0.1600,0.1800,1470,0
D,2014-01-16,0.1600,0.1600,0.1600,0.1600,595,0
D,2014-01-15,0.1550,0.1550,0.1550,0.1550,1500,0
D,2014-01-13,0.1600,0.1800,0.1600,0.1600,5671,0
D,2014-01-10,0.1500,0.1500,0.1500,0.1500,32,0
D,2014-01-09,0.1500,0.1500,0.1500,0.1500,0,0
D,2014-01-08,0.1500,0.1500,0.1500,0.1500,1080,0
D,2014-01-07,0.1550,0.1550,0.1550,0.1550,0,0
D,2014-01-06,0.1550,0.1550,0.1550,0.1550,448,0
D,2014-01-03,0.1500,0.1500,0.1500,0.1500,0,0
D,2014-01-02,0.1500,0.1500,0.1500,0.1500,0,0
D,2013-12-31,0.1500,0.1500,0.1500,0.1500,0,0
D,2013-12-30,0.1500,0.1500,0.1500,0.1500,240,0
D,2013-12-27,0.1650,0.1800,0.1500,0.1500,20848,0
D,2013-12-26,0.1450,0.1450,0.1450,0.1450,0,0
D,2013-12-24,0.1600,0.1800,0.1450,0.1450,26520,0
D,2013-12-23,0.1500,0.1500,0.1500,0.1500,0,0
D,2013-12-20,0.1450,0.1500,0.1450,0.1500,630,0
D,2013-12-19,0.1400,0.1400,0.1400,0.1400,0,0
D,2013-12-18,0.1400,0.1400,0.1400,0.1400,0,0
D,2013-12-17,0.1400,0.1400,0.1350,0.1400,1760,0
D,2013-12-16,0.1350,0.1350,0.1350,0.1350,20,0
D,2013-12-13,0.1400,0.1400,0.1400,0.1400,0,0
D,2013-12-12,0.1400,0.1400,0.1400,0.1400,0,0
D,2013-12-11,0.1400,0.1400,0.1400,0.1400,0,0
D,2013-12-10,0.1400,0.1400,0.1400,0.1400,0,0
D,2013-12-09,0.1400,0.1400,0.1400,0.1400,0,0
D,2013-12-06,0.1400,0.1400,0.1400,0.1400,0,0
D,2013-12-05,0.1400,0.1400,0.1400,0.1400,0,0
D,2013-12-04,0.1400,0.1400,0.1400,0.1400,0,0
D,2013-12-03,0.1400,0.1400,0.1400,0.1400,0,0
D,2013-12-02,0.1400,0.1400,0.1400,0.1400,700,0
D,2013-11-29,0.1550,0.1550,0.1550,0.1550,0,0
D,2013-11-28,0.1550,0.1550,0.1550,0.1550,659,0
D,2013-11-27,0.1550,0.1550,0.1450,0.1550,272,0
D,2013-11-26,0.1500,0.1800,0.1500,0.1550,21699,0
D,2013-11-25,0.1600,0.1600,0.1600,0.1600,0,0
D,2013-11-22,0.1600,0.1600,0.1600,0.1600,0,0
D,2013-11-21,0.1600,0.1600,0.1600,0.1600,0,0
D,2013-11-20,0.1350,0.1600,0.1350,0.1600,8398,0
D,2013-11-19,0.1350,0.1400,0.1350,0.1350,1051,0
D,2013-11-18,0.1350,0.1350,0.1350,0.1350,1259,0
D,2013-11-15,0.1350,0.1400,0.1350,0.1400,726,0
D,2013-11-14,0.1350,0.1350,0.1350,0.1350,1000,0
D,2013-11-13,0.1350,0.1350,0.1350,0.1350,600,0
D,2013-11-12,0.1400,0.1400,0.1400,0.1400,0,0
D,2013-11-11,0.1500,0.1500,0.1400,0.1400,456,0
D,2013-11-08,0.1350,0.1350,0.1350,0.1350,0,0
D,2013-11-07,0.1350,0.1350,0.1350,0.1350,0,0
D,2013-11-06,0.1350,0.1350,0.1350,0.1350,0,0
D,2013-11-04,0.1350,0.1350,0.1350,0.1350,0,0
D,2013-11-01,0.1350,0.1350,0.1350,0.1350,0,0
D,2013-10-31,0.1350,0.1350,0.1350,0.1350,200,0
D,2013-10-30,0.1350,0.1350,0.1350,0.1350,0,0
D,2013-10-29,0.1350,0.1350,0.1350,0.1350,60,0
D,2013-10-28,0.1500,0.1500,0.1500,0.1500,0,0
D,2013-10-25,0.1500,0.1500,0.1500,0.1500,0,0
D,2013-10-24,0.1500,0.1500,0.1500,0.1500,0,0
D,2013-10-23,0.1500,0.1500,0.1500,0.1500,0,0
D,2013-10-22,0.1350,0.1500,0.1350,0.1500,235,0
D,2013-10-21,0.1400,0.1400,0.1400,0.1400,0,0
D,2013-10-18,0.1400,0.1400,0.1400,0.1400,3665,0
D,2013-10-17,0.1400,0.1400,0.1400,0.1400,0,0
D,2013-10-16,0.1400,0.1400,0.1400,0.1400,750,0
D,2013-10-14,0.1400,0.1400,0.1400,0.1400,0,0
D,2013-10-11,0.1400,0.1400,0.1400,0.1400,0,0
D,2013-10-10,0.1400,0.1400,0.1400,0.1400,3613,0
D,2013-10-09,0.1350,0.1350,0.1350,0.1350,1600,0
D,2013-10-08,0.1600,0.1600,0.1400,0.1400,230,0
D,2013-10-07,0.1550,0.1550,0.1550,0.1550,0,0
D,2013-10-04,0.1550,0.1550,0.1550,0.1550,0,0
D,2013-10-03,0.1550,0.1550,0.1550,0.1550,0,0
D,2013-10-02,0.1550,0.1550,0.1550,0.1550,0,0
D,2013-10-01,0.1550,0.1550,0.1550,0.1550,0,0
D,2013-09-30,0.1400,0.1550,0.1400,0.1550,650,0
D,2013-09-27,0.1550,0.1550,0.1550,0.1550,21501,0
D,2013-09-26,0.1400,0.1400,0.1400,0.1400,0,0
D,2013-09-25,0.1400,0.1400,0.1400,0.1400,0,0
D,2013-09-24,0.1400,0.1400,0.1400,0.1400,0,0
D,2013-09-23,0.1400,0.1400,0.1400,0.1400,150,0
D,2013-09-20,0.1600,0.1600,0.1600,0.1600,0,0
D,2013-09-19,0.1350,0.1600,0.1350,0.1600,76,0
D,2013-09-18,0.1400,0.1500,0.1400,0.1400,10501,0
D,2013-09-17,0.1350,0.1350,0.1350,0.1350,0,0
D,2013-09-13,0.1350,0.1350,0.1350,0.1350,1000,0
D,2013-09-12,0.1350,0.1350,0.1350,0.1350,1013,0
D,2013-09-11,0.1350,0.1350,0.1350,0.1350,105,0
D,2013-09-10,0.1350,0.1450,0.1350,0.1450,178,0
D,2013-09-09,0.1350,0.1350,0.1350,0.1350,9569,0
D,2013-09-06,0.1500,0.1500,0.1500,0.1500,0,0
D,2013-09-05,0.1500,0.1500,0.1500,0.1500,0,0
D,2013-09-04,0.1500,0.1500,0.1500,0.1500,0,0
D,2013-09-03,0.1500,0.1500,0.1500,0.1500,0,0
D,2013-09-02,0.1500,0.1500,0.1500,0.1500,0,0
D,2013-08-30,0.1500,0.1500,0.1500,0.1500,105,0
D,2013-08-29,0.1500,0.1500,0.1500,0.1500,0,0
D,2013-08-28,0.1300,0.1500,0.1300,0.1500,347,0
D,2013-08-27,0.1300,0.1400,0.1300,0.1350,2760,0
D,2013-08-26,0.1350,0.1350,0.1350,0.1350,2687,0
D,2013-08-23,0.1350,0.1350,0.1350,0.1350,0,0
D,2013-08-22,0.1350,0.1350,0.1350,0.1350,680,0
D,2013-08-21,0.1350,0.1350,0.1350,0.1350,0,0
D,2013-08-20,0.1350,0.1350,0.1350,0.1350,50,0
D,2013-08-19,0.1450,0.1450,0.1450,0.1450,600,0
D,2013-08-16,0.1450,0.1450,0.1450,0.1450,100,0
D,2013-08-15,0.1350,0.1350,0.1350,0.1350,0,0
D,2013-08-14,0.1350,0.1350,0.1350,0.1350,133,0
D,2013-08-13,0.1500,0.1500,0.1500,0.1500,0,0
D,2013-08-12,0.1500,0.1500,0.1500,0.1500,0,0
D,2013-08-07,0.1500,0.1500,0.1500,0.1500,0,0
D,2013-08-06,0.1500,0.1500,0.1500,0.1500,0,0
D,2013-08-05,0.1500,0.1500,0.1500,0.1500,0,0
D,2013-08-02,0.1500,0.1500,0.1500,0.1500,0,0
D,2013-08-01,0.1500,0.1500,0.1500,0.1500,0,0
D,2013-07-31,0.1500,0.1500,0.1500,0.1500,0,0
D,2013-07-30,0.1500,0.1500,0.1400,0.1500,12983,0
D,2013-07-29,0.1400,0.1400,0.1400,0.1400,0,0
D,2013-07-26,0.1400,0.1400,0.1400,0.1400,0,0
D,2013-07-25,0.1350,0.1400,0.1350,0.1400,216,0
D,2013-07-24,0.1500,0.1500,0.1500,0.1500,500,0
D,2013-07-23,0.1500,0.1500,0.1500,0.1500,0,0
D,2013-07-22,0.1500,0.1500,0.1500,0.1500,0,0
D,2013-07-19,0.1500,0.1550,0.1500,0.1500,2000,0
D,2013-07-18,0.1500,0.1550,0.1500,0.1500,3434,0
D,2013-07-17,0.1400,0.1550,0.1400,0.1450,4218,0
D,2013-07-16,0.1300,0.1300,0.1300,0.1300,810,0
D,2013-07-15,0.1300,0.1300,0.1300,0.1300,48,0
D,2013-07-12,0.1550,0.1550,0.1550,0.1550,0,0
D,2013-07-11,0.1550,0.1550,0.1550,0.1550,0,0
D,2013-07-10,0.1550,0.1550,0.1550,0.1550,0,0
D,2013-07-09,0.1550,0.1550,0.1550,0.1550,0,0
D,2013-07-08,0.1550,0.1550,0.1550,0.1550,0,0
D,2013-07-05,0.1550,0.1550,0.1550,0.1550,0,0
D,2013-07-04,0.1550,0.1550,0.1550,0.1550,0,0
D,2013-07-03,0.1550,0.1550,0.1550,0.1550,0,0
D,2013-07-02,0.1550,0.1550,0.1550,0.1550,0,0
D,2013-07-01,0.1550,0.1550,0.1550,0.1550,0,0
D,2013-06-28,0.1550,0.1550,0.1550,0.1550,0,0
D,2013-06-27,0.1550,0.1550,0.1550,0.1550,0,0
D,2013-06-26,0.1300,0.1550,0.1300,0.1550,50,0
D,2013-06-25,0.1300,0.1300,0.1300,0.1300,0,0
D,2013-06-24,0.1300,0.1350,0.1300,0.1300,941,0
D,2013-06-21,0.1500,0.1500,0.1500,0.1500,0,0
D,2013-06-20,0.1500,0.1500,0.1500,0.1500,0,0
D,2013-06-19,0.1500,0.1500,0.1500,0.1500,12566,0
D,2013-06-18,0.1350,0.1550,0.1350,0.1550,48921,0
D,2013-06-17,0.1300,0.1300,0.1250,0.1300,1120,0
D,2013-06-14,0.1300,0.1300,0.1300,0.1300,0,0
D,2013-06-13,0.1300,0.1300,0.1300,0.1300,1686,0
D,2013-06-12,0.1300,0.1300,0.1300,0.1300,100,0
D,2013-06-11,0.1300,0.1300,0.1300,0.1300,1360,0
D,2013-06-10,0.1300,0.1300,0.1300,0.1300,0,0
D,2013-06-07,0.1300,0.1300,0.1300,0.1300,0,0
D,2013-06-06,0.1350,0.1350,0.1300,0.1300,2549,0
D,2013-06-05,0.1350,0.1350,0.1350,0.1350,192,0
D,2013-06-04,0.1350,0.1350,0.1350,0.1350,1086,0
D,2013-06-03,0.1350,0.1350,0.1300,0.1350,1013,0
D,2013-05-31,0.1300,0.1350,0.1300,0.1350,1266,0
D,2013-05-30,0.1250,0.1250,0.1250,0.1250,0,0
D,2013-05-29,0.1250,0.1250,0.1250,0.1250,1333,0
D,2013-05-28,0.1350,0.1350,0.1350,0.1350,0,0
D,2013-05-27,0.1350,0.1350,0.1350,0.1350,0,0
D,2013-05-23,0.1350,0.1350,0.1350,0.1350,0,0
D,2013-05-22,0.1250,0.1400,0.1250,0.1350,1919,0
D,2013-05-21,0.1250,0.1250,0.1250,0.1250,0,0
D,2013-05-20,0.1250,0.1250,0.1250,0.1250,0,0
D,2013-05-17,0.1250,0.1250,0.1250,0.1250,0,0
D,2013-05-16,0.1250,0.1250,0.1250,0.1250,0,0
D,2013-05-15,0.1250,0.1250,0.1250,0.1250,0,0
D,2013-05-14,0.1250,0.1250,0.1250,0.1250,0,0
D,2013-05-13,0.1250,0.1250,0.1250,0.1250,0,0
D,2013-05-10,0.1250,0.1250,0.1250,0.1250,0,0
D,2013-05-09,0.1250,0.1250,0.1250,0.1250,300,0
D,2013-05-08,0.1200,0.1200,0.1200,0.1200,1000,0
D,2013-05-07,0.1250,0.1250,0.1250,0.1250,50,0
D,2013-05-06,0.1200,0.1200,0.1200,0.1200,0,0
D,2013-05-03,0.1200,0.1200,0.1200,0.1200,1860,0
D,2013-05-02,0.1200,0.1200,0.1200,0.1200,0,0
D,2013-04-30,0.1200,0.1200,0.1200,0.1200,0,0
D,2013-04-29,0.1200,0.1200,0.1200,0.1200,0,0
D,2013-04-26,0.1200,0.1200,0.1200,0.1200,0,0
D,2013-04-25,0.1200,0.1200,0.1200,0.1200,0,0
D,2013-04-24,0.1200,0.1200,0.1200,0.1200,0,0
D,2013-04-23,0.1200,0.1200,0.1200,0.1200,0,0
D,2013-04-22,0.1200,0.1200,0.1200,0.1200,0,0
D,2013-04-19,0.1200,0.1200,0.1200,0.1200,0,0
D,2013-04-18,0.1200,0.1200,0.1200,0.1200,0,0
D,2013-04-17,0.1200,0.1200,0.1200,0.1200,0,0
D,2013-04-16,0.1200,0.1200,0.1200,0.1200,80,0
D,2013-04-15,0.1300,0.1300,0.1300,0.1300,0,0
D,2013-04-12,0.1300,0.1300,0.1300,0.1300,650,0
D,2013-04-11,0.1300,0.1300,0.1300,0.1300,0,0
D,2013-04-10,0.1400,0.1400,0.1300,0.1300,71,0
D,2013-04-09,0.1300,0.1300,0.1300,0.1300,0,0
D,2013-04-08,0.1300,0.1300,0.1300,0.1300,0,0
D,2013-04-05,0.1300,0.1300,0.1300,0.1300,240,0
D,2013-04-04,0.1450,0.1450,0.1450,0.1450,0,0
D,2013-04-03,0.1450,0.1450,0.1450,0.1450,0,0
D,2013-04-02,0.1300,0.1450,0.1300,0.1450,579,0
D,2013-04-01,0.1600,0.1600,0.1600,0.1600,0,0
D,2013-03-29,0.1450,0.1600,0.1350,0.1600,1157,0
D,2013-03-28,0.1300,0.1400,0.1300,0.1400,1881,0
D,2013-03-27,0.1300,0.1300,0.1300,0.1300,250,0
D,2013-03-26,0.1250,0.1450,0.1250,0.1350,18433,0
D,2013-03-25,0.1250,0.1250,0.1250,0.1250,0,0
D,2013-03-22,0.1250,0.1250,0.1250,0.1250,500,0
D,2013-03-21,0.1200,0.1300,0.1200,0.1300,2300,0
D,2013-03-20,0.1250,0.1250,0.1250,0.1250,1018,0
D,2013-03-19,0.1300,0.1300,0.1300,0.1300,0,0
D,2013-03-18,0.1300,0.1300,0.1300,0.1300,0,0
D,2013-03-15,0.1350,0.1350,0.1300,0.1300,5597,0
D,2013-03-14,0.1200,0.1200,0.1200,0.1200,1200,0
D,2013-03-13,0.1200,0.1200,0.1200,0.1200,0,0
D,2013-03-12,0.1200,0.1200,0.1200,0.1200,0,0
D,2013-03-11,0.1200,0.1200,0.1200,0.1200,0,0
D,2013-03-08,0.1200,0.1200,0.1200,0.1200,0,0
D,2013-03-07,0.1200,0.1200,0.1200,0.1200,13,0
D,2013-03-06,0.1450,0.1450,0.1450,0.1450,0,0
D,2013-03-05,0.1450,0.1450,0.1450,0.1450,0,0
D,2013-03-04,0.1300,0.1450,0.1300,0.1450,1517,0
D,2013-03-01,0.1250,0.1250,0.1250,0.1250,0,0
D,2013-02-28,0.1250,0.1250,0.1250,0.1250,48,0
D,2013-02-27,0.1300,0.1300,0.1300,0.1300,0,0
D,2013-02-26,0.1300,0.1300,0.1300,0.1300,1500,0
D,2013-02-25,0.1250,0.1400,0.1250,0.1300,8965,0
D,2013-02-22,0.1250,0.1250,0.1250,0.1250,0,0
D,2013-02-21,0.1250,0.1250,0.1250,0.1250,0,0
D,2013-02-20,0.1250,0.1250,0.1250,0.1250,0,0
D,2013-02-19,0.1250,0.1250,0.1250,0.1250,0,0
D,2013-02-18,0.1450,0.1450,0.1250,0.1250,98,0
D,2013-02-15,0.1450,0.1450,0.1300,0.1450,27352,0
D,2013-02-14,0.1350,0.1350,0.1350,0.1350,0,0
D,2013-02-13,0.1350,0.1450,0.1250,0.1350,2199,0
D,2013-02-08,0.1250,0.1250,0.1250,0.1250,100,0
D,2013-02-07,0.1350,0.1350,0.1350,0.1350,0,0
D,2013-02-06,0.1300,0.1350,0.1300,0.1350,3530,0
D,2013-02-05,0.1250,0.1250,0.1250,0.1250,200,0
D,2013-02-04,0.1250,0.1250,0.1250,0.1250,999,0
D,2013-01-31,0.1250,0.1350,0.1250,0.1350,2533,0
D,2013-01-30,0.1250,0.1250,0.1250,0.1250,230,0
D,2013-01-29,0.1250,0.1250,0.1250,0.1250,1060,0
D,2013-01-25,0.1300,0.1300,0.1300,0.1300,1000,0
D,2013-01-23,0.1450,0.1450,0.1300,0.1350,1502,0
D,2013-01-22,0.1250,0.1300,0.1250,0.1300,611,0
D,2013-01-21,0.1300,0.1300,0.1300,0.1300,4229,0
D,2013-01-18,0.1300,0.1300,0.1300,0.1300,0,0
D,2013-01-17,0.1300,0.1300,0.1300,0.1300,0,0
D,2013-01-16,0.1300,0.1300,0.1250,0.1300,2900,0
D,2013-01-15,0.1300,0.1300,0.1300,0.1300,0,0
D,2013-01-14,0.1300,0.1300,0.1300,0.1300,0,0
D,2013-01-11,0.1300,0.1300,0.1300,0.1300,2666,0
D,2013-01-10,0.1300,0.1300,0.1300,0.1300,3446,0
D,2013-01-09,0.1350,0.1350,0.1350,0.1350,0,0
D,2013-01-08,0.1350,0.1350,0.1350,0.1350,0,0
D,2013-01-07,0.1350,0.1350,0.1350,0.1350,0,0
D,2013-01-04,0.1350,0.1350,0.1350,0.1350,0,0
D,2013-01-03,0.1350,0.1350,0.1350,0.1350,0,0
D,2013-01-02,0.1350,0.1350,0.1350,0.1350,120,0
D,2012-12-31,0.1600,0.1600,0.1600,0.1600,0,0
D,2012-12-28,0.1600,0.1600,0.1600,0.1600,0,0
D,2012-12-27,0.1600,0.1600,0.1600,0.1600,0,0
D,2012-12-26,0.1500,0.1600,0.1500,0.1600,4350,0
D,2012-12-24,0.1250,0.1450,0.1250,0.1400,2588,0
D,2012-12-21,0.1300,0.1300,0.1300,0.1300,0,0
D,2012-12-20,0.1300,0.1300,0.1300,0.1300,0,0
D,2012-12-19,0.1300,0.1300,0.1300,0.1300,1600,0
D,2012-12-18,0.1300,0.1300,0.1300,0.1300,0,0
D,2012-12-17,0.1300,0.1300,0.1300,0.1300,300,0
D,2012-12-14,0.1300,0.1300,0.1300,0.1300,0,0
D,2012-12-13,0.1300,0.1300,0.1300,0.1300,150,0
D,2012-12-12,0.1300,0.1300,0.1300,0.1300,200,0
D,2012-12-11,0.1350,0.1350,0.1350,0.1350,409,0
D,2012-12-10,0.1300,0.1300,0.1300,0.1300,409,0
D,2012-12-07,0.1300,0.1300,0.1300,0.1300,140,0
D,2012-12-06,0.1500,0.1500,0.1500,0.1500,0,0
D,2012-12-05,0.1500,0.1500,0.1500,0.1500,0,0
D,2012-12-04,0.1500,0.1500,0.1500,0.1500,0,0
D,2012-12-03,0.1500,0.1500,0.1500,0.1500,0,0
D,2012-11-30,0.1350,0.1500,0.1350,0.1500,15881,0
D,2012-11-29,0.1300,0.1300,0.1300,0.1300,0,0
D,2012-11-28,0.1300,0.1300,0.1300,0.1300,0,0
D,2012-11-27,0.1350,0.1350,0.1300,0.1300,270,0
D,2012-11-26,0.1300,0.1300,0.1300,0.1300,520,0
D,2012-11-23,0.1350,0.1350,0.1350,0.1350,0,0
D,2012-11-22,0.1350,0.1350,0.1350,0.1350,0,0
D,2012-11-21,0.1350,0.1350,0.1350,0.1350,220,0
D,2012-11-20,0.1350,0.1350,0.1350,0.1350,201,0
D,2012-11-19,0.1400,0.1400,0.1400,0.1400,300,0
D,2012-11-16,0.1550,0.1550,0.1550,0.1550,0,0
D,2012-11-14,0.1500,0.1550,0.1500,0.1550,101021,0
D,2012-11-12,0.1600,0.1600,0.1600,0.1600,0,0
D,2012-11-09,0.1350,0.1600,0.1350,0.1600,5136,0
D,2012-11-08,0.1400,0.1400,0.1400,0.1400,300,0
D,2012-11-07,0.1350,0.1350,0.1350,0.1350,0,0
D,2012-11-06,0.1350,0.1350,0.1350,0.1350,1000,0
D,2012-11-05,0.1350,0.1350,0.1350,0.1350,0,0
D,2012-11-02,0.1350,0.1350,0.1350,0.1350,0,0
D,2012-11-01,0.1350,0.1350,0.1350,0.1350,806,0
D,2012-10-31,0.1350,0.1350,0.1350,0.1350,0,0
D,2012-10-30,0.1350,0.1350,0.1350,0.1350,0,0
D,2012-10-29,0.1350,0.1350,0.1350,0.1350,2460,0
D,2012-10-25,0.1400,0.1400,0.1400,0.1400,800,0
D,2012-10-24,0.1350,0.1350,0.1350,0.1350,1000,0
D,2012-10-23,0.1350,0.1350,0.1350,0.1350,0,0
D,2012-10-22,0.1450,0.1450,0.1350,0.1350,350,0
D,2012-10-19,0.1450,0.1500,0.1400,0.1500,20226,0
D,2012-10-18,0.1450,0.1450,0.1450,0.1450,0,0
D,2012-10-17,0.1450,0.1450,0.1450,0.1450,0,0
D,2012-10-16,0.1500,0.1500,0.1450,0.1450,900,0
D,2012-10-15,0.1350,0.1500,0.1350,0.1500,10444,0
D,2012-10-12,0.1300,0.1300,0.1300,0.1300,2300,0
D,2012-10-11,0.1300,0.1300,0.1300,0.1300,5259,0
D,2012-10-10,0.1350,0.1350,0.1350,0.1350,0,0
D,2012-10-09,0.1350,0.1350,0.1350,0.1350,0,0
D,2012-10-08,0.1350,0.1350,0.1350,0.1350,1340,0
D,2012-10-05,0.1350,0.1350,0.1350,0.1350,0,0
D,2012-10-04,0.1350,0.1350,0.1350,0.1350,0,0
D,2012-10-03,0.1350,0.1350,0.1350,0.1350,0,0
D,2012-05-03,0.1450,0.1450,0.1450,0.1450,0,0
D,2012-05-02,0.1450,0.1500,0.1400,0.1450,28670,0
