D,2014-10-14,0.0050,0.0050,0.0050,0.0050,0,0
D,2014-10-13,0.0050,0.0050,0.0050,0.0050,0,0
D,2014-10-10,0.0050,0.0050,0.0050,0.0050,0,0
D,2014-10-09,0.0050,0.0050,0.0050,0.0050,0,0
D,2014-10-08,0.0050,0.0050,0.0050,0.0050,5300,0
D,2014-10-07,0.0100,0.0100,0.0100,0.0100,0,0
D,2014-10-03,0.0100,0.0100,0.0100,0.0100,3000,0
D,2014-10-02,0.0100,0.0100,0.0100,0.0100,0,0
D,2014-10-01,0.0100,0.0100,0.0100,0.0100,1800,0
D,2014-09-30,0.0100,0.0100,0.0100,0.0100,2200,0
D,2014-09-29,0.0100,0.0100,0.0100,0.0100,0,0
D,2014-09-26,0.0100,0.0100,0.0100,0.0100,1000,0
D,2014-09-25,0.0050,0.0050,0.0050,0.0050,0,0
D,2014-09-24,0.0050,0.0050,0.0050,0.0050,900,0
D,2014-09-23,0.0100,0.0100,0.0100,0.0100,2782,0
D,2014-09-22,0.0100,0.0100,0.0100,0.0100,1018,0
D,2014-09-19,0.0100,0.0100,0.0100,0.0100,0,0
D,2014-09-18,0.0100,0.0100,0.0100,0.0100,1502,0
D,2014-09-17,0.0100,0.0150,0.0100,0.0100,5782,0
D,2014-09-15,0.0150,0.0200,0.0150,0.0150,6844,0
D,2014-09-12,0.0150,0.0150,0.0150,0.0150,4810,0
D,2014-09-11,0.0150,0.0150,0.0100,0.0150,13933,0
D,2014-09-10,0.0100,0.0150,0.0100,0.0150,4856,0
D,2014-09-09,0.0050,0.0100,0.0050,0.0100,11697,0
D,2014-09-08,0.0050,0.0050,0.0050,0.0050,0,0
D,2014-09-05,0.0050,0.0100,0.0050,0.0050,3082,0
D,2014-09-04,0.0100,0.0100,0.0100,0.0100,2350,0
D,2014-09-03,0.0100,0.0100,0.0100,0.0100,8200,0
D,2014-09-02,0.0100,0.0100,0.0100,0.0100,7000,0
D,2014-08-29,0.0100,0.0150,0.0100,0.0150,9322,0
D,2014-08-28,0.0050,0.0100,0.0050,0.0100,19,0
D,2014-08-27,0.0050,0.0100,0.0050,0.0100,101,0
D,2014-08-26,0.0100,0.0100,0.0100,0.0100,0,0
D,2014-08-25,0.0100,0.0100,0.0100,0.0100,3047,0
D,2014-08-22,0.0150,0.0150,0.0100,0.0100,6800,0
D,2014-08-21,0.0150,0.0200,0.0100,0.0150,23490,0
D,2014-08-20,0.0100,0.0100,0.0100,0.0100,4217,0
D,2014-08-19,0.0150,0.0150,0.0150,0.0150,0,0
D,2014-08-18,0.0150,0.0150,0.0150,0.0150,9600,0
D,2014-08-15,0.0150,0.0150,0.0150,0.0150,2500,0
D,2014-08-14,0.0100,0.0100,0.0100,0.0100,8299,0
D,2014-08-13,0.0100,0.0150,0.0100,0.0150,5301,0
D,2014-08-12,0.0150,0.0150,0.0150,0.0150,0,0
D,2014-08-11,0.0150,0.0150,0.0150,0.0150,0,0
D,2014-08-08,0.0150,0.0150,0.0150,0.0150,1150,0
D,2014-08-07,0.0150,0.0150,0.0150,0.0150,818,0
D,2014-08-06,0.0150,0.0150,0.0150,0.0150,0,0
D,2014-08-05,0.0150,0.0150,0.0150,0.0150,855,0
D,2014-08-04,0.0150,0.0150,0.0150,0.0150,0,0
D,2014-08-01,0.0150,0.0150,0.0150,0.0150,4645,0
D,2014-07-31,0.0150,0.0150,0.0100,0.0150,18797,0
D,2014-07-30,0.0200,0.0200,0.0200,0.0200,6330,0
D,2014-07-25,0.0200,0.0200,0.0200,0.0200,0,0
D,2014-07-24,0.0200,0.0200,0.0200,0.0200,2500,0
D,2014-07-23,0.0200,0.0200,0.0200,0.0200,0,0
D,2014-07-22,0.0200,0.0200,0.0150,0.0200,3828,0
D,2014-07-21,0.0200,0.0250,0.0200,0.0250,1339,0
D,2014-07-18,0.0200,0.0200,0.0200,0.0200,8800,0
D,2014-07-17,0.0250,0.0250,0.0250,0.0250,3,0
D,2014-07-16,0.0200,0.0200,0.0200,0.0200,8940,0
D,2014-07-14,0.0150,0.0150,0.0150,0.0150,300,0
D,2014-07-11,0.0150,0.0150,0.0150,0.0150,1260,0
D,2014-07-10,0.0150,0.0150,0.0150,0.0150,0,0
D,2014-07-09,0.0150,0.0150,0.0150,0.0150,2328,0
D,2014-07-08,0.0150,0.0150,0.0150,0.0150,4330,0
D,2014-07-07,0.0150,0.0200,0.0150,0.0200,1030,0
D,2014-07-04,0.0150,0.0200,0.0150,0.0200,1270,0
D,2014-07-03,0.0200,0.0200,0.0200,0.0200,1000,0
D,2014-07-02,0.0200,0.0200,0.0200,0.0200,0,0
D,2014-07-01,0.0200,0.0200,0.0200,0.0200,0,0
D,2014-06-30,0.0200,0.0200,0.0200,0.0200,0,0
D,2014-06-27,0.0200,0.0200,0.0200,0.0200,0,0
D,2014-06-26,0.0150,0.0200,0.0150,0.0200,1031,0
D,2014-06-25,0.0150,0.0150,0.0150,0.0150,2000,0
D,2014-06-24,0.0200,0.0200,0.0200,0.0200,0,0
D,2014-06-23,0.0150,0.0200,0.0150,0.0200,11991,0
D,2014-06-20,0.0200,0.0200,0.0200,0.0200,0,0
D,2014-06-19,0.0200,0.0200,0.0200,0.0200,1500,0
D,2014-06-18,0.0200,0.0200,0.0150,0.0200,4951,0
D,2014-06-17,0.0200,0.0250,0.0200,0.0250,2520,0
D,2014-06-16,0.0200,0.0200,0.0200,0.0200,4749,0
D,2014-06-13,0.0250,0.0250,0.0200,0.0200,4000,0
D,2014-06-12,0.0250,0.0250,0.0250,0.0250,810,0
D,2014-06-11,0.0250,0.0250,0.0250,0.0250,3490,0
D,2014-06-10,0.0250,0.0250,0.0250,0.0250,4000,0
D,2014-06-09,0.0250,0.0250,0.0250,0.0250,6700,0
D,2014-06-06,0.0250,0.0300,0.0250,0.0300,3390,0
D,2014-06-05,0.0250,0.0250,0.0250,0.0250,1228,0
D,2014-06-04,0.0250,0.0300,0.0200,0.0300,2701,0
D,2014-06-03,0.0250,0.0300,0.0250,0.0300,11540,0
D,2014-06-02,0.0300,0.0300,0.0250,0.0250,1527,0
D,2014-05-30,0.0300,0.0350,0.0250,0.0350,7827,0
D,2014-05-29,0.0350,0.0350,0.0350,0.0350,3000,0
D,2014-05-28,0.0350,0.0350,0.0350,0.0350,5326,0
D,2014-05-27,0.0300,0.0350,0.0300,0.0350,1501,0
D,2014-05-26,0.0350,0.0350,0.0300,0.0300,5830,0
D,2014-05-23,0.0350,0.0400,0.0300,0.0400,38688,0
D,2014-05-22,0.0350,0.0400,0.0350,0.0350,65768,0
D,2014-05-21,0.0300,0.0350,0.0300,0.0300,52447,0
D,2014-05-20,0.0250,0.0250,0.0250,0.0250,10340,0
D,2014-05-19,0.0200,0.0250,0.0200,0.0200,10899,0
D,2014-05-16,0.0200,0.0200,0.0200,0.0200,6239,0
D,2014-05-15,0.0200,0.0200,0.0200,0.0200,1850,0
D,2014-05-14,0.0200,0.0250,0.0200,0.0250,1161,0
D,2014-05-12,0.0200,0.0200,0.0200,0.0200,33901,0
D,2014-05-09,0.0200,0.0200,0.0200,0.0200,12000,0
D,2014-05-08,0.0200,0.0200,0.0200,0.0200,13300,0
D,2014-05-07,0.0200,0.0200,0.0200,0.0200,11273,0
D,2014-05-06,0.0150,0.0150,0.0150,0.0150,500,0
D,2014-05-05,0.0150,0.0150,0.0150,0.0150,500,0
D,2014-05-02,0.0150,0.0150,0.0150,0.0150,5037,0
D,2014-04-30,0.0150,0.0200,0.0100,0.0200,21001,0
D,2014-04-29,0.0200,0.0200,0.0200,0.0200,16024,0
D,2014-04-28,0.0250,0.0250,0.0250,0.0250,3170,0
D,2014-04-25,0.0250,0.0250,0.0200,0.0200,900,0
D,2014-04-24,0.0250,0.0250,0.0250,0.0250,15321,0
D,2014-04-23,0.0300,0.0300,0.0300,0.0300,4680,0
D,2014-04-22,0.0300,0.0300,0.0300,0.0300,150,0
D,2014-04-21,0.0300,0.0300,0.0300,0.0300,10300,0
D,2014-04-18,0.0300,0.0300,0.0300,0.0300,24250,0
D,2014-04-17,0.0300,0.0300,0.0300,0.0300,7451,0
D,2014-04-16,0.0350,0.0350,0.0300,0.0300,13513,0
D,2014-04-15,0.0300,0.0300,0.0300,0.0300,13640,0
D,2014-04-14,0.0300,0.0350,0.0300,0.0350,510,0
D,2014-04-11,0.0300,0.0300,0.0300,0.0300,1740,0
D,2014-04-10,0.0350,0.0350,0.0350,0.0350,6510,0
D,2014-04-09,0.0400,0.0400,0.0300,0.0300,21772,0
D,2014-04-08,0.0450,0.0450,0.0450,0.0450,250,0
D,2014-04-07,0.0400,0.0400,0.0400,0.0400,3556,0
D,2014-04-04,0.0400,0.0450,0.0400,0.0400,2455,0
D,2014-04-03,0.0450,0.0450,0.0400,0.0400,1100,0
D,2014-04-02,0.0450,0.0450,0.0450,0.0450,1500,0
D,2014-04-01,0.0450,0.0450,0.0450,0.0450,1600,0
D,2014-03-31,0.0500,0.0500,0.0500,0.0500,2415,0
D,2014-03-28,0.0450,0.0500,0.0450,0.0500,5576,0
D,2014-03-27,0.0450,0.0450,0.0450,0.0450,2550,0
D,2014-03-26,0.0450,0.0450,0.0450,0.0450,100,0
D,2014-03-25,0.0400,0.0400,0.0400,0.0400,878,0
D,2014-03-24,0.0400,0.0400,0.0400,0.0400,1700,0
D,2014-03-21,0.0500,0.0500,0.0500,0.0500,0,0
D,2014-03-20,0.0450,0.0500,0.0450,0.0500,1040,0
D,2014-03-19,0.0500,0.0500,0.0450,0.0450,2738,0
D,2014-03-18,0.0500,0.0500,0.0500,0.0500,0,0
D,2014-03-17,0.0500,0.0500,0.0500,0.0500,50,0
D,2014-03-14,0.0500,0.0500,0.0500,0.0500,2700,0
D,2014-03-13,0.0500,0.0500,0.0500,0.0500,0,0
D,2014-03-12,0.0500,0.0500,0.0500,0.0500,800,0
D,2014-03-11,0.0550,0.0550,0.0500,0.0500,3190,0
D,2014-03-10,0.0500,0.0500,0.0500,0.0500,942,0
D,2014-03-07,0.0500,0.0500,0.0500,0.0500,0,0
D,2014-03-06,0.0500,0.0500,0.0500,0.0500,3456,0
D,2014-03-05,0.0550,0.0550,0.0550,0.0550,2900,0
D,2014-03-04,0.0500,0.0550,0.0500,0.0550,1382,0
D,2014-03-03,0.0550,0.0550,0.0500,0.0500,5933,0
D,2014-02-28,0.0650,0.0650,0.0600,0.0600,13390,0
D,2014-02-27,0.0500,0.0650,0.0500,0.0650,14056,0
D,2014-02-26,0.0450,0.0500,0.0450,0.0500,4608,0
D,2014-02-25,0.0450,0.0450,0.0450,0.0450,1220,0
D,2014-02-24,0.0450,0.0450,0.0450,0.0450,3060,0
D,2014-02-21,0.0500,0.0500,0.0500,0.0500,100,0
D,2014-02-20,0.0450,0.0450,0.0450,0.0450,5000,0
D,2014-02-19,0.0450,0.0450,0.0450,0.0450,5000,0
D,2014-02-18,0.0500,0.0500,0.0500,0.0500,1590,0
D,2014-02-17,0.0500,0.0500,0.0500,0.0500,500,0
D,2014-02-14,0.0450,0.0450,0.0450,0.0450,5000,0
D,2014-02-13,0.0450,0.0450,0.0450,0.0450,3850,0
D,2014-02-12,0.0450,0.0450,0.0450,0.0450,5000,0
D,2014-02-11,0.0450,0.0500,0.0450,0.0500,2389,0
D,2014-02-10,0.0500,0.0500,0.0500,0.0500,2200,0
D,2014-02-07,0.0500,0.0500,0.0450,0.0500,2130,0
D,2014-02-06,0.0450,0.0450,0.0450,0.0450,8048,0
D,2014-02-05,0.0450,0.0450,0.0450,0.0450,230,0
D,2014-02-04,0.0450,0.0450,0.0400,0.0450,9338,0
D,2014-01-30,0.0450,0.0450,0.0450,0.0450,6000,0
D,2014-01-29,0.0500,0.0500,0.0500,0.0500,8550,0
D,2014-01-28,0.0500,0.0500,0.0500,0.0500,2701,0
D,2014-01-27,0.0500,0.0500,0.0400,0.0450,6232,0
D,2014-01-24,0.0500,0.0500,0.0500,0.0500,5204,0
D,2014-01-23,0.0550,0.0550,0.0550,0.0550,2794,0
D,2014-01-22,0.0550,0.0550,0.0550,0.0550,1390,0
D,2014-01-21,0.0600,0.0600,0.0550,0.0600,3563,0
D,2014-01-20,0.0550,0.0550,0.0550,0.0550,3920,0
D,2014-01-16,0.0600,0.0600,0.0600,0.0600,2500,0
D,2014-01-15,0.0600,0.0650,0.0550,0.0650,16402,0
D,2014-01-13,0.0600,0.0600,0.0600,0.0600,0,0
D,2014-01-10,0.0550,0.0650,0.0550,0.0600,8288,0
D,2014-01-09,0.0600,0.0600,0.0550,0.0600,10068,0
D,2014-01-08,0.0650,0.0650,0.0600,0.0600,29923,0
D,2014-01-07,0.0650,0.0700,0.0650,0.0650,7903,0
D,2014-01-06,0.0700,0.0700,0.0650,0.0650,49390,0
D,2014-01-03,0.0550,0.0650,0.0500,0.0600,38412,0
D,2014-01-02,0.0450,0.0550,0.0450,0.0500,22051,0
D,2013-12-31,0.0500,0.0500,0.0450,0.0500,23281,0
D,2013-12-30,0.0450,0.0500,0.0450,0.0500,23930,0
D,2013-12-27,0.0450,0.0550,0.0450,0.0550,15651,0
D,2013-12-26,0.0450,0.0450,0.0450,0.0450,1100,0
D,2013-12-24,0.0550,0.0550,0.0500,0.0500,4000,0
D,2013-12-23,0.0550,0.0550,0.0550,0.0550,12830,0
D,2013-12-20,0.0550,0.0550,0.0500,0.0500,8605,0
D,2013-12-19,0.0600,0.0600,0.0550,0.0550,24470,0
D,2013-12-18,0.0650,0.0650,0.0600,0.0600,400,0
D,2013-12-17,0.0700,0.0700,0.0650,0.0650,2750,0
D,2013-12-16,0.0650,0.0650,0.0650,0.0650,0,0
D,2013-12-13,0.0650,0.0650,0.0650,0.0650,0,0
D,2013-12-12,0.0650,0.0650,0.0650,0.0650,0,0
D,2013-12-11,0.0750,0.0750,0.0650,0.0650,1000,0
D,2013-12-10,0.0750,0.0750,0.0750,0.0750,2000,0
D,2013-12-09,0.0800,0.0800,0.0800,0.0800,300,0
D,2013-12-06,0.0850,0.0850,0.0850,0.0850,1500,0
D,2013-12-05,0.0850,0.0850,0.0850,0.0850,0,0
D,2013-12-04,0.0850,0.0850,0.0850,0.0850,0,0
D,2013-12-03,0.0850,0.0850,0.0850,0.0850,3000,0
D,2013-12-02,0.0850,0.0850,0.0850,0.0850,0,0
D,2013-11-29,0.0800,0.0850,0.0800,0.0850,1500,0
D,2013-11-28,0.0700,0.0700,0.0700,0.0700,210,0
D,2013-11-27,0.0750,0.0750,0.0750,0.0750,0,0
D,2013-11-26,0.0750,0.0750,0.0750,0.0750,1300,0
D,2013-11-25,0.0850,0.0850,0.0800,0.0800,4820,0
D,2013-11-22,0.0900,0.0900,0.0850,0.0900,3410,0
D,2013-11-21,0.0950,0.0950,0.0950,0.0950,2000,0
D,2013-11-20,0.1000,0.1000,0.1000,0.1000,1100,0
D,2013-11-19,0.1000,0.1000,0.0950,0.0950,2200,0
D,2013-11-18,0.1100,0.1100,0.1100,0.1100,0,0
D,2013-11-15,0.1100,0.1100,0.1100,0.1100,0,0
D,2013-11-14,0.1150,0.1150,0.1100,0.1100,5400,0
D,2013-11-13,0.1150,0.1150,0.1150,0.1150,2000,0
D,2013-11-12,0.1250,0.1250,0.1250,0.1250,0,0
D,2013-11-11,0.1250,0.1250,0.1250,0.1250,320,0
D,2013-11-08,0.1300,0.1300,0.1300,0.1300,0,0
D,2013-11-07,0.1300,0.1300,0.1300,0.1300,300,0
D,2013-11-06,0.1300,0.1300,0.1300,0.1300,0,0
D,2013-11-04,0.1300,0.1300,0.1300,0.1300,1000,0
D,2013-11-01,0.1350,0.1350,0.1350,0.1350,100,0
D,2013-10-31,0.1350,0.1350,0.1350,0.1350,0,0
D,2013-10-30,0.1350,0.1350,0.1350,0.1350,0,0
D,2013-10-29,0.1450,0.1450,0.1350,0.1350,4482,0
D,2013-10-28,0.1450,0.1450,0.1450,0.1450,0,0
D,2013-10-25,0.1450,0.1450,0.1450,0.1450,500,0
D,2013-10-24,0.1550,0.1550,0.1500,0.1500,1200,0
D,2013-10-23,0.1650,0.1650,0.1650,0.1650,100,0
D,2013-10-22,0.1600,0.1600,0.1600,0.1600,1700,0
D,2013-10-21,0.1700,0.1700,0.1700,0.1700,0,0
