D,2013-04-02,0.0100,0.0100,0.0100,0.0100,0,0
D,2013-04-01,0.0100,0.0100,0.0100,0.0100,0,0
D,2013-03-29,0.0100,0.0100,0.0100,0.0100,0,0
D,2013-03-28,0.0100,0.0100,0.0100,0.0100,0,0
D,2013-03-27,0.0100,0.0100,0.0100,0.0100,0,0
D,2013-03-26,0.0100,0.0100,0.0100,0.0100,0,0
D,2013-03-25,0.0100,0.0100,0.0100,0.0100,0,0
D,2013-03-22,0.0100,0.0100,0.0100,0.0100,0,0
D,2013-03-21,0.0100,0.0100,0.0100,0.0100,0,0
D,2013-03-20,0.0100,0.0100,0.0100,0.0100,0,0
D,2013-03-19,0.0100,0.0100,0.0100,0.0100,0,0
D,2013-03-18,0.0100,0.0100,0.0100,0.0100,0,0
D,2013-03-15,0.0100,0.0100,0.0100,0.0100,0,0
D,2013-03-14,0.0100,0.0100,0.0100,0.0100,0,0
D,2013-03-13,0.0100,0.0100,0.0100,0.0100,0,0
D,2013-03-12,0.0100,0.0100,0.0100,0.0100,0,0
D,2013-03-11,0.0050,0.0100,0.0050,0.0100,11859,0
D,2013-03-08,0.0050,0.0050,0.0050,0.0050,475,0
D,2013-03-07,0.0050,0.0050,0.0050,0.0050,16304,0
D,2013-03-06,0.0050,0.0100,0.0050,0.0050,28893,0
D,2013-03-05,0.0050,0.0050,0.0050,0.0050,0,0
D,2013-03-04,0.0050,0.0050,0.0050,0.0050,0,0
D,2013-03-01,0.0050,0.0050,0.0050,0.0050,0,0
D,2013-02-28,0.0050,0.0050,0.0050,0.0050,2001,0
D,2013-02-27,0.0050,0.0100,0.0050,0.0050,131372,0
D,2013-02-26,0.0050,0.0050,0.0050,0.0050,0,0
D,2013-02-25,0.0050,0.0050,0.0050,0.0050,0,0
D,2013-02-22,0.0050,0.0050,0.0050,0.0050,0,0
D,2013-02-21,0.0050,0.0050,0.0050,0.0050,500,0
D,2013-02-20,0.0050,0.0050,0.0050,0.0050,0,0
D,2013-02-19,0.0050,0.0050,0.0050,0.0050,0,0
D,2013-02-18,0.0050,0.0050,0.0050,0.0050,0,0
D,2013-02-15,0.0050,0.0050,0.0050,0.0050,100,0
D,2013-02-14,0.0050,0.0050,0.0050,0.0050,0,0
D,2013-02-13,0.0050,0.0050,0.0050,0.0050,0,0
D,2013-02-08,0.0050,0.0050,0.0050,0.0050,1000,0
D,2013-02-07,0.0050,0.0050,0.0050,0.0050,0,0
D,2013-02-06,0.0050,0.0050,0.0050,0.0050,16000,0
D,2013-02-05,0.0050,0.0050,0.0050,0.0050,8002,0
D,2013-02-04,0.0050,0.0050,0.0050,0.0050,7650,0
D,2013-01-31,0.0100,0.0100,0.0100,0.0100,0,0
D,2013-01-30,0.0050,0.0100,0.0050,0.0100,7551,0
D,2013-01-29,0.0050,0.0100,0.0050,0.0050,4200,0
D,2013-01-25,0.0100,0.0100,0.0100,0.0100,0,0
D,2013-01-23,0.0100,0.0100,0.0100,0.0100,0,0
D,2013-01-22,0.0050,0.0100,0.0050,0.0100,21802,0
D,2013-01-21,0.0150,0.0150,0.0100,0.0100,27513,0
D,2013-01-18,0.0150,0.0150,0.0150,0.0150,3620,0
D,2013-01-17,0.0150,0.0150,0.0150,0.0150,5200,0
D,2013-01-16,0.0150,0.0150,0.0150,0.0150,2902,0
D,2013-01-15,0.0150,0.0150,0.0150,0.0150,2162,0
D,2013-01-14,0.0150,0.0150,0.0150,0.0150,0,0
D,2013-01-11,0.0150,0.0150,0.0150,0.0150,130,0
D,2013-01-10,0.0200,0.0200,0.0150,0.0150,4819,0
D,2013-01-09,0.0200,0.0200,0.0150,0.0200,1407,0
D,2013-01-08,0.0150,0.0150,0.0150,0.0150,1600,0
D,2013-01-07,0.0150,0.0200,0.0150,0.0200,18899,0
D,2013-01-04,0.0150,0.0150,0.0150,0.0150,18800,0
D,2013-01-03,0.0150,0.0150,0.0100,0.0100,9438,0
D,2013-01-02,0.0150,0.0150,0.0100,0.0100,5847,0
D,2012-12-31,0.0100,0.0100,0.0100,0.0100,1799,0
D,2012-12-28,0.0100,0.0150,0.0100,0.0150,5837,0
D,2012-12-27,0.0100,0.0150,0.0100,0.0150,23430,0
D,2012-12-26,0.0100,0.0100,0.0100,0.0100,3410,0
D,2012-12-24,0.0100,0.0100,0.0050,0.0100,12280,0
D,2012-12-21,0.0050,0.0100,0.0050,0.0100,2933,0
D,2012-12-20,0.0100,0.0100,0.0100,0.0100,4000,0
D,2012-12-19,0.0100,0.0150,0.0100,0.0100,5601,0
D,2012-12-18,0.0100,0.0100,0.0100,0.0100,338,0
D,2012-12-17,0.0150,0.0150,0.0100,0.0100,9333,0
D,2012-12-14,0.0100,0.0150,0.0100,0.0150,10132,0
D,2012-12-13,0.0100,0.0100,0.0100,0.0100,8050,0
D,2012-12-12,0.0100,0.0100,0.0100,0.0100,1000,0
D,2012-12-11,0.0100,0.0150,0.0100,0.0150,1132,0
D,2012-12-10,0.0100,0.0150,0.0100,0.0150,16428,0
D,2012-12-07,0.0100,0.0150,0.0100,0.0150,51,0
D,2012-12-06,0.0150,0.0200,0.0100,0.0100,1214,0
D,2012-12-05,0.0150,0.0150,0.0150,0.0150,710,0
D,2012-12-04,0.0150,0.0150,0.0150,0.0150,8358,0
D,2012-12-03,0.0200,0.0200,0.0200,0.0200,0,0
D,2012-11-30,0.0200,0.0200,0.0200,0.0200,13286,0
D,2012-11-29,0.0150,0.0150,0.0150,0.0150,500,0
D,2012-11-28,0.0150,0.0200,0.0150,0.0150,7080,0
D,2012-11-27,0.0150,0.0200,0.0150,0.0200,8087,0
D,2012-11-26,0.0150,0.0200,0.0150,0.0200,1853,0
D,2012-11-23,0.0200,0.0200,0.0150,0.0150,1300,0
D,2012-11-22,0.0200,0.0200,0.0200,0.0200,6387,0
D,2012-11-21,0.0200,0.0200,0.0150,0.0200,1503,0
D,2012-11-20,0.0200,0.0200,0.0150,0.0200,8801,0
D,2012-11-19,0.0200,0.0200,0.0200,0.0200,9871,0
D,2012-11-16,0.0250,0.0250,0.0250,0.0250,0,0
D,2012-11-14,0.0250,0.0250,0.0200,0.0250,8926,0
D,2012-11-12,0.0250,0.0300,0.0200,0.0200,12292,0
D,2012-11-09,0.0300,0.0300,0.0250,0.0300,801,0
D,2012-11-08,0.0300,0.0300,0.0300,0.0300,300,0
D,2012-11-07,0.0300,0.0350,0.0250,0.0300,9885,0
D,2012-11-06,0.0350,0.0350,0.0300,0.0300,24757,0
D,2012-11-05,0.0350,0.0350,0.0350,0.0350,2081,0
D,2012-11-02,0.0350,0.0400,0.0350,0.0400,660,0
D,2012-11-01,0.0350,0.0400,0.0350,0.0400,18087,0
D,2012-10-31,0.0300,0.0350,0.0300,0.0300,5138,0
D,2012-10-30,0.0350,0.0350,0.0300,0.0350,4518,0
D,2012-10-29,0.0400,0.0400,0.0300,0.0350,9103,0
D,2012-10-25,0.0350,0.0400,0.0350,0.0350,17752,0
D,2012-10-24,0.0400,0.0400,0.0300,0.0400,23681,0
D,2012-10-23,0.0400,0.0400,0.0350,0.0400,11426,0
D,2012-10-22,0.0450,0.0450,0.0400,0.0400,23800,0
D,2012-10-19,0.0450,0.0500,0.0450,0.0450,62724,0
D,2012-10-18,0.0450,0.0500,0.0450,0.0450,30240,0
D,2012-10-17,0.0400,0.0550,0.0350,0.0450,148562,0
D,2012-10-16,0.0350,0.0450,0.0350,0.0400,44515,0
D,2012-10-15,0.0400,0.0400,0.0350,0.0400,6320,0
D,2012-10-12,0.0350,0.0400,0.0350,0.0350,6707,0
D,2012-10-11,0.0350,0.0400,0.0350,0.0400,4005,0
D,2012-10-10,0.0400,0.0400,0.0400,0.0400,0,0
D,2012-10-09,0.0350,0.0400,0.0350,0.0400,9957,0
D,2012-10-08,0.0350,0.0450,0.0350,0.0350,22450,0
D,2012-10-05,0.0350,0.0350,0.0300,0.0300,19755,0
D,2012-10-04,0.0350,0.0350,0.0300,0.0350,42575,0
D,2012-10-03,0.0350,0.0400,0.0350,0.0350,19925,0
D,2012-05-03,0.1150,0.1650,0.1150,0.1450,3602,0
D,2012-05-02,0.1500,0.1500,0.1500,0.1500,0,0
