D,2014-10-14,11.7000,11.7000,11.7000,11.7000,0,0
D,2014-10-13,11.7000,11.7000,11.7000,11.7000,0,0
D,2014-10-10,11.7000,11.7000,11.7000,11.7000,0,0
D,2014-10-09,11.7000,11.7000,11.7000,11.7000,0,0
D,2014-10-08,11.7000,11.7000,11.7000,11.7000,0,0
D,2014-10-07,11.7000,11.7000,11.7000,11.7000,0,0
D,2014-10-03,11.7000,11.7000,11.7000,11.7000,0,0
D,2014-10-02,11.7000,11.7000,11.7000,11.7000,20,0
D,2014-10-01,12.1000,12.1000,12.1000,12.1000,0,0
D,2014-09-30,12.1000,12.1000,12.1000,12.1000,0,0
D,2014-09-29,12.1000,12.1000,12.1000,12.1000,0,0
D,2014-09-26,12.1000,12.1000,12.1000,12.1000,0,0
D,2014-09-25,12.1000,12.1000,12.1000,12.1000,5,0
D,2014-09-24,12.1000,12.1000,12.1000,12.1000,20,0
D,2014-09-23,12.2000,12.2000,12.2000,12.2000,0,0
D,2014-09-22,12.2000,12.2000,12.2000,12.2000,0,0
D,2014-09-19,12.2000,12.2000,12.2000,12.2000,0,0
D,2014-09-18,12.2000,12.2000,12.2000,12.2000,20,0
D,2014-09-17,12.2000,12.2000,12.2000,12.2000,0,0
D,2014-09-15,12.2000,12.2000,12.2000,12.2000,30,0
D,2014-09-12,12.9400,12.9400,12.9400,12.9400,0,0
D,2014-09-11,12.9400,12.9400,12.9400,12.9400,0,0
D,2014-09-10,12.9400,12.9400,12.9400,12.9400,0,0
D,2014-09-09,12.9400,12.9400,12.9400,12.9400,0,0
D,2014-09-08,12.9400,12.9400,12.9400,12.9400,0,0
D,2014-09-05,12.9400,12.9400,12.9400,12.9400,0,0
D,2014-09-04,12.9400,12.9400,12.9400,12.9400,0,0
D,2014-09-03,12.9400,12.9400,12.9400,12.9400,0,0
D,2014-09-02,12.9400,12.9400,12.9400,12.9400,0,0
D,2014-08-29,12.9400,12.9400,12.9400,12.9400,1,0
D,2014-08-28,12.8200,12.9200,12.8200,12.9000,7,0
D,2014-08-27,12.8000,12.8000,12.8000,12.8000,0,0
D,2014-08-26,12.9600,12.9600,12.8000,12.8000,168,0
D,2014-08-25,12.9600,12.9600,12.9600,12.9600,1,0
D,2014-08-22,12.9600,12.9600,12.9000,12.9000,20,0
D,2014-08-21,12.9600,12.9600,12.9000,12.9000,3,0
D,2014-08-20,12.9600,12.9600,12.9000,12.9000,2,0
D,2014-08-19,12.8600,12.9600,12.8600,12.9600,41,0
D,2014-08-18,12.8200,12.8200,12.8200,12.8200,20,0
D,2014-08-15,13.0000,13.0000,13.0000,13.0000,0,0
D,2014-08-14,13.0000,13.0000,13.0000,13.0000,1,0
D,2014-08-13,13.0000,13.0000,12.9000,12.9000,11,0
D,2014-08-12,12.8200,12.8200,12.8200,12.8200,233,0
D,2014-08-11,12.8200,12.8200,12.8200,12.8200,0,0
D,2014-08-08,12.9000,12.9000,12.8200,12.8200,57,0
D,2014-08-07,12.9000,12.9000,12.9000,12.9000,18,0
D,2014-08-06,12.8000,12.8000,12.8000,12.8000,150,0
D,2014-08-05,12.8000,12.8000,12.8000,12.8000,0,0
D,2014-08-04,12.9200,12.9200,12.8000,12.8000,81,0
D,2014-08-01,12.9600,12.9600,12.9200,12.9200,21,0
D,2014-07-31,12.8600,12.9800,12.8600,12.9000,52,0
D,2014-07-30,12.8000,12.8000,12.8000,12.8000,0,0
D,2014-07-25,12.8000,12.8000,12.8000,12.8000,0,0
D,2014-07-24,12.8000,12.8000,12.8000,12.8000,0,0
D,2014-07-23,12.8000,12.8000,12.8000,12.8000,1,0
D,2014-07-22,12.8000,12.8000,12.8000,12.8000,0,0
D,2014-07-21,12.8000,12.8000,12.8000,12.8000,0,0
D,2014-07-18,12.5000,12.8000,12.4000,12.8000,242,0
D,2014-07-17,12.8000,12.8000,12.8000,12.8000,0,0
D,2014-07-16,12.8000,12.8000,12.8000,12.8000,10,0
D,2014-07-14,12.7000,12.7000,12.7000,12.7000,20,0
D,2014-07-11,12.8000,12.8800,12.8000,12.8000,332,0
D,2014-07-10,12.9000,12.9000,12.9000,12.9000,10,0
D,2014-07-09,12.8800,12.9000,12.8800,12.9000,30,0
D,2014-07-08,12.8200,12.8800,12.7800,12.8800,30,0
D,2014-07-07,12.8600,12.8600,12.8600,12.8600,0,0
D,2014-07-04,12.7000,12.8600,12.7000,12.8600,29,0
D,2014-07-03,12.4000,12.4000,12.4000,12.4000,1,0
D,2014-07-02,12.6000,12.6000,12.5000,12.5000,271,0
D,2014-07-01,12.7000,12.7000,12.7000,12.7000,20,0
D,2014-06-30,12.6800,12.6800,12.6800,12.6800,0,0
D,2014-06-27,12.7000,12.7000,12.6000,12.6800,70,0
D,2014-06-26,12.3000,12.6000,12.3000,12.6000,83,0
D,2014-06-25,12.0400,12.1800,12.0400,12.1800,28,0
D,2014-06-24,12.0400,12.0400,12.0400,12.0400,0,0
D,2014-06-23,12.0000,12.0400,11.9800,12.0400,58,0
D,2014-06-20,11.9800,11.9800,11.9800,11.9800,0,0
D,2014-06-19,11.9800,11.9800,11.9800,11.9800,0,0
D,2014-06-18,11.9000,11.9800,11.9000,11.9800,84,0
D,2014-06-17,11.9000,11.9000,11.8000,11.8000,65,0
D,2014-06-16,11.9000,11.9000,11.9000,11.9000,0,0
D,2014-06-13,11.9000,11.9000,11.9000,11.9000,0,0
D,2014-06-12,11.9000,11.9000,11.9000,11.9000,0,0
D,2014-06-11,11.9000,11.9000,11.9000,11.9000,10,0
D,2014-06-10,11.9000,11.9000,11.9000,11.9000,0,0
D,2014-06-09,11.9000,11.9000,11.9000,11.9000,0,0
D,2014-06-06,11.9000,11.9000,11.9000,11.9000,10,0
D,2014-06-05,11.6800,11.9000,11.6800,11.9000,12,0
D,2014-06-04,11.3400,11.5200,11.3400,11.5000,60,0
D,2014-06-03,11.1200,11.2800,11.1200,11.2600,77,0
D,2014-06-02,11.1000,11.1000,11.1000,11.1000,20,0
D,2014-05-30,11.1000,11.1000,11.1000,11.1000,15,0
D,2014-05-29,10.5000,11.0000,10.5000,11.0000,40,0
D,2014-05-28,10.3400,10.3400,10.3400,10.3400,0,0
D,2014-05-27,10.3400,10.3400,10.3400,10.3400,0,0
D,2014-05-26,10.3400,10.3400,10.3400,10.3400,10,0
D,2014-05-23,10.3000,10.3000,10.3000,10.3000,0,0
D,2014-05-22,10.3000,10.3000,10.3000,10.3000,0,0
D,2014-05-21,10.3000,10.3000,10.3000,10.3000,0,0
D,2014-05-20,10.3000,10.3000,10.3000,10.3000,0,0
D,2014-05-19,10.3000,10.3000,10.3000,10.3000,0,0
D,2014-05-16,10.3000,10.3000,10.3000,10.3000,0,0
D,2014-05-15,10.3000,10.3000,10.3000,10.3000,0,0
D,2014-05-14,10.3000,10.3000,10.3000,10.3000,2,0
D,2014-05-12,10.3000,10.3000,10.3000,10.3000,0,0
D,2014-05-09,10.3000,10.3000,10.3000,10.3000,30,0
D,2014-05-08,10.1800,10.1800,10.1800,10.1800,0,0
D,2014-05-07,10.1800,10.1800,10.1800,10.1800,0,0
D,2014-05-06,10.1800,10.1800,10.1800,10.1800,0,0
D,2014-05-05,10.1800,10.1800,10.1800,10.1800,0,0
D,2014-05-02,10.1800,10.1800,10.1800,10.1800,0,0
D,2014-04-30,10.1800,10.1800,10.1800,10.1800,0,0
D,2014-04-29,10.1800,10.1800,10.1800,10.1800,30,0
D,2014-04-28,10.4000,10.4000,10.4000,10.4000,0,0
D,2014-04-25,10.4000,10.4000,10.4000,10.4000,0,0
D,2014-04-24,10.4000,10.4000,10.4000,10.4000,0,0
D,2014-04-23,10.4000,10.4000,10.4000,10.4000,0,0
D,2014-04-22,10.4000,10.4000,10.4000,10.4000,0,0
D,2014-04-21,10.4000,10.4000,10.4000,10.4000,264,0
D,2014-04-18,10.4000,10.4000,10.4000,10.4000,0,0
D,2014-04-17,10.4000,10.4000,10.4000,10.4000,0,0
D,2014-04-16,10.4000,10.4000,10.4000,10.4000,0,0
D,2014-04-15,10.4000,10.4000,10.4000,10.4000,250,0
D,2014-04-14,10.2000,10.4000,10.2000,10.4000,435,0
D,2014-04-11,10.6000,10.6000,10.6000,10.6000,0,0
D,2014-04-10,10.6000,10.6000,10.6000,10.6000,0,0
D,2014-04-09,10.5000,10.6000,10.5000,10.6000,70,0
D,2014-04-08,10.6000,10.6000,10.5000,10.5000,105,0
D,2014-04-07,10.5600,10.5600,10.5600,10.5600,0,0
D,2014-04-04,10.6000,10.6000,10.5600,10.5600,60,0
D,2014-04-03,10.3000,10.4000,10.3000,10.4000,60,0
D,2014-04-02,10.3000,10.3000,10.3000,10.3000,10,0
D,2014-04-01,10.0600,10.3000,10.0000,10.3000,181,0
D,2014-03-31,10.1200,10.1200,10.1200,10.1200,0,0
D,2014-03-28,10.1200,10.1200,10.1200,10.1200,0,0
D,2014-03-27,10.1200,10.1200,10.1200,10.1200,1,0
D,2014-03-26,10.0000,10.0000,10.0000,10.0000,0,0
D,2014-03-25,10.1400,10.1400,10.0000,10.0000,244,0
D,2014-03-24,10.3000,10.3000,10.2000,10.2000,74,0
D,2014-03-21,10.3200,10.3200,10.3200,10.3200,0,0
D,2014-03-20,10.3200,10.3200,10.3200,10.3200,0,0
D,2014-03-19,10.3200,10.3200,10.3200,10.3200,8,0
D,2014-03-18,10.6000,10.6000,10.4000,10.4000,22,0
D,2014-03-17,10.2000,10.2000,10.2000,10.2000,0,0
D,2014-03-14,10.2000,10.2000,10.1200,10.2000,88,0
D,2014-03-13,10.4000,10.5600,10.4000,10.4600,81,0
D,2014-03-12,10.4000,10.4000,10.2200,10.4000,114,0
D,2014-03-11,10.7200,10.7200,10.3400,10.7200,112,0
D,2014-03-10,11.0000,11.0000,11.0000,11.0000,0,0
D,2014-03-07,10.8800,11.0000,10.8800,11.0000,25,0
D,2014-03-06,10.6200,10.6200,10.6000,10.6000,11,0
D,2014-03-05,11.0000,11.0000,10.5400,10.9000,31,0
D,2014-03-04,11.3000,11.3000,11.0200,11.0200,70,0
D,2014-03-03,11.4000,11.4000,11.3800,11.3800,57,0
D,2014-02-28,11.3800,11.3800,11.3800,11.3800,0,0
D,2014-02-27,11.3800,11.3800,11.3800,11.3800,0,0
D,2014-02-26,11.5800,11.5800,11.3600,11.3800,360,0
D,2014-02-25,11.6000,11.6000,11.6000,11.6000,0,0
D,2014-02-24,11.7200,11.7200,11.6000,11.6000,63,0
D,2014-02-21,11.9000,11.9000,11.9000,11.9000,0,0
D,2014-02-20,11.9000,11.9000,11.9000,11.9000,6,0
D,2014-02-19,11.7000,11.7000,11.7000,11.7000,0,0
D,2014-02-18,11.7000,11.7000,11.7000,11.7000,440,0
D,2014-02-17,12.4000,12.4000,12.4000,12.4000,0,0
D,2014-02-14,12.4000,12.4000,12.4000,12.4000,0,0
D,2014-02-13,11.7000,12.4000,11.5000,12.4000,231,0
D,2014-02-12,11.9000,11.9000,11.9000,11.9000,0,0
D,2014-02-11,11.9000,11.9000,11.9000,11.9000,0,0
D,2014-02-10,11.9000,11.9000,11.9000,11.9000,40,0
D,2014-02-07,11.9000,11.9000,11.9000,11.9000,104,0
D,2014-02-06,11.9000,12.0000,11.9000,12.0000,7,0
D,2014-02-05,11.8200,11.8600,11.8000,11.8600,49,0
D,2014-02-04,11.8000,11.8000,11.8000,11.8000,0,0
D,2014-01-30,11.8000,11.8000,11.8000,11.8000,0,0
D,2014-01-29,11.8000,11.8000,11.8000,11.8000,0,0
D,2014-01-28,11.8000,12.0000,11.8000,11.8000,51,0
D,2014-01-27,12.2000,12.2000,12.2000,12.2000,0,0
D,2014-01-24,12.2000,12.2000,12.2000,12.2000,8,0
D,2014-01-23,12.2000,12.2000,12.2000,12.2000,0,0
D,2014-01-22,12.2000,12.2000,12.2000,12.2000,672,0
D,2014-01-21,12.5000,12.5000,12.5000,12.5000,0,0
D,2014-01-20,12.6000,12.6000,12.5000,12.5000,5,0
D,2014-01-16,12.8000,12.8000,12.7000,12.7000,444,0
D,2014-01-15,12.8000,12.8000,12.7000,12.7000,155,0
D,2014-01-13,12.3000,12.8000,12.3000,12.8000,101,0
D,2014-01-10,12.8000,12.8000,12.8000,12.8000,0,0
D,2014-01-09,12.8000,12.8000,12.8000,12.8000,20,0
D,2014-01-08,12.6000,12.6000,12.6000,12.6000,0,0
D,2014-01-07,12.6000,12.6000,12.6000,12.6000,0,0
D,2014-01-06,12.6000,12.6000,12.6000,12.6000,4,0
D,2014-01-03,12.2800,12.4000,12.2800,12.4000,95,0
D,2014-01-02,12.0000,12.3000,12.0000,12.3000,134,0
D,2013-12-31,11.5000,12.2000,11.5000,12.0000,756,0
D,2013-12-30,10.8000,11.5800,10.8000,11.5000,666,0
D,2013-12-27,11.4600,11.5000,11.4600,11.4600,102,0
D,2013-12-26,11.4000,11.4000,11.4000,11.4000,11,0
D,2013-12-24,11.3000,11.3400,11.3000,11.3400,22,0
D,2013-12-23,11.3600,11.3800,11.3600,11.3800,51,0
D,2013-12-20,11.3200,11.3600,11.3200,11.3600,104,0
D,2013-12-19,11.3600,11.3600,11.3400,11.3400,115,0
D,2013-12-18,11.0000,11.3400,11.0000,11.3400,380,0
D,2013-12-17,10.9000,11.0000,10.9000,11.0000,30,0
D,2013-12-16,10.8600,10.8600,10.8600,10.8600,1,0
D,2013-12-13,10.5600,10.8000,10.5600,10.7600,209,0
D,2013-12-12,10.5000,10.5000,10.5000,10.5000,50,0
D,2013-12-11,10.5000,10.5800,10.5000,10.5600,141,0
D,2013-12-10,10.5600,10.5600,10.5000,10.5000,89,0
D,2013-12-09,10.3000,10.5600,10.3000,10.5600,120,0
D,2013-12-06,10.3000,10.3000,10.3000,10.3000,0,0
D,2013-12-05,10.3000,10.3000,10.3000,10.3000,17,0
D,2013-12-04,10.3000,10.3000,10.3000,10.3000,10,0
D,2013-12-03,10.5000,10.5000,10.5000,10.5000,0,0
D,2013-12-02,10.5000,10.5000,10.5000,10.5000,0,0
D,2013-11-29,10.5000,10.5000,10.5000,10.5000,0,0
D,2013-11-28,10.5000,10.5000,10.5000,10.5000,10,0
D,2013-11-27,10.5000,10.5000,10.5000,10.5000,20,0
D,2013-11-26,10.5000,10.5200,10.5000,10.5200,51,0
D,2013-11-25,10.3000,10.7000,10.3000,10.4800,4748,0
D,2013-11-22,9.9000,9.9000,9.9000,9.9000,0,0
D,2013-11-21,9.9000,9.9000,9.9000,9.9000,0,0
D,2013-11-20,9.9000,9.9000,9.9000,9.9000,0,0
D,2013-11-19,9.9000,9.9000,9.9000,9.9000,0,0
D,2013-11-18,9.9000,9.9000,9.9000,9.9000,0,0
D,2013-11-15,10.0000,10.0000,9.9000,9.9000,11,0
D,2013-11-14,10.2000,10.2000,10.2000,10.2000,0,0
D,2013-11-13,10.2000,10.2000,10.2000,10.2000,20,0
D,2013-11-12,10.2000,11.5000,10.2000,11.5000,11,0
D,2013-11-11,10.3000,10.3000,10.3000,10.3000,10,0
D,2013-11-08,10.3000,10.3000,10.3000,10.3000,0,0
D,2013-11-07,10.3000,10.3000,10.3000,10.3000,14,0
D,2013-11-06,10.3000,10.5000,10.3000,10.4800,171,0
D,2013-11-04,10.2000,11.3000,10.2000,11.3000,48,0
D,2013-11-01,10.3000,10.9000,10.3000,10.9000,22,0
D,2013-10-31,10.3200,10.3200,10.3200,10.3200,8,0
D,2013-10-30,10.5800,10.5800,10.5800,10.5800,0,0
D,2013-10-29,10.5800,10.5800,10.5800,10.5800,10,0
D,2013-10-28,10.4000,10.4000,10.4000,10.4000,729,0
D,2013-10-25,10.5000,10.6000,10.5000,10.6000,30,0
D,2013-10-24,10.5000,10.5000,10.5000,10.5000,10,0
D,2013-10-23,11.1000,11.1000,11.1000,11.1000,0,0
D,2013-10-22,11.1000,11.1000,11.1000,11.1000,0,0
D,2013-10-21,11.1000,11.1000,11.1000,11.1000,0,0
D,2013-10-18,10.4800,11.1000,10.4000,11.1000,65,0
D,2013-10-17,10.3200,10.3200,10.3200,10.3200,0,0
D,2013-10-16,10.3200,10.3200,10.3200,10.3200,4,0
D,2013-10-14,10.4000,10.4000,10.4000,10.4000,0,0
D,2013-10-11,10.4000,10.4000,10.4000,10.4000,0,0
D,2013-10-10,10.4000,10.4000,10.4000,10.4000,0,0
D,2013-10-09,10.4000,10.4000,10.4000,10.4000,0,0
D,2013-10-08,10.4000,10.4000,10.4000,10.4000,0,0
D,2013-10-07,10.4600,10.4600,10.4000,10.4000,30,0
D,2013-10-04,10.4800,10.4800,10.4800,10.4800,5,0
D,2013-10-03,10.4000,10.4000,10.4000,10.4000,0,0
D,2013-10-02,10.4000,10.4000,10.4000,10.4000,1131,0
D,2013-10-01,10.4000,10.4000,10.4000,10.4000,50,0
D,2013-09-30,10.4200,10.4200,10.4200,10.4200,0,0
D,2013-09-27,10.4200,10.4200,10.4200,10.4200,0,0
D,2013-09-26,10.4200,10.4200,10.4200,10.4200,0,0
D,2013-09-25,10.3800,10.4200,10.3800,10.4200,110,0
D,2013-09-24,10.3400,10.3400,10.3400,10.3400,10,0
D,2013-09-23,10.2400,10.3000,10.2400,10.3000,60,0
D,2013-09-20,10.3000,10.3000,10.3000,10.3000,0,0
D,2013-09-19,10.2400,10.3000,10.2400,10.3000,370,0
D,2013-09-18,10.2600,10.2800,10.2600,10.2800,90,0
D,2013-09-17,10.2800,10.2800,10.2400,10.2800,180,0
D,2013-09-13,10.3000,10.3000,10.2400,10.2400,110,0
D,2013-09-12,10.2400,10.2400,10.2400,10.2400,0,0
D,2013-09-11,10.2400,10.2400,10.2400,10.2400,81,0
D,2013-09-10,10.1000,10.1800,10.1000,10.1400,331,0
D,2013-09-09,10.0800,10.1200,10.0800,10.1000,724,0
D,2013-09-06,10.1200,10.1200,10.1000,10.1000,105,0
D,2013-09-05,10.0800,10.0800,10.0800,10.0800,51,0
D,2013-09-04,10.0400,10.0400,9.9200,9.9500,28,0
D,2013-09-03,9.9000,9.9000,9.9000,9.9000,0,0
D,2013-09-02,9.9000,9.9000,9.9000,9.9000,0,0
D,2013-08-30,9.8000,9.9000,9.8000,9.9000,91,0
D,2013-08-29,9.5500,9.5500,9.5500,9.5500,0,0
D,2013-08-28,9.6000,9.6000,9.5000,9.5500,120,0
D,2013-08-27,9.8000,9.8000,9.7000,9.7300,50,0
D,2013-08-26,10.0000,10.0000,10.0000,10.0000,115,0
D,2013-08-23,10.0000,10.0000,9.9000,9.9000,675,0
D,2013-08-22,10.2000,10.2200,10.0000,10.0000,364,0
D,2013-08-21,10.0000,10.2800,10.0000,10.2800,57,0
D,2013-08-20,10.3000,10.3000,10.3000,10.3000,0,0
D,2013-08-19,10.3000,10.3000,10.3000,10.3000,50,0
D,2013-08-16,10.3000,10.3600,10.3000,10.3600,69,0
D,2013-08-15,10.3800,10.4800,10.3000,10.3000,31,0
D,2013-08-14,10.3000,10.3000,10.3000,10.3000,1,0
D,2013-08-13,10.1800,10.4000,10.1800,10.3200,260,0
D,2013-08-12,10.0400,10.1200,10.0000,10.1000,160,0
D,2013-08-07,10.0000,10.0000,10.0000,10.0000,0,0
D,2013-08-06,10.0000,10.0200,10.0000,10.0000,138,0
D,2013-08-05,9.9500,10.0000,9.9500,10.0000,20,0
D,2013-08-02,10.0000,10.0000,10.0000,10.0000,0,0
D,2013-08-01,9.8100,10.0000,9.8100,10.0000,90,0
D,2013-07-31,9.7300,9.7700,9.7300,9.7700,100,0
D,2013-07-30,10.0000,10.0000,10.0000,10.0000,212,0
D,2013-07-29,9.9000,9.9000,9.9000,9.9000,0,0
D,2013-07-26,9.9800,10.1000,9.9000,9.9000,166,0
D,2013-07-25,9.8000,9.9800,9.8000,9.9800,59,0
D,2013-07-24,9.8000,9.8000,9.8000,9.8000,50,0
D,2013-07-23,9.6500,9.6500,9.6500,9.6500,0,0
D,2013-07-22,9.5000,9.6500,9.5000,9.6500,135,0
D,2013-07-19,9.5000,9.5000,9.5000,9.5000,90,0
D,2013-07-18,9.9000,9.9000,9.4000,9.5000,65,0
D,2013-07-17,9.3500,9.3500,9.3500,9.3500,20,0
D,2013-07-16,9.4000,9.4000,9.4000,9.4000,35,0
D,2013-07-15,9.4000,9.4000,9.4000,9.4000,10,0
D,2013-07-12,9.3000,9.3000,9.3000,9.3000,0,0
D,2013-07-11,9.3000,9.3000,9.3000,9.3000,50,0
D,2013-07-10,9.3000,9.3000,9.3000,9.3000,0,0
D,2013-07-09,9.3000,9.3000,9.3000,9.3000,6,0
D,2013-07-08,9.6000,9.6000,9.3000,9.3000,65,0
D,2013-07-05,9.2200,9.2200,9.2200,9.2200,0,0
D,2013-07-04,9.2200,9.2200,9.2200,9.2200,20,0
D,2013-07-03,9.2000,9.2000,9.2000,9.2000,740,0
D,2013-07-02,9.2000,9.2000,9.2000,9.2000,0,0
D,2013-07-01,9.2000,9.2000,9.2000,9.2000,0,0
D,2013-06-28,9.2000,9.2000,9.2000,9.2000,0,0
D,2013-06-27,9.2000,9.2000,9.2000,9.2000,5,0
D,2013-06-26,9.0500,9.1000,9.0500,9.1000,25,0
D,2013-06-25,9.0500,9.0500,9.0500,9.0500,0,0
D,2013-06-24,9.0500,9.0500,9.0500,9.0500,0,0
D,2013-06-21,9.0500,9.0500,9.0500,9.0500,2,0
D,2013-06-20,9.1000,9.1000,9.0100,9.0100,58,0
D,2013-06-19,9.2000,9.2000,9.2000,9.2000,10,0
D,2013-06-18,9.2000,9.2000,9.2000,9.2000,0,0
D,2013-06-17,9.2000,9.2000,9.2000,9.2000,51,0
D,2013-06-14,9.3000,9.3000,9.3000,9.3000,0,0
D,2013-06-13,9.3000,9.3000,9.3000,9.3000,0,0
D,2013-06-12,9.3000,9.3000,9.3000,9.3000,99,0
D,2013-06-11,9.6300,9.6300,9.6300,9.6300,0,0
D,2013-06-10,9.6300,9.6300,9.6300,9.6300,0,0
D,2013-06-07,9.6300,9.6300,9.6300,9.6300,0,0
D,2013-06-06,9.6300,9.6300,9.6300,9.6300,0,0
D,2013-06-05,9.6300,9.6300,9.6300,9.6300,0,0
D,2013-06-04,9.6300,9.6300,9.6300,9.6300,2,0
D,2013-06-03,9.5000,9.5000,9.5000,9.5000,0,0
D,2013-05-31,9.3500,9.5000,9.3500,9.5000,40,0
D,2013-05-30,9.3500,9.5000,9.3000,9.5000,90,0
D,2013-05-29,9.5000,9.5000,9.5000,9.5000,0,0
D,2013-05-28,9.5000,9.5000,9.5000,9.5000,0,0
D,2013-05-27,9.0000,9.5000,9.0000,9.5000,10,0
D,2013-05-23,9.4600,9.4600,9.4600,9.4600,0,0
D,2013-05-22,9.4600,9.4600,9.4600,9.4600,10,0
D,2013-05-21,9.5000,9.5000,9.4500,9.4500,516,0
D,2013-05-20,9.7000,9.7300,9.5000,9.5000,1334,0
D,2013-05-17,9.3200,9.3200,9.3200,9.3200,0,0
D,2013-05-16,9.3200,9.3200,9.3200,9.3200,0,0
D,2013-05-15,9.3200,9.3200,9.3200,9.3200,0,0
D,2013-05-14,9.2900,9.4900,9.2900,9.3200,82,0
D,2013-05-13,9.0100,9.0200,9.0100,9.0200,37,0
D,2013-05-10,9.1000,9.1000,9.1000,9.1000,0,0
D,2013-05-09,9.1000,9.1000,9.1000,9.1000,0,0
D,2013-05-08,9.1000,9.1300,9.1000,9.1000,242,0
D,2013-05-07,8.8000,9.1000,8.8000,9.0200,281,0
D,2013-05-06,8.2200,8.2200,8.2200,8.2200,0,0
D,2013-05-03,8.4200,8.4200,8.2200,8.2200,67,0
D,2013-05-02,8.5000,8.5000,8.5000,8.5000,0,0
D,2013-04-30,8.4000,8.5000,8.3500,8.5000,173,0
D,2013-04-29,8.4000,8.4000,8.4000,8.4000,30,0
D,2013-04-26,8.7000,8.7000,8.7000,8.7000,0,0
D,2013-04-25,8.7000,8.7000,8.7000,8.7000,0,0
D,2013-04-24,8.7000,8.7000,8.7000,8.7000,0,0
D,2013-04-23,8.8500,8.8500,8.7000,8.7000,100,0
D,2013-04-22,8.8500,8.8500,8.8500,8.8500,200,0
D,2013-04-19,8.9000,8.9500,8.9000,8.9000,118,0
D,2013-04-18,8.9000,8.9100,8.8800,8.9000,982,0
D,2013-04-17,9.0500,9.0500,9.0500,9.0500,0,0
D,2013-04-16,8.9000,9.0500,8.9000,9.0500,56,0
D,2013-04-15,8.9000,9.0000,8.9000,8.9000,1029,0
D,2013-04-12,8.9000,9.0300,8.9000,8.9000,260,0
D,2013-04-11,8.7600,8.8800,8.7600,8.8800,60,0
D,2013-04-10,8.7000,8.7000,8.7000,8.7000,0,0
D,2013-04-09,8.6000,8.7000,8.6000,8.7000,81,0
D,2013-04-08,8.4000,8.4000,8.4000,8.4000,0,0
D,2013-04-05,8.4000,8.4000,8.4000,8.4000,425,0
D,2013-04-04,8.4000,8.4000,8.4000,8.4000,100,0
D,2013-04-03,8.4000,8.4100,8.3000,8.4000,1170,0
D,2013-04-02,8.5000,8.6000,8.5000,8.6000,115,0
D,2013-04-01,8.3000,8.3000,8.3000,8.3000,60,0
D,2013-03-29,8.3000,8.3500,8.3000,8.3100,2029,0
D,2013-03-28,8.3500,8.3500,8.3500,8.3500,1014,0
D,2013-03-27,8.3000,8.3500,8.3000,8.3500,312,0
D,2013-03-26,8.3000,8.3500,8.3000,8.3500,70,0
D,2013-03-25,8.3500,8.3500,8.3500,8.3500,0,0
D,2013-03-22,8.3500,8.3500,8.3500,8.3500,0,0
D,2013-03-21,8.1500,8.3500,8.1500,8.3500,559,0
D,2013-03-20,8.1400,8.1500,8.1400,8.1500,80,0
D,2013-03-19,8.0000,8.0000,8.0000,8.0000,0,0
D,2013-03-18,8.0000,8.0000,8.0000,8.0000,45,0
D,2013-03-15,7.9000,7.9000,7.9000,7.9000,0,0
D,2013-03-14,7.9000,7.9000,7.9000,7.9000,20,0
D,2013-03-13,8.0000,8.0000,8.0000,8.0000,100,0
D,2013-03-12,8.1200,8.1400,8.1200,8.1200,114,0
D,2013-03-11,8.1900,8.1900,8.0700,8.1400,379,0
D,2013-03-08,7.9000,8.1000,7.9000,8.0200,151,0
D,2013-03-07,7.9000,7.9300,7.9000,7.9000,110,0
D,2013-03-06,7.8000,7.9300,7.8000,7.9000,43,0
D,2013-03-05,7.5500,7.6000,7.5500,7.6000,30,0
D,2013-03-04,7.4100,7.4100,7.4100,7.4100,0,0
D,2013-03-01,7.4100,7.4100,7.4100,7.4100,10,0
D,2013-02-28,7.4100,7.4100,7.4000,7.4000,166,0
D,2013-02-27,7.4000,7.4500,7.4000,7.4500,670,0
D,2013-02-26,7.6000,7.6000,7.6000,7.6000,0,0
D,2013-02-25,7.6000,7.6000,7.6000,7.6000,0,0
D,2013-02-22,7.3000,7.6000,7.1000,7.6000,126,0
D,2013-02-21,7.6000,7.6000,7.6000,7.6000,1,0
D,2013-02-20,7.4500,7.5000,7.4500,7.5000,36,0
D,2013-02-19,7.6000,7.6000,7.4000,7.4000,3,0
D,2013-02-18,7.6000,7.6000,7.6000,7.6000,1029,0
D,2013-02-15,7.4000,7.5800,7.4000,7.5800,79,0
D,2013-02-14,7.3800,7.4000,7.3800,7.4000,79,0
D,2013-02-13,7.3200,7.3200,7.3200,7.3200,0,0
D,2013-02-08,7.2000,7.3200,7.1800,7.3200,163,0
D,2013-02-07,7.5000,7.5000,7.5000,7.5000,0,0
D,2013-02-06,7.5000,7.5000,7.5000,7.5000,0,0
D,2013-02-05,7.5000,7.5000,7.5000,7.5000,0,0
D,2013-02-04,7.5000,7.5000,7.5000,7.5000,0,0
D,2013-01-31,7.2200,7.5000,7.2200,7.5000,99,0
D,2013-01-30,7.2100,7.2100,7.2000,7.2100,106,0
D,2013-01-29,7.2500,7.2500,7.2100,7.2100,126,0
D,2013-01-25,7.2500,7.2500,7.2500,7.2500,0,0
D,2013-01-23,7.3500,7.3500,7.2500,7.2500,26,0
D,2013-01-22,7.3100,7.3100,7.2200,7.2200,68,0
D,2013-01-21,7.4800,7.4800,7.3200,7.3500,72,0
D,2013-01-18,7.4500,7.5200,7.4500,7.5000,88,0
D,2013-01-17,7.4200,7.5600,7.4200,7.4500,27,0
D,2013-01-16,7.6800,7.6800,7.6800,7.6800,0,0
D,2013-01-15,7.6800,7.6800,7.6800,7.6800,1,0
D,2013-01-14,7.4800,7.6000,7.4800,7.6000,80,0
D,2013-01-11,7.4000,7.4100,7.3200,7.3300,51,0
D,2013-01-10,7.4000,7.4000,7.3000,7.3000,13,0
D,2013-01-09,7.3000,7.3500,7.3000,7.3500,42,0
D,2013-01-08,7.3000,7.3300,7.3000,7.3300,150,0
D,2013-01-07,7.2000,7.2000,7.2000,7.2000,10,0
D,2013-01-04,7.2500,7.2500,7.2500,7.2500,0,0
D,2013-01-03,7.2000,7.3000,7.2000,7.2500,55,0
D,2013-01-02,7.0600,7.1600,7.0600,7.1600,20,0
D,2012-12-31,7.0200,7.2000,7.0200,7.0200,101,0
D,2012-12-28,6.8400,6.8400,6.8400,6.8400,0,0
D,2012-12-27,6.8400,6.8400,6.8400,6.8400,20,0
D,2012-12-26,7.0000,7.0000,7.0000,7.0000,0,0
D,2012-12-24,7.0000,7.0000,7.0000,7.0000,0,0
D,2012-12-21,7.0000,7.0000,7.0000,7.0000,0,0
D,2012-12-20,7.0000,7.0000,7.0000,7.0000,7,0
D,2012-12-19,7.2300,7.2300,7.2300,7.2300,0,0
D,2012-12-18,7.2300,7.2300,7.2300,7.2300,0,0
D,2012-12-17,7.2300,7.2300,7.2300,7.2300,0,0
D,2012-12-14,7.2300,7.2300,7.2300,7.2300,0,0
D,2012-12-13,7.2300,7.2300,7.2300,7.2300,0,0
D,2012-12-12,7.2300,7.2300,7.2300,7.2300,90,0
D,2012-12-11,7.2300,7.2400,7.2200,7.2300,1446,0
D,2012-12-10,7.2100,7.2700,7.2100,7.2300,393,0
D,2012-12-07,7.1200,7.2100,7.1000,7.2100,204,0
D,2012-12-06,7.0400,7.1600,7.0400,7.1600,388,0
D,2012-12-05,6.8200,7.0200,6.8200,7.0200,400,0
D,2012-12-04,6.6500,6.7800,6.6500,6.7800,72,0
D,2012-12-03,6.9000,6.9000,6.9000,6.9000,60,0
D,2012-11-30,7.1500,7.1500,7.1500,7.1500,0,0
D,2012-11-29,7.1400,7.1800,7.1400,7.1500,125,0
D,2012-11-28,7.1200,7.2000,7.1200,7.1200,190,0
D,2012-11-27,7.2000,7.2100,7.1200,7.1200,62,0
D,2012-11-26,7.5100,7.5100,7.4000,7.4100,51,0
D,2012-11-23,7.6900,7.6900,7.6900,7.6900,100,0
D,2012-11-22,7.7000,7.7000,7.6500,7.6700,420,0
D,2012-11-21,7.7400,7.7400,7.7400,7.7400,1060,0
D,2012-11-20,7.6900,7.7500,7.6900,7.7400,1076,0
D,2012-11-19,7.6400,7.6900,7.6400,7.6800,1032,0
D,2012-11-16,7.6200,7.6400,7.6200,7.6400,563,0
D,2012-11-14,7.7200,7.7200,7.7200,7.7200,50,0
D,2012-11-12,7.8100,7.8100,7.6000,7.6200,584,0
D,2012-11-09,7.9000,7.9300,7.8700,7.8700,45,0
D,2012-11-08,8.0200,8.2000,8.0100,8.0100,244,0
D,2012-11-07,7.7500,8.0600,7.7500,8.0100,239,0
D,2012-11-06,7.6200,7.7000,7.6100,7.6500,60,0
D,2012-11-05,7.1000,7.8000,7.0000,7.6200,315,0
D,2012-11-02,7.1500,7.1500,7.0500,7.0800,136,0
D,2012-11-01,6.9800,7.1000,6.9800,7.1000,647,0
D,2012-10-31,6.6800,6.8800,6.6800,6.8800,662,0
D,2012-10-30,6.5800,6.6300,6.5800,6.6300,745,0
D,2012-10-29,6.5000,6.5000,6.5000,6.5000,0,0
D,2012-10-25,6.5000,6.5000,6.5000,6.5000,0,0
D,2012-10-24,6.5000,6.5000,6.5000,6.5000,0,0
D,2012-10-23,6.5000,6.5000,6.5000,6.5000,0,0
D,2012-10-22,6.4300,6.5800,6.4300,6.5000,913,0
D,2012-10-19,6.3200,6.4300,6.3200,6.4300,1692,0
D,2012-10-18,6.3000,6.3000,6.3000,6.3000,20,0
D,2012-10-17,6.3000,6.3000,6.3000,6.3000,0,0
D,2012-10-16,6.3000,6.3000,6.3000,6.3000,0,0
D,2012-10-15,6.3000,6.3000,6.3000,6.3000,10,0
D,2012-10-12,6.2900,6.3000,6.2900,6.3000,115,0
D,2012-10-11,6.2700,6.2700,6.2700,6.2700,0,0
D,2012-10-10,6.2700,6.2700,6.2700,6.2700,50,0
D,2012-10-09,6.2000,6.2700,6.2000,6.2700,26,0
D,2012-10-08,6.1500,6.1500,6.1500,6.1500,0,0
D,2012-10-05,6.1500,6.1500,6.1500,6.1500,0,0
D,2012-10-04,6.1500,6.1500,6.1500,6.1500,0,0
D,2012-10-03,6.1500,6.1500,6.1500,6.1500,0,0
D,2012-05-03,4.6000,4.6000,4.6000,4.6000,0,0
D,2012-05-02,4.6000,4.6000,4.6000,4.6000,10,0
