D,2014-10-14,0.1150,0.1200,0.1150,0.1200,7170,0
D,2014-10-13,0.1200,0.1250,0.1150,0.1150,11021,0
D,2014-10-10,0.1200,0.1200,0.1150,0.1200,2260,0
D,2014-10-09,0.1200,0.1250,0.1200,0.1250,2910,0
D,2014-10-08,0.1200,0.1250,0.1200,0.1200,15324,0
D,2014-10-07,0.1300,0.1300,0.1250,0.1250,4486,0
D,2014-10-03,0.1250,0.1300,0.1250,0.1300,6170,0
D,2014-10-02,0.1300,0.1300,0.1250,0.1250,9369,0
D,2014-10-01,0.1300,0.1300,0.1250,0.1300,2482,0
D,2014-09-30,0.1300,0.1350,0.1300,0.1350,20399,0
D,2014-09-29,0.1300,0.1350,0.1300,0.1300,33365,0
D,2014-09-26,0.1250,0.1250,0.1250,0.1250,7787,0
D,2014-09-25,0.1250,0.1300,0.1250,0.1300,1250,0
D,2014-09-24,0.1250,0.1250,0.1250,0.1250,1870,0
D,2014-09-23,0.1250,0.1250,0.1250,0.1250,9526,0
D,2014-09-22,0.1250,0.1300,0.1250,0.1250,3859,0
D,2014-09-19,0.1250,0.1250,0.1250,0.1250,3919,0
D,2014-09-18,0.1300,0.1300,0.1250,0.1250,3450,0
D,2014-09-17,0.1250,0.1250,0.1250,0.1250,6150,0
D,2014-09-15,0.1300,0.1300,0.1250,0.1300,6866,0
D,2014-09-12,0.1250,0.1300,0.1250,0.1300,5233,0
D,2014-09-11,0.1250,0.1250,0.1250,0.1250,1700,0
D,2014-09-10,0.1250,0.1300,0.1250,0.1250,6886,0
D,2014-09-09,0.1250,0.1300,0.1250,0.1300,4400,0
D,2014-09-08,0.1250,0.1300,0.1250,0.1250,7146,0
D,2014-09-05,0.1250,0.1250,0.1250,0.1250,5100,0
D,2014-09-04,0.1200,0.1300,0.1200,0.1300,553,0
D,2014-09-03,0.1200,0.1250,0.1200,0.1250,3766,0
D,2014-09-02,0.1250,0.1250,0.1250,0.1250,9330,0
D,2014-08-29,0.1250,0.1250,0.1250,0.1250,8178,0
D,2014-08-28,0.1250,0.1250,0.1250,0.1250,6327,0
D,2014-08-27,0.1250,0.1300,0.1200,0.1300,19652,0
D,2014-08-26,0.1300,0.1300,0.1250,0.1250,23273,0
D,2014-08-25,0.1300,0.1300,0.1250,0.1250,16370,0
D,2014-08-22,0.1300,0.1300,0.1250,0.1300,13153,0
D,2014-08-21,0.1300,0.1300,0.1250,0.1300,3632,0
D,2014-08-20,0.1350,0.1350,0.1250,0.1300,45581,0
D,2014-08-19,0.1350,0.1350,0.1300,0.1300,10717,0
D,2014-08-18,0.1350,0.1350,0.1300,0.1300,9478,0
D,2014-08-15,0.1350,0.1350,0.1300,0.1300,6000,0
D,2014-08-14,0.1350,0.1350,0.1300,0.1350,6363,0
D,2014-08-13,0.1300,0.1350,0.1300,0.1350,18354,0
D,2014-08-12,0.1300,0.1350,0.1300,0.1300,16144,0
D,2014-08-11,0.1300,0.1350,0.1250,0.1250,12410,0
D,2014-08-08,0.1300,0.1300,0.1250,0.1300,7522,0
D,2014-08-07,0.1300,0.1300,0.1250,0.1300,10916,0
D,2014-08-06,0.1300,0.1350,0.1300,0.1300,9153,0
D,2014-08-05,0.1300,0.1300,0.1300,0.1300,7727,0
D,2014-08-04,0.1350,0.1350,0.1300,0.1300,14701,0
D,2014-08-01,0.1250,0.1400,0.1250,0.1350,121885,0
D,2014-07-31,0.1300,0.1300,0.1250,0.1300,9880,0
D,2014-07-30,0.1300,0.1300,0.1250,0.1300,10203,0
D,2014-07-25,0.1300,0.1350,0.1300,0.1350,7110,0
D,2014-07-24,0.1300,0.1350,0.1300,0.1350,11563,0
D,2014-07-23,0.1250,0.1400,0.1250,0.1300,103069,0
D,2014-07-22,0.1300,0.1300,0.1250,0.1300,7327,0
D,2014-07-21,0.1250,0.1300,0.1250,0.1250,54999,0
D,2014-07-18,0.1200,0.1250,0.1200,0.1200,3840,0
D,2014-07-17,0.1200,0.1250,0.1200,0.1200,3700,0
D,2014-07-16,0.1250,0.1250,0.1200,0.1200,2676,0
D,2014-07-14,0.1200,0.1250,0.1200,0.1200,8750,0
D,2014-07-11,0.1250,0.1250,0.1200,0.1200,4306,0
D,2014-07-10,0.1200,0.1300,0.1200,0.1200,17436,0
D,2014-07-09,0.1250,0.1250,0.1200,0.1200,6298,0
D,2014-07-08,0.1250,0.1300,0.1200,0.1300,5030,0
D,2014-07-07,0.1250,0.1300,0.1250,0.1300,9703,0
D,2014-07-04,0.1200,0.1350,0.1200,0.1300,107827,0
D,2014-07-03,0.1150,0.1200,0.1150,0.1200,1960,0
D,2014-07-02,0.1200,0.1200,0.1150,0.1150,1143,0
D,2014-07-01,0.1150,0.1200,0.1150,0.1150,1572,0
D,2014-06-30,0.1200,0.1200,0.1150,0.1150,3093,0
D,2014-06-27,0.1200,0.1200,0.1200,0.1200,5600,0
D,2014-06-26,0.1200,0.1200,0.1150,0.1200,1053,0
D,2014-06-25,0.1200,0.1200,0.1200,0.1200,6660,0
D,2014-06-24,0.1200,0.1200,0.1150,0.1200,2849,0
D,2014-06-23,0.1200,0.1250,0.1200,0.1250,8066,0
D,2014-06-20,0.1150,0.1250,0.1150,0.1200,12015,0
D,2014-06-19,0.1200,0.1200,0.1200,0.1200,1930,0
D,2014-06-18,0.1150,0.1200,0.1150,0.1200,1478,0
D,2014-06-17,0.1150,0.1200,0.1150,0.1150,2130,0
D,2014-06-16,0.1150,0.1150,0.1150,0.1150,275,0
D,2014-06-13,0.1150,0.1150,0.1150,0.1150,900,0
D,2014-06-12,0.1150,0.1150,0.1150,0.1150,2873,0
D,2014-06-11,0.1150,0.1150,0.1100,0.1100,4061,0
D,2014-06-10,0.1100,0.1150,0.1100,0.1150,4503,0
D,2014-06-09,0.1150,0.1150,0.1150,0.1150,600,0
D,2014-06-06,0.1150,0.1150,0.1100,0.1150,4485,0
D,2014-06-05,0.1100,0.1100,0.1100,0.1100,428,0
D,2014-06-04,0.1100,0.1150,0.1100,0.1100,6378,0
D,2014-06-03,0.1100,0.1100,0.1100,0.1100,500,0
D,2014-06-02,0.1100,0.1150,0.1100,0.1100,5336,0
D,2014-05-30,0.1100,0.1150,0.1100,0.1100,6280,0
D,2014-05-29,0.1150,0.1150,0.1100,0.1100,4737,0
D,2014-05-28,0.1100,0.1150,0.1100,0.1150,10583,0
D,2014-05-28,0.1100,0.1150,0.1100,0.1150,10583,0
D,2014-05-27,0.1550,0.1600,0.1500,0.1500,16903,0
D,2014-05-26,0.1550,0.1600,0.1550,0.1600,8823,0
D,2014-05-23,0.1600,0.1600,0.1550,0.1550,6767,0
D,2014-05-22,0.1600,0.1600,0.1550,0.1550,3143,0
D,2014-05-21,0.1600,0.1600,0.1550,0.1600,12753,0
D,2014-05-20,0.1650,0.1650,0.1600,0.1600,10144,0
D,2014-05-19,0.1600,0.1650,0.1600,0.1600,30108,0
D,2014-05-16,0.1600,0.1650,0.1600,0.1650,2259,0
D,2014-05-15,0.1600,0.1650,0.1600,0.1650,1054,0
D,2014-05-14,0.1600,0.1650,0.1600,0.1650,1600,0
D,2014-05-12,0.1600,0.1650,0.1600,0.1650,2993,0
D,2014-05-09,0.1650,0.1650,0.1600,0.1650,850,0
D,2014-05-08,0.1600,0.1650,0.1600,0.1650,3511,0
D,2014-05-07,0.1600,0.1650,0.1600,0.1650,1317,0
D,2014-05-06,0.1600,0.1650,0.1600,0.1650,2800,0
D,2014-05-05,0.1650,0.1650,0.1600,0.1650,3903,0
D,2014-05-02,0.1650,0.1650,0.1600,0.1650,3220,0
D,2014-04-30,0.1600,0.1650,0.1600,0.1650,5701,0
D,2014-04-29,0.1600,0.1650,0.1550,0.1650,16870,0
D,2014-04-28,0.1650,0.1650,0.1600,0.1650,3452,0
D,2014-04-25,0.1700,0.1700,0.1650,0.1700,5300,0
D,2014-04-24,0.1650,0.1700,0.1650,0.1700,4196,0
D,2014-04-23,0.1650,0.1650,0.1600,0.1650,9346,0
D,2014-04-22,0.1600,0.1700,0.1600,0.1650,10368,0
D,2014-04-21,0.1650,0.1700,0.1650,0.1650,8859,0
D,2014-04-18,0.1650,0.1650,0.1600,0.1600,3516,0
D,2014-04-17,0.1600,0.1650,0.1600,0.1650,12679,0
D,2014-04-16,0.1600,0.1600,0.1600,0.1600,7020,0
D,2014-04-15,0.1650,0.1650,0.1600,0.1600,4110,0
D,2014-04-14,0.1600,0.1650,0.1600,0.1650,2887,0
D,2014-04-11,0.1600,0.1600,0.1600,0.1600,6720,0
D,2014-04-10,0.1650,0.1650,0.1600,0.1600,1950,0
D,2014-04-09,0.1600,0.1650,0.1600,0.1600,7310,0
D,2014-04-08,0.1600,0.1600,0.1550,0.1600,2115,0
D,2014-04-07,0.1600,0.1600,0.1600,0.1600,3658,0
D,2014-04-04,0.1600,0.1600,0.1600,0.1600,3154,0
D,2014-04-03,0.1600,0.1600,0.1600,0.1600,2976,0
D,2014-04-02,0.1600,0.1650,0.1550,0.1600,11012,0
D,2014-04-01,0.1600,0.1650,0.1550,0.1600,4900,0
D,2014-03-31,0.1600,0.1650,0.1550,0.1550,10452,0
D,2014-03-28,0.1600,0.1600,0.1550,0.1550,3501,0
D,2014-03-27,0.1600,0.1600,0.1600,0.1600,7414,0
D,2014-03-26,0.1550,0.1600,0.1550,0.1600,7264,0
D,2014-03-25,0.1600,0.1600,0.1550,0.1600,5865,0
D,2014-03-24,0.1650,0.1650,0.1600,0.1600,6150,0
D,2014-03-21,0.1600,0.1650,0.1550,0.1650,4819,0
D,2014-03-20,0.1600,0.1650,0.1550,0.1550,48602,0
D,2014-03-19,0.1550,0.1600,0.1550,0.1550,9569,0
D,2014-03-18,0.1550,0.1550,0.1500,0.1500,1434,0
D,2014-03-17,0.1550,0.1550,0.1500,0.1500,3247,0
D,2014-03-14,0.1550,0.1550,0.1550,0.1550,1588,0
D,2014-03-13,0.1550,0.1550,0.1500,0.1550,4666,0
D,2014-03-12,0.1550,0.1550,0.1500,0.1500,7101,0
D,2014-03-11,0.1550,0.1600,0.1550,0.1550,11792,0
D,2014-03-10,0.1550,0.1550,0.1500,0.1500,8800,0
D,2014-03-07,0.1550,0.1550,0.1550,0.1550,11850,0
D,2014-03-06,0.1550,0.1550,0.1500,0.1500,9938,0
D,2014-03-05,0.1550,0.1550,0.1500,0.1500,29254,0
D,2014-03-04,0.1550,0.1550,0.1500,0.1550,1511,0
D,2014-03-03,0.1550,0.1550,0.1500,0.1500,6260,0
D,2014-02-28,0.1500,0.1550,0.1500,0.1500,1330,0
D,2014-02-27,0.1550,0.1550,0.1500,0.1500,1328,0
D,2014-02-26,0.1550,0.1550,0.1550,0.1550,1872,0
D,2014-02-25,0.1550,0.1550,0.1500,0.1550,5906,0
D,2014-02-24,0.1550,0.1600,0.1550,0.1550,8840,0
D,2014-02-21,0.1550,0.1600,0.1550,0.1600,22513,0
D,2014-02-20,0.1500,0.1550,0.1500,0.1500,2817,0
D,2014-02-19,0.1500,0.1550,0.1500,0.1550,7280,0
D,2014-02-18,0.1550,0.1550,0.1500,0.1550,6631,0
D,2014-02-17,0.1500,0.1550,0.1500,0.1550,4842,0
D,2014-02-14,0.1500,0.1550,0.1500,0.1500,10370,0
D,2014-02-13,0.1500,0.1500,0.1450,0.1500,5023,0
D,2014-02-12,0.1500,0.1500,0.1450,0.1450,3259,0
D,2014-02-11,0.1450,0.1500,0.1450,0.1500,4983,0
D,2014-02-10,0.1400,0.1450,0.1400,0.1400,1254,0
D,2014-02-07,0.1400,0.1450,0.1400,0.1450,3949,0
D,2014-02-06,0.1450,0.1450,0.1400,0.1450,301,0
D,2014-02-05,0.1400,0.1450,0.1400,0.1400,6016,0
D,2014-02-04,0.1400,0.1450,0.1400,0.1400,11130,0
D,2014-01-30,0.1450,0.1450,0.1450,0.1450,0,0
D,2014-01-29,0.1400,0.1450,0.1350,0.1450,3476,0
D,2014-01-28,0.1450,0.1450,0.1350,0.1400,3274,0
D,2014-01-27,0.1450,0.1450,0.1350,0.1400,14986,0
D,2014-01-24,0.1500,0.1500,0.1450,0.1450,15618,0
D,2014-01-23,0.1500,0.1500,0.1450,0.1450,5201,0
D,2014-01-22,0.1500,0.1500,0.1500,0.1500,2492,0
D,2014-01-21,0.1500,0.1500,0.1500,0.1500,10290,0
D,2014-01-20,0.1550,0.1550,0.1500,0.1550,8947,0
D,2014-01-16,0.2000,0.2050,0.1950,0.2000,58391,0
D,2014-01-15,0.2000,0.2000,0.1950,0.1950,27420,0
D,2014-01-13,0.2050,0.2050,0.1950,0.2000,48695,0
D,2014-01-10,0.2000,0.2050,0.2000,0.2050,25741,0
D,2014-01-09,0.2050,0.2050,0.2000,0.2050,20636,0
D,2014-01-08,0.2050,0.2100,0.2000,0.2050,42059,0
D,2014-01-07,0.1950,0.2050,0.1950,0.2000,218501,0
D,2014-01-06,0.1900,0.1950,0.1850,0.1950,22148,0
D,2014-01-03,0.1850,0.1900,0.1850,0.1850,6080,0
D,2014-01-02,0.1850,0.1850,0.1800,0.1850,21439,0
D,2013-12-31,0.1800,0.1800,0.1800,0.1800,1480,0
D,2013-12-30,0.1800,0.1900,0.1800,0.1850,368,0
D,2013-12-27,0.1850,0.1900,0.1800,0.1900,1466,0
D,2013-12-26,0.1850,0.1850,0.1850,0.1850,3200,0
D,2013-12-24,0.1900,0.1900,0.1850,0.1850,28510,0
D,2013-12-23,0.1850,0.1900,0.1850,0.1900,710,0
D,2013-12-20,0.1850,0.1850,0.1850,0.1850,3619,0
D,2013-12-19,0.1850,0.1850,0.1800,0.1800,3149,0
D,2013-12-18,0.1800,0.1850,0.1800,0.1850,1180,0
D,2013-12-17,0.1850,0.1850,0.1800,0.1850,1750,0
D,2013-12-16,0.1800,0.1850,0.1800,0.1850,1710,0
D,2013-12-13,0.1800,0.1900,0.1800,0.1900,4200,0
D,2013-12-12,0.1900,0.1900,0.1900,0.1900,0,0
D,2013-12-11,0.1850,0.1900,0.1800,0.1900,3101,0
D,2013-12-10,0.1850,0.1850,0.1850,0.1850,725,0
D,2013-12-09,0.1850,0.1850,0.1850,0.1850,1956,0
D,2013-12-06,0.1850,0.1850,0.1850,0.1850,101,0
D,2013-12-05,0.1850,0.1900,0.1850,0.1900,1602,0
D,2013-12-04,0.1850,0.1900,0.1850,0.1900,1730,0
D,2013-12-03,0.1900,0.1900,0.1850,0.1850,2772,0
D,2013-12-02,0.1900,0.1900,0.1900,0.1900,2785,0
D,2013-11-29,0.1900,0.1900,0.1900,0.1900,1433,0
D,2013-11-28,0.1900,0.1950,0.1900,0.1900,13991,0
D,2013-11-27,0.1900,0.1900,0.1850,0.1900,10182,0
D,2013-11-26,0.1900,0.1900,0.1850,0.1850,261,0
D,2013-11-25,0.1900,0.1900,0.1850,0.1900,3165,0
D,2013-11-22,0.1900,0.1950,0.1900,0.1900,1001,0
D,2013-11-21,0.1850,0.1900,0.1850,0.1900,8626,0
D,2013-11-20,0.1850,0.1850,0.1850,0.1850,1194,0
D,2013-11-19,0.1850,0.1900,0.1850,0.1850,2141,0
D,2013-11-18,0.1850,0.1900,0.1850,0.1850,1630,0
D,2013-11-15,0.1900,0.1900,0.1850,0.1850,2790,0
D,2013-11-14,0.1850,0.1900,0.1850,0.1900,406,0
D,2013-11-13,0.1900,0.1900,0.1850,0.1900,4111,0
D,2013-11-12,0.1900,0.1900,0.1850,0.1900,10364,0
D,2013-11-11,0.1900,0.1900,0.1850,0.1900,14411,0
D,2013-11-08,0.1900,0.1900,0.1850,0.1900,9477,0
D,2013-11-07,0.1900,0.1900,0.1850,0.1900,10657,0
D,2013-11-06,0.1900,0.1900,0.1850,0.1850,5517,0
D,2013-11-04,0.1850,0.1900,0.1800,0.1800,4619,0
D,2013-11-01,0.1850,0.1900,0.1800,0.1850,8745,0
D,2013-10-31,0.1850,0.1850,0.1800,0.1800,12038,0
D,2013-10-30,0.1850,0.1900,0.1800,0.1850,7954,0
D,2013-10-29,0.1900,0.1900,0.1800,0.1800,4726,0
D,2013-10-28,0.1850,0.1900,0.1850,0.1900,12580,0
D,2013-10-25,0.1850,0.1950,0.1800,0.1800,73208,0
D,2013-10-24,0.1850,0.1850,0.1800,0.1800,5324,0
D,2013-10-23,0.1850,0.1900,0.1850,0.1850,36550,0
D,2013-10-22,0.1850,0.1850,0.1800,0.1850,17380,0
D,2013-10-21,0.1900,0.1900,0.1850,0.1850,15265,0
D,2013-10-18,0.1850,0.1950,0.1850,0.1900,49400,0
D,2013-10-17,0.1850,0.1900,0.1850,0.1900,16919,0
D,2013-10-16,0.1850,0.1950,0.1800,0.1850,58919,0
D,2013-10-14,0.1800,0.1900,0.1800,0.1900,4980,0
D,2013-10-11,0.1950,0.2000,0.1850,0.1850,51745,0
D,2013-10-10,0.2000,0.2100,0.1850,0.1900,137958,0
D,2013-10-09,0.1850,0.2050,0.1850,0.2050,184334,0
D,2013-10-08,0.1700,0.1700,0.1700,0.1700,16,0
D,2013-10-07,0.1700,0.1750,0.1700,0.1750,5080,0
D,2013-10-04,0.1750,0.1750,0.1700,0.1700,2788,0
D,2013-10-03,0.1700,0.1750,0.1700,0.1700,1155,0
D,2013-10-02,0.1700,0.1750,0.1700,0.1750,6253,0
D,2013-10-01,0.1700,0.1700,0.1700,0.1700,1093,0
D,2013-09-30,0.1700,0.1700,0.1700,0.1700,6540,0
D,2013-09-27,0.1700,0.1700,0.1700,0.1700,835,0
D,2013-09-26,0.1750,0.1750,0.1700,0.1700,400,0
D,2013-09-25,0.1750,0.1750,0.1750,0.1750,500,0
D,2013-09-24,0.1700,0.1750,0.1700,0.1700,1790,0
D,2013-09-23,0.1800,0.1800,0.1750,0.1750,801,0
D,2013-09-20,0.1750,0.1750,0.1700,0.1750,7491,0
D,2013-09-19,0.1700,0.1700,0.1700,0.1700,5394,0
D,2013-09-18,0.1750,0.1750,0.1700,0.1700,1350,0
D,2013-09-17,0.1750,0.1750,0.1700,0.1750,1354,0
D,2013-09-13,0.1700,0.1750,0.1700,0.1750,1602,0
D,2013-09-12,0.1750,0.1750,0.1750,0.1750,4100,0
D,2013-09-11,0.1750,0.1800,0.1750,0.1750,10250,0
D,2013-09-10,0.1700,0.1700,0.1700,0.1700,3660,0
D,2013-09-09,0.1700,0.1750,0.1700,0.1700,7290,0
D,2013-09-06,0.1700,0.1750,0.1700,0.1700,4870,0
D,2013-09-05,0.1700,0.1700,0.1650,0.1650,3310,0
D,2013-09-04,0.1650,0.1700,0.1650,0.1700,3142,0
D,2013-09-03,0.1650,0.1700,0.1650,0.1650,3605,0
D,2013-09-02,0.1700,0.1750,0.1600,0.1700,7557,0
D,2013-08-30,0.1650,0.1750,0.1650,0.1750,8035,0
D,2013-08-29,0.1650,0.1650,0.1600,0.1600,12860,0
D,2013-08-28,0.1600,0.1700,0.1600,0.1600,15274,0
D,2013-08-27,0.1700,0.1700,0.1650,0.1700,17821,0
D,2013-08-26,0.1900,0.2000,0.1750,0.1750,109627,0
D,2013-08-23,0.1650,0.1950,0.1650,0.1800,181326,0
D,2013-08-22,0.1650,0.1650,0.1600,0.1600,9632,0
D,2013-08-21,0.1650,0.1700,0.1600,0.1650,12991,0
D,2013-08-20,0.1650,0.1650,0.1600,0.1600,11830,0
D,2013-08-19,0.1650,0.1650,0.1600,0.1650,8548,0
D,2013-08-16,0.1650,0.1650,0.1650,0.1650,8230,0
D,2013-08-15,0.1650,0.1650,0.1650,0.1650,3575,0
D,2013-08-14,0.1650,0.1650,0.1650,0.1650,10236,0
D,2013-08-13,0.1650,0.1700,0.1600,0.1700,8890,0
D,2013-08-12,0.1700,0.1700,0.1600,0.1650,10724,0
D,2013-08-07,0.1650,0.1700,0.1650,0.1700,18982,0
D,2013-08-06,0.1650,0.1650,0.1600,0.1650,18320,0
D,2013-08-05,0.1650,0.1650,0.1600,0.1650,61150,0
D,2013-08-02,0.1400,0.1650,0.1400,0.1600,32979,0
D,2013-08-01,0.1400,0.1400,0.1400,0.1400,2100,0
D,2013-07-31,0.1400,0.1400,0.1350,0.1350,1543,0
D,2013-07-30,0.1400,0.1400,0.1400,0.1400,300,0
D,2013-07-29,0.1350,0.1350,0.1350,0.1350,0,0
D,2013-07-26,0.1350,0.1400,0.1350,0.1350,2565,0
D,2013-07-25,0.1350,0.1350,0.1350,0.1350,179,0
D,2013-07-24,0.1350,0.1350,0.1350,0.1350,124,0
D,2013-07-23,0.1350,0.1350,0.1350,0.1350,50,0
D,2013-07-22,0.1350,0.1350,0.1350,0.1350,900,0
D,2013-07-19,0.1350,0.1350,0.1350,0.1350,2191,0
D,2013-07-18,0.1350,0.1350,0.1350,0.1350,112,0
D,2013-07-17,0.1350,0.1350,0.1350,0.1350,350,0
D,2013-07-16,0.1350,0.1400,0.1350,0.1400,590,0
D,2013-07-15,0.1400,0.1400,0.1400,0.1400,500,0
D,2013-07-12,0.1350,0.1350,0.1350,0.1350,1134,0
D,2013-07-11,0.1350,0.1400,0.1350,0.1400,1001,0
D,2013-07-10,0.1400,0.1400,0.1400,0.1400,997,0
D,2013-07-09,0.1400,0.1400,0.1350,0.1350,570,0
D,2013-07-08,0.1350,0.1350,0.1350,0.1350,2,0
D,2013-07-05,0.1400,0.1400,0.1350,0.1400,2230,0
D,2013-07-04,0.1400,0.1400,0.1400,0.1400,50,0
D,2013-07-03,0.1350,0.1350,0.1350,0.1350,446,0
D,2013-07-02,0.1400,0.1400,0.1350,0.1350,430,0
D,2013-07-01,0.1400,0.1400,0.1400,0.1400,5180,0
D,2013-06-28,0.1350,0.1350,0.1350,0.1350,100,0
D,2013-06-27,0.1300,0.1300,0.1300,0.1300,25,0
D,2013-06-26,0.1350,0.1350,0.1350,0.1350,200,0
D,2013-06-25,0.1350,0.1350,0.1350,0.1350,10,0
D,2013-06-24,0.1450,0.1450,0.1350,0.1350,101,0
D,2013-06-21,0.1400,0.1400,0.1350,0.1400,499,0
D,2013-06-20,0.1400,0.1450,0.1400,0.1400,2448,0
D,2013-06-19,0.1400,0.1450,0.1400,0.1450,110,0
D,2013-06-18,0.1400,0.1400,0.1400,0.1400,2704,0
D,2013-06-17,0.1400,0.1400,0.1400,0.1400,240,0
D,2013-06-14,0.1400,0.1450,0.1400,0.1450,1854,0
D,2013-06-13,0.1400,0.1400,0.1400,0.1400,1350,0
D,2013-06-12,0.1400,0.1400,0.1400,0.1400,130,0
D,2013-06-11,0.1500,0.1500,0.1400,0.1400,2851,0
D,2013-06-10,0.1500,0.1500,0.1450,0.1450,1700,0
D,2013-06-07,0.1400,0.1500,0.1400,0.1500,4404,0
D,2013-06-06,0.1400,0.1400,0.1400,0.1400,225,0
D,2013-06-05,0.1400,0.1400,0.1400,0.1400,2120,0
D,2013-06-04,0.1450,0.1450,0.1400,0.1400,5,0
D,2013-06-03,0.1450,0.1450,0.1450,0.1450,486,0
D,2013-05-31,0.1450,0.1450,0.1450,0.1450,2350,0
D,2013-05-30,0.1450,0.1450,0.1450,0.1450,1034,0
D,2013-05-29,0.1450,0.1450,0.1450,0.1450,510,0
D,2013-05-28,0.1500,0.1500,0.1450,0.1450,530,0
D,2013-05-27,0.1450,0.1450,0.1450,0.1450,20,0
D,2013-05-23,0.1500,0.1500,0.1450,0.1500,1274,0
D,2013-05-22,0.1450,0.1450,0.1450,0.1450,2599,0
D,2013-05-21,0.1450,0.1550,0.1450,0.1550,1303,0
D,2013-05-20,0.1550,0.1550,0.1450,0.1500,1010,0
D,2013-05-17,0.1450,0.1500,0.1450,0.1500,202,0
D,2013-05-16,0.1600,0.1600,0.1600,0.1600,10,0
D,2013-05-15,0.1450,0.1500,0.1400,0.1500,2959,0
D,2013-05-14,0.1400,0.1400,0.1350,0.1350,400,0
D,2013-05-13,0.1450,0.1450,0.1350,0.1400,1592,0
D,2013-05-10,0.1350,0.1350,0.1350,0.1350,18,0
D,2013-05-09,0.1400,0.1400,0.1350,0.1350,520,0
D,2013-05-08,0.1400,0.1400,0.1350,0.1350,1784,0
D,2013-05-07,0.1350,0.1450,0.1350,0.1400,1811,0
D,2013-05-06,0.1350,0.1350,0.1350,0.1350,19,0
D,2013-05-03,0.1350,0.1350,0.1300,0.1350,1277,0
D,2013-05-02,0.1300,0.1350,0.1300,0.1350,870,0
D,2013-04-30,0.1350,0.1400,0.1350,0.1350,105,0
D,2013-04-29,0.1350,0.1400,0.1350,0.1400,514,0
D,2013-04-26,0.1350,0.1400,0.1350,0.1400,1070,0
D,2013-04-25,0.1400,0.1400,0.1350,0.1400,1772,0
D,2013-04-24,0.1400,0.1400,0.1400,0.1400,2846,0
D,2013-04-23,0.1300,0.1400,0.1300,0.1400,32012,0
D,2013-04-22,0.1350,0.1350,0.1350,0.1350,0,0
D,2013-04-19,0.1350,0.1350,0.1350,0.1350,20,0
D,2013-04-18,0.1450,0.1450,0.1400,0.1400,160,0
D,2013-04-17,0.1450,0.1450,0.1450,0.1450,0,0
D,2013-04-16,0.1450,0.1450,0.1450,0.1450,0,0
D,2013-04-15,0.1400,0.1450,0.1400,0.1450,2004,0
D,2013-04-12,0.1500,0.1500,0.1500,0.1500,100,0
D,2013-04-11,0.1550,0.1550,0.1400,0.1550,150,0
D,2013-04-10,0.1400,0.1450,0.1400,0.1450,1419,0
D,2013-04-09,0.1400,0.1500,0.1400,0.1500,2734,0
D,2013-04-08,0.1400,0.1400,0.1400,0.1400,30,0
D,2013-04-05,0.1400,0.1400,0.1400,0.1400,110,0
D,2013-04-04,0.1400,0.1400,0.1400,0.1400,102,0
D,2013-04-03,0.1400,0.1500,0.1400,0.1500,2024,0
D,2013-04-02,0.1400,0.1450,0.1400,0.1450,510,0
D,2013-04-01,0.1500,0.1500,0.1400,0.1400,2241,0
D,2013-03-29,0.1400,0.1500,0.1400,0.1500,85,0
D,2013-03-28,0.1450,0.1500,0.1400,0.1500,1805,0
D,2013-03-27,0.1450,0.1450,0.1450,0.1450,3351,0
D,2013-03-26,0.1450,0.1450,0.1400,0.1400,2056,0
D,2013-03-25,0.1400,0.1400,0.1400,0.1400,12,0
D,2013-03-22,0.1400,0.1450,0.1400,0.1400,2893,0
D,2013-03-21,0.1400,0.1500,0.1350,0.1500,524,0
D,2013-03-20,0.1400,0.1400,0.1400,0.1400,0,0
D,2013-03-19,0.1400,0.1400,0.1400,0.1400,704,0
D,2013-03-18,0.1400,0.1400,0.1400,0.1400,0,0
D,2013-03-15,0.1400,0.1400,0.1400,0.1400,20,0
D,2013-03-14,0.1400,0.1400,0.1400,0.1400,40,0
D,2013-03-13,0.1400,0.1450,0.1400,0.1450,940,0
D,2013-03-12,0.1400,0.1450,0.1400,0.1450,270,0
D,2013-03-11,0.1450,0.1450,0.1450,0.1450,0,0
D,2013-03-08,0.1400,0.1450,0.1400,0.1450,6364,0
D,2013-03-07,0.1400,0.1400,0.1400,0.1400,150,0
D,2013-03-06,0.1350,0.1500,0.1350,0.1500,532,0
D,2013-03-05,0.1400,0.1500,0.1300,0.1500,1620,0
D,2013-03-04,0.1400,0.1400,0.1400,0.1400,20,0
D,2013-03-01,0.1400,0.1400,0.1400,0.1400,18,0
D,2013-02-28,0.1350,0.1400,0.1350,0.1400,70,0
D,2013-02-27,0.1400,0.1400,0.1400,0.1400,4,0
D,2013-02-26,0.1350,0.1400,0.1350,0.1400,314,0
D,2013-02-25,0.1400,0.1400,0.1400,0.1400,0,0
D,2013-02-22,0.1400,0.1400,0.1400,0.1400,60,0
D,2013-02-21,0.1400,0.1400,0.1400,0.1400,1200,0
D,2013-02-20,0.1400,0.1500,0.1400,0.1500,660,0
D,2013-02-19,0.1400,0.1400,0.1400,0.1400,340,0
D,2013-02-18,0.1400,0.1500,0.1400,0.1500,21,0
D,2013-02-15,0.1450,0.1450,0.1450,0.1450,2435,0
D,2013-02-14,0.1500,0.1500,0.1500,0.1500,1446,0
D,2013-02-13,0.1450,0.1550,0.1450,0.1500,876,0
D,2013-02-08,0.1450,0.1500,0.1450,0.1500,460,0
D,2013-02-07,0.1500,0.1500,0.1500,0.1500,0,0
D,2013-02-06,0.1450,0.1500,0.1450,0.1500,1300,0
D,2013-02-05,0.1450,0.1450,0.1450,0.1450,50,0
D,2013-02-04,0.1500,0.1500,0.1450,0.1450,108,0
D,2013-01-31,0.1450,0.1550,0.1450,0.1550,1089,0
D,2013-01-30,0.1500,0.1550,0.1500,0.1500,2287,0
D,2013-01-29,0.1500,0.1550,0.1500,0.1500,1028,0
D,2013-01-25,0.1500,0.1600,0.1450,0.1550,3564,0
D,2013-01-23,0.1500,0.1500,0.1500,0.1500,8,0
D,2013-01-22,0.1500,0.1500,0.1500,0.1500,2663,0
D,2013-01-21,0.1500,0.1500,0.1500,0.1500,1915,0
D,2013-01-18,0.1500,0.1600,0.1500,0.1550,253,0
D,2013-01-17,0.1550,0.1550,0.1550,0.1550,1834,0
D,2013-01-16,0.1550,0.1550,0.1500,0.1500,1523,0
D,2013-01-15,0.1550,0.1550,0.1500,0.1500,1682,0
D,2013-01-14,0.1500,0.1550,0.1500,0.1500,530,0
D,2013-01-11,0.1550,0.1550,0.1550,0.1550,3175,0
D,2013-01-10,0.1550,0.1550,0.1550,0.1550,0,0
D,2013-01-09,0.1550,0.1550,0.1550,0.1550,2280,0
D,2013-01-08,0.1550,0.1600,0.1550,0.1600,4287,0
D,2013-01-07,0.1550,0.1550,0.1550,0.1550,139,0
D,2013-01-04,0.1500,0.1550,0.1500,0.1550,557,0
D,2013-01-03,0.1550,0.1550,0.1550,0.1550,5357,0
D,2013-01-02,0.1550,0.1600,0.1550,0.1550,420,0
D,2012-12-31,0.1550,0.1600,0.1550,0.1550,2664,0
D,2012-12-28,0.1600,0.1600,0.1600,0.1600,2050,0
D,2012-12-27,0.1600,0.1650,0.1600,0.1600,13898,0
D,2012-12-26,0.1550,0.1600,0.1550,0.1600,1100,0
D,2012-12-24,0.1600,0.1600,0.1550,0.1550,10474,0
D,2012-12-21,0.1600,0.1600,0.1600,0.1600,925,0
D,2012-12-20,0.1600,0.1650,0.1550,0.1650,10210,0
D,2012-12-19,0.1700,0.1700,0.1600,0.1600,5212,0
D,2012-12-18,0.1550,0.1800,0.1500,0.1700,93109,0
D,2012-12-17,0.1500,0.1500,0.1500,0.1500,0,0
D,2012-12-14,0.1500,0.1500,0.1500,0.1500,300,0
D,2012-12-13,0.1500,0.1600,0.1500,0.1500,193,0
D,2012-12-12,0.1550,0.1550,0.1550,0.1550,2020,0
D,2012-12-11,0.1500,0.1550,0.1500,0.1500,1160,0
D,2012-12-10,0.1550,0.1550,0.1500,0.1550,3212,0
D,2012-12-07,0.1500,0.1550,0.1500,0.1550,25,0
D,2012-12-06,0.1500,0.1550,0.1500,0.1550,2530,0
D,2012-12-05,0.1550,0.1550,0.1500,0.1550,970,0
D,2012-12-04,0.1550,0.1550,0.1550,0.1550,5,0
D,2012-12-03,0.1550,0.1550,0.1550,0.1550,110,0
D,2012-11-30,0.1500,0.1500,0.1500,0.1500,10,0
D,2012-11-29,0.1550,0.1550,0.1500,0.1500,1154,0
D,2012-11-28,0.1550,0.1550,0.1550,0.1550,789,0
D,2012-11-27,0.1550,0.1550,0.1550,0.1550,3000,0
D,2012-11-26,0.1500,0.1600,0.1500,0.1550,2378,0
D,2012-11-23,0.1550,0.1600,0.1550,0.1550,742,0
D,2012-11-22,0.1550,0.1550,0.1550,0.1550,1068,0
D,2012-11-21,0.1550,0.1550,0.1500,0.1500,1274,0
D,2012-11-20,0.1550,0.1550,0.1550,0.1550,1100,0
D,2012-11-19,0.1600,0.1600,0.1550,0.1550,5283,0
D,2012-11-16,0.1550,0.1550,0.1550,0.1550,995,0
D,2012-11-14,0.1550,0.1550,0.1550,0.1550,7700,0
D,2012-11-12,0.1550,0.1550,0.1550,0.1550,70,0
D,2012-11-09,0.1550,0.1550,0.1550,0.1550,2268,0
D,2012-11-08,0.1550,0.1550,0.1550,0.1550,0,0
D,2012-11-07,0.1550,0.1600,0.1550,0.1550,2254,0
D,2012-11-06,0.1600,0.1600,0.1550,0.1600,6384,0
D,2012-11-05,0.1600,0.1600,0.1550,0.1550,2800,0
D,2012-11-02,0.1550,0.1600,0.1550,0.1600,4406,0
D,2012-11-01,0.1600,0.1600,0.1550,0.1600,9949,0
D,2012-10-31,0.1600,0.1600,0.1550,0.1600,1385,0
D,2012-10-30,0.1600,0.1600,0.1550,0.1600,5644,0
D,2012-10-29,0.1600,0.1600,0.1600,0.1600,1212,0
D,2012-10-25,0.1600,0.1650,0.1600,0.1650,5402,0
D,2012-10-24,0.1600,0.1650,0.1600,0.1650,4159,0
D,2012-10-23,0.1550,0.1650,0.1550,0.1650,8050,0
D,2012-10-22,0.1550,0.1600,0.1550,0.1600,6911,0
D,2012-10-19,0.1550,0.1600,0.1550,0.1550,1104,0
D,2012-10-18,0.1550,0.1600,0.1550,0.1600,4171,0
D,2012-10-17,0.1550,0.1550,0.1550,0.1550,2155,0
D,2012-10-16,0.1550,0.1550,0.1500,0.1500,5700,0
D,2012-10-15,0.1550,0.1550,0.1550,0.1550,3044,0
D,2012-10-12,0.1550,0.1600,0.1550,0.1600,7955,0
D,2012-10-11,0.1550,0.1550,0.1500,0.1550,3785,0
D,2012-10-10,0.1550,0.1600,0.1550,0.1600,9199,0
D,2012-10-09,0.1550,0.1600,0.1550,0.1600,7366,0
D,2012-10-08,0.1550,0.1600,0.1500,0.1600,27090,0
D,2012-10-05,0.1550,0.1550,0.1500,0.1550,5964,0
D,2012-10-04,0.1550,0.1550,0.1550,0.1550,12414,0
D,2012-10-03,0.1550,0.1600,0.1500,0.1600,10580,0
D,2012-05-03,0.1550,0.1550,0.1500,0.1500,2145,0
D,2012-05-02,0.1550,0.1550,0.1550,0.1550,4247,0
