D,2014-10-14,0.0900,0.0950,0.0850,0.0900,4834,0
D,2014-10-13,0.0900,0.0900,0.0900,0.0900,3241,0
D,2014-10-10,0.0950,0.1000,0.0900,0.1000,1701,0
D,2014-10-09,0.1000,0.1000,0.1000,0.1000,1550,0
D,2014-10-08,0.1000,0.1000,0.1000,0.1000,800,0
D,2014-10-07,0.1000,0.1000,0.1000,0.1000,21378,0
D,2014-10-03,0.1000,0.1050,0.1000,0.1050,826,0
D,2014-10-02,0.1050,0.1050,0.1050,0.1050,2000,0
D,2014-10-01,0.1100,0.1100,0.1050,0.1050,5730,0
D,2014-09-30,0.1000,0.1100,0.1000,0.1050,1860,0
D,2014-09-29,0.1050,0.1050,0.1050,0.1050,5300,0
D,2014-09-26,0.1100,0.1100,0.1100,0.1100,0,0
D,2014-09-25,0.1100,0.1100,0.1100,0.1100,2000,0
D,2014-09-24,0.1000,0.1100,0.1000,0.1100,23259,0
D,2014-09-23,0.1000,0.1000,0.1000,0.1000,2005,0
D,2014-09-22,0.1000,0.1000,0.1000,0.1000,200,0
D,2014-09-19,0.1000,0.1000,0.1000,0.1000,105,0
D,2014-09-18,0.1050,0.1050,0.1050,0.1050,1750,0
D,2014-09-17,0.1000,0.1000,0.1000,0.1000,5525,0
D,2014-09-15,0.1050,0.1050,0.1000,0.1000,333,0
D,2014-09-12,0.1000,0.1000,0.1000,0.1000,1350,0
D,2014-09-11,0.1050,0.1050,0.1050,0.1050,0,0
D,2014-09-10,0.1050,0.1050,0.1050,0.1050,3290,0
D,2014-09-09,0.1000,0.1000,0.1000,0.1000,1110,0
D,2014-09-08,0.1000,0.1000,0.1000,0.1000,240,0
D,2014-09-05,0.1050,0.1050,0.1000,0.1000,490,0
D,2014-09-04,0.1050,0.1050,0.1050,0.1050,0,0
D,2014-09-03,0.1050,0.1050,0.1050,0.1050,845,0
D,2014-09-02,0.1000,0.1000,0.1000,0.1000,9,0
D,2014-08-29,0.1050,0.1100,0.1000,0.1100,18346,0
D,2014-08-28,0.1100,0.1100,0.1050,0.1050,2607,0
D,2014-08-27,0.1050,0.1050,0.1050,0.1050,350,0
D,2014-08-26,0.1050,0.1050,0.1050,0.1050,350,0
D,2014-08-25,0.1100,0.1100,0.1050,0.1050,1880,0
D,2014-08-22,0.1100,0.1100,0.1100,0.1100,5630,0
D,2014-08-21,0.1100,0.1150,0.1050,0.1100,13888,0
D,2014-08-20,0.1100,0.1100,0.1050,0.1050,17781,0
D,2014-08-19,0.1100,0.1100,0.1100,0.1100,1130,0
D,2014-08-18,0.1100,0.1100,0.1100,0.1100,8045,0
D,2014-08-15,0.1100,0.1100,0.1100,0.1100,18190,0
D,2014-08-14,0.1150,0.1150,0.1100,0.1100,37517,0
D,2014-08-13,0.1100,0.1150,0.1100,0.1150,20012,0
D,2014-08-12,0.1050,0.1050,0.1050,0.1050,7869,0
D,2014-08-11,0.1050,0.1050,0.1050,0.1050,805,0
D,2014-08-08,0.1050,0.1050,0.1050,0.1050,5282,0
D,2014-08-07,0.1050,0.1050,0.1050,0.1050,5608,0
D,2014-08-06,0.1050,0.1050,0.1050,0.1050,1482,0
D,2014-08-05,0.1050,0.1050,0.1050,0.1050,10845,0
D,2014-08-04,0.1050,0.1050,0.1050,0.1050,5805,0
D,2014-08-01,0.1050,0.1050,0.1050,0.1050,10652,0
D,2014-07-31,0.1050,0.1050,0.1050,0.1050,3025,0
D,2014-07-30,0.1050,0.1050,0.1050,0.1050,7252,0
D,2014-07-25,0.1050,0.1100,0.1050,0.1050,6711,0
D,2014-07-24,0.1050,0.1050,0.1050,0.1050,8554,0
D,2014-07-23,0.1050,0.1100,0.1050,0.1100,32612,0
D,2014-07-22,0.1000,0.1000,0.0950,0.1000,3792,0
D,2014-07-21,0.1000,0.1050,0.0950,0.1050,5900,0
D,2014-07-18,0.1000,0.1000,0.1000,0.1000,3161,0
D,2014-07-17,0.1000,0.1000,0.1000,0.1000,1000,0
D,2014-07-16,0.1000,0.1000,0.1000,0.1000,2191,0
D,2014-07-14,0.1000,0.1000,0.1000,0.1000,11032,0
D,2014-07-11,0.1000,0.1050,0.1000,0.1050,9080,0
D,2014-07-10,0.1050,0.1050,0.1000,0.1050,3550,0
D,2014-07-09,0.1050,0.1050,0.1000,0.1000,7703,0
D,2014-07-08,0.1050,0.1050,0.1000,0.1050,5569,0
D,2014-07-07,0.1050,0.1100,0.1050,0.1050,1556,0
D,2014-07-04,0.1050,0.1050,0.1050,0.1050,3931,0
D,2014-07-03,0.1050,0.1050,0.1050,0.1050,8136,0
D,2014-07-02,0.1000,0.1100,0.1000,0.1000,21013,0
D,2014-07-01,0.1050,0.1050,0.1000,0.1000,10944,0
D,2014-06-30,0.1050,0.1100,0.1050,0.1050,1887,0
D,2014-06-27,0.1100,0.1100,0.1050,0.1100,4298,0
D,2014-06-26,0.1100,0.1100,0.1100,0.1100,26985,0
D,2014-06-25,0.1100,0.1100,0.1100,0.1100,16951,0
D,2014-06-24,0.1100,0.1100,0.1100,0.1100,10582,0
D,2014-06-23,0.1150,0.1150,0.1100,0.1100,87522,0
D,2014-06-20,0.1150,0.1150,0.1100,0.1100,30125,0
D,2014-06-19,0.1150,0.1150,0.1150,0.1150,14662,0
D,2014-06-18,0.1150,0.1150,0.1100,0.1150,20225,0
D,2014-06-17,0.1150,0.1150,0.1150,0.1150,19470,0
D,2014-06-16,0.1150,0.1150,0.1100,0.1100,19440,0
D,2014-06-13,0.1100,0.1200,0.1100,0.1100,27482,0
D,2014-06-12,0.1100,0.1150,0.1100,0.1100,35633,0
D,2014-06-11,0.1100,0.1150,0.1100,0.1150,28569,0
D,2014-06-10,0.1150,0.1150,0.1100,0.1100,36638,0
D,2014-06-09,0.1150,0.1250,0.1150,0.1150,113572,0
D,2014-06-06,0.1050,0.1150,0.1000,0.1150,67219,0
D,2014-06-05,0.1000,0.1100,0.1000,0.1050,40863,0
D,2014-06-04,0.1000,0.1000,0.0950,0.0950,25705,0
D,2014-06-03,0.0950,0.1000,0.0950,0.1000,35873,0
D,2014-06-02,0.1000,0.1050,0.0950,0.0950,23680,0
D,2014-05-30,0.1100,0.1100,0.1000,0.1000,58035,0
D,2014-05-29,0.1050,0.1150,0.1050,0.1100,128232,0
D,2014-05-28,0.1000,0.1100,0.1000,0.1050,199907,0
D,2014-05-27,0.1100,0.1200,0.1000,0.1050,234098,0
D,2014-05-26,0.0900,0.1200,0.0900,0.1150,499451,0
D,2014-05-23,0.0900,0.0900,0.0850,0.0850,14018,0
D,2014-05-22,0.0900,0.0900,0.0850,0.0900,20520,0
D,2014-05-21,0.0900,0.1000,0.0900,0.0950,84775,0
D,2014-05-20,0.0800,0.0950,0.0800,0.0950,120716,0
D,2014-05-19,0.0750,0.0850,0.0750,0.0800,34427,0
D,2014-05-16,0.0700,0.0700,0.0700,0.0700,0,0
D,2014-05-15,0.0700,0.0700,0.0700,0.0700,140,0
D,2014-05-14,0.0750,0.0750,0.0700,0.0700,2070,0
D,2014-05-12,0.0700,0.0700,0.0700,0.0700,1546,0
D,2014-05-09,0.0700,0.0700,0.0700,0.0700,140,0
D,2014-05-08,0.0700,0.0700,0.0700,0.0700,0,0
D,2014-05-07,0.0700,0.0700,0.0700,0.0700,35,0
D,2014-05-06,0.0700,0.0700,0.0700,0.0700,450,0
D,2014-05-05,0.0700,0.0700,0.0700,0.0700,6552,0
D,2014-05-02,0.0700,0.0700,0.0700,0.0700,2437,0
D,2014-04-30,0.0700,0.0700,0.0700,0.0700,0,0
D,2014-04-29,0.0700,0.0700,0.0700,0.0700,1500,0
D,2014-04-28,0.0700,0.0700,0.0700,0.0700,700,0
D,2014-04-25,0.0700,0.0700,0.0700,0.0700,840,0
D,2014-04-24,0.0700,0.0700,0.0700,0.0700,535,0
D,2014-04-23,0.0700,0.0700,0.0700,0.0700,0,0
D,2014-04-22,0.0750,0.0800,0.0700,0.0700,5509,0
D,2014-04-21,0.0700,0.0700,0.0700,0.0700,70,0
D,2014-04-18,0.0750,0.0750,0.0750,0.0750,0,0
D,2014-04-17,0.0750,0.0750,0.0750,0.0750,10800,0
D,2014-04-16,0.0700,0.0700,0.0700,0.0700,0,0
D,2014-04-15,0.0700,0.0700,0.0700,0.0700,0,0
D,2014-04-14,0.0700,0.0700,0.0700,0.0700,4575,0
D,2014-04-11,0.0700,0.0700,0.0700,0.0700,200,0
D,2014-04-10,0.0700,0.0700,0.0700,0.0700,620,0
D,2014-04-09,0.0700,0.0700,0.0700,0.0700,0,0
D,2014-04-08,0.0700,0.0700,0.0700,0.0700,605,0
D,2014-04-07,0.0700,0.0700,0.0700,0.0700,400,0
D,2014-04-04,0.0700,0.0700,0.0700,0.0700,1960,0
D,2014-04-03,0.0700,0.0700,0.0700,0.0700,0,0
D,2014-04-02,0.0700,0.0700,0.0700,0.0700,4695,0
D,2014-04-01,0.0750,0.0750,0.0750,0.0750,0,0
D,2014-03-31,0.0750,0.0750,0.0750,0.0750,0,0
D,2014-03-28,0.0700,0.0750,0.0700,0.0750,310,0
D,2014-03-27,0.0700,0.0700,0.0700,0.0700,0,0
D,2014-03-26,0.0700,0.0700,0.0700,0.0700,650,0
D,2014-03-25,0.0700,0.0700,0.0700,0.0700,675,0
D,2014-03-24,0.0700,0.0700,0.0700,0.0700,0,0
D,2014-03-21,0.0700,0.0700,0.0700,0.0700,0,0
D,2014-03-20,0.0700,0.0700,0.0700,0.0700,3030,0
D,2014-03-19,0.0700,0.0700,0.0700,0.0700,14563,0
D,2014-03-18,0.0700,0.0700,0.0700,0.0700,0,0
D,2014-03-17,0.0700,0.0700,0.0700,0.0700,0,0
D,2014-03-14,0.0700,0.0700,0.0700,0.0700,10000,0
D,2014-03-13,0.0700,0.0700,0.0700,0.0700,570,0
D,2014-03-12,0.0700,0.0700,0.0700,0.0700,35,0
D,2014-03-11,0.0700,0.0700,0.0700,0.0700,1000,0
D,2014-03-10,0.0700,0.0700,0.0700,0.0700,70,0
D,2014-03-07,0.0700,0.0700,0.0700,0.0700,0,0
D,2014-03-06,0.0700,0.0700,0.0700,0.0700,0,0
D,2014-03-05,0.0700,0.0700,0.0700,0.0700,1063,0
D,2014-03-04,0.0700,0.0700,0.0700,0.0700,480,0
D,2014-03-03,0.0700,0.0700,0.0700,0.0700,2162,0
D,2014-02-28,0.0700,0.0750,0.0700,0.0700,3071,0
D,2014-02-27,0.0800,0.0800,0.0800,0.0800,200,0
D,2014-02-26,0.0750,0.0750,0.0750,0.0750,3316,0
D,2014-02-25,0.0750,0.0750,0.0750,0.0750,1975,0
D,2014-02-24,0.0750,0.0750,0.0750,0.0750,6009,0
D,2014-02-21,0.0750,0.0750,0.0750,0.0750,6565,0
D,2014-02-20,0.0750,0.0750,0.0700,0.0700,1340,0
D,2014-02-19,0.0750,0.0750,0.0750,0.0750,2300,0
D,2014-02-18,0.0700,0.0700,0.0700,0.0700,105,0
D,2014-02-17,0.0700,0.0700,0.0700,0.0700,570,0
D,2014-02-14,0.0750,0.0750,0.0750,0.0750,70,0
D,2014-02-13,0.0750,0.0750,0.0750,0.0750,0,0
D,2014-02-12,0.0750,0.0750,0.0750,0.0750,0,0
D,2014-02-11,0.0750,0.0750,0.0750,0.0750,60,0
D,2014-02-10,0.0750,0.0750,0.0750,0.0750,0,0
D,2014-02-07,0.0750,0.0750,0.0750,0.0750,200,0
D,2014-02-06,0.0700,0.0700,0.0700,0.0700,350,0
D,2014-02-05,0.0700,0.0700,0.0700,0.0700,1000,0
D,2014-02-04,0.0700,0.0700,0.0650,0.0700,9061,0
D,2014-01-30,0.0700,0.0700,0.0700,0.0700,0,0
D,2014-01-29,0.0700,0.0700,0.0700,0.0700,0,0
D,2014-01-28,0.0700,0.0700,0.0700,0.0700,0,0
D,2014-01-27,0.0700,0.0700,0.0700,0.0700,2400,0
D,2014-01-24,0.0700,0.0700,0.0700,0.0700,35,0
D,2014-01-23,0.0700,0.0750,0.0700,0.0750,3102,0
D,2014-01-22,0.0700,0.0700,0.0700,0.0700,500,0
D,2014-01-21,0.0700,0.0700,0.0700,0.0700,0,0
D,2014-01-20,0.0700,0.0700,0.0700,0.0700,545,0
D,2014-01-16,0.0700,0.0700,0.0700,0.0700,11348,0
D,2014-01-15,0.0750,0.0750,0.0750,0.0750,1000,0
D,2014-01-13,0.0700,0.0700,0.0700,0.0700,680,0
D,2014-01-10,0.0700,0.0700,0.0700,0.0700,50,0
D,2014-01-09,0.0750,0.0750,0.0750,0.0750,2200,0
D,2014-01-08,0.0700,0.0750,0.0700,0.0750,1210,0
D,2014-01-07,0.0750,0.0750,0.0750,0.0750,3617,0
D,2014-01-06,0.0700,0.0700,0.0700,0.0700,50,0
D,2014-01-03,0.0700,0.0700,0.0700,0.0700,0,0
D,2014-01-02,0.0700,0.0700,0.0700,0.0700,1050,0
D,2013-12-31,0.0700,0.0700,0.0700,0.0700,20,0
D,2013-12-30,0.0700,0.0700,0.0700,0.0700,0,0
D,2013-12-27,0.0700,0.0700,0.0700,0.0700,80,0
D,2013-12-26,0.0750,0.0750,0.0750,0.0750,35,0
D,2013-12-24,0.0800,0.0800,0.0750,0.0750,201,0
D,2013-12-23,0.0750,0.0800,0.0750,0.0800,5101,0
D,2013-12-20,0.0750,0.0800,0.0750,0.0800,130,0
D,2013-12-19,0.0750,0.0800,0.0750,0.0800,272,0
D,2013-12-18,0.0750,0.0800,0.0750,0.0800,504,0
D,2013-12-17,0.0750,0.0800,0.0750,0.0800,252,0
D,2013-12-16,0.0800,0.0800,0.0800,0.0800,0,0
D,2013-12-13,0.0800,0.0800,0.0800,0.0800,0,0
D,2013-12-12,0.0750,0.0800,0.0750,0.0800,282,0
D,2013-12-11,0.0750,0.0800,0.0750,0.0800,2139,0
D,2013-12-10,0.0750,0.0750,0.0750,0.0750,0,0
D,2013-12-09,0.0750,0.0750,0.0750,0.0750,0,0
D,2013-12-06,0.0750,0.0750,0.0750,0.0750,0,0
D,2013-12-05,0.0750,0.0800,0.0750,0.0750,533,0
D,2013-12-04,0.0750,0.0800,0.0750,0.0800,1164,0
D,2013-12-03,0.0750,0.0800,0.0700,0.0700,1176,0
D,2013-12-02,0.0700,0.0700,0.0700,0.0700,0,0
D,2013-11-29,0.0700,0.0700,0.0700,0.0700,1,0
D,2013-11-28,0.0800,0.0800,0.0800,0.0800,2,0
D,2013-11-27,0.0800,0.0800,0.0750,0.0800,5,0
D,2013-11-26,0.0750,0.0800,0.0750,0.0750,400,0
D,2013-11-25,0.0800,0.0800,0.0700,0.0750,2430,0
D,2013-11-22,0.0750,0.0750,0.0750,0.0750,400,0
D,2013-11-21,0.0750,0.0800,0.0750,0.0800,729,0
D,2013-11-20,0.0750,0.0750,0.0750,0.0750,1333,0
D,2013-11-19,0.0750,0.0750,0.0750,0.0750,0,0
D,2013-11-18,0.0750,0.0800,0.0750,0.0750,1466,0
D,2013-11-15,0.0700,0.0800,0.0700,0.0800,2143,0
D,2013-11-14,0.0750,0.0750,0.0700,0.0750,2570,0
D,2013-11-13,0.0750,0.0750,0.0700,0.0700,2285,0
D,2013-11-12,0.0750,0.0750,0.0700,0.0700,7038,0
D,2013-11-11,0.0750,0.0750,0.0700,0.0700,1070,0
D,2013-11-08,0.0750,0.0750,0.0700,0.0700,378,0
D,2013-11-07,0.0700,0.0700,0.0700,0.0700,175,0
D,2013-11-06,0.0700,0.0700,0.0700,0.0700,0,0
D,2013-11-04,0.0700,0.0700,0.0700,0.0700,0,0
D,2013-11-01,0.0700,0.0700,0.0700,0.0700,0,0
D,2013-10-31,0.0700,0.0750,0.0700,0.0700,212,0
D,2013-10-30,0.0700,0.0700,0.0700,0.0700,0,0
D,2013-10-29,0.0700,0.0700,0.0700,0.0700,35,0
D,2013-10-28,0.0750,0.0750,0.0700,0.0750,1220,0
D,2013-10-25,0.0700,0.0700,0.0700,0.0700,1225,0
D,2013-10-24,0.0700,0.0700,0.0700,0.0700,0,0
D,2013-10-23,0.0700,0.0700,0.0700,0.0700,0,0
D,2013-10-22,0.0700,0.0700,0.0700,0.0700,1130,0
D,2013-10-21,0.0700,0.0700,0.0700,0.0700,2035,0
D,2013-10-18,0.0700,0.0700,0.0700,0.0700,35,0
D,2013-10-17,0.0700,0.0700,0.0700,0.0700,9875,0
D,2013-10-16,0.0700,0.0750,0.0700,0.0750,330,0
D,2013-10-14,0.0700,0.0700,0.0700,0.0700,1000,0
D,2013-10-11,0.0700,0.0700,0.0700,0.0700,0,0
D,2013-10-10,0.0700,0.0700,0.0700,0.0700,147,0
D,2013-10-09,0.0700,0.0700,0.0700,0.0700,4600,0
D,2013-10-08,0.0700,0.0700,0.0700,0.0700,1000,0
D,2013-10-07,0.0700,0.0750,0.0700,0.0700,10036,0
D,2013-10-04,0.0750,0.0750,0.0700,0.0700,4069,0
D,2013-10-03,0.0700,0.0700,0.0700,0.0700,385,0
D,2013-10-02,0.0700,0.0700,0.0700,0.0700,250,0
D,2013-10-01,0.0700,0.0700,0.0700,0.0700,1186,0
D,2013-09-30,0.0700,0.0700,0.0700,0.0700,0,0
D,2013-09-27,0.0700,0.0700,0.0700,0.0700,0,0
D,2013-09-26,0.0700,0.0700,0.0700,0.0700,0,0
D,2013-09-25,0.0750,0.0750,0.0700,0.0700,3258,0
D,2013-09-24,0.0750,0.0750,0.0750,0.0750,1001,0
D,2013-09-23,0.0750,0.0750,0.0750,0.0750,0,0
D,2013-09-20,0.0750,0.0750,0.0750,0.0750,0,0
D,2013-09-19,0.0750,0.0750,0.0750,0.0750,0,0
D,2013-09-18,0.0750,0.0750,0.0750,0.0750,0,0
D,2013-09-17,0.0700,0.0750,0.0700,0.0750,106,0
D,2013-09-13,0.0700,0.0700,0.0700,0.0700,240,0
D,2013-09-12,0.0700,0.0700,0.0700,0.0700,350,0
D,2013-09-11,0.0700,0.0700,0.0700,0.0700,350,0
D,2013-09-10,0.0700,0.0700,0.0700,0.0700,2788,0
D,2013-09-09,0.0700,0.0700,0.0700,0.0700,0,0
D,2013-09-06,0.0700,0.0700,0.0700,0.0700,0,0
D,2013-09-05,0.0700,0.0700,0.0700,0.0700,7975,0
D,2013-09-04,0.0700,0.0700,0.0700,0.0700,0,0
D,2013-09-03,0.0700,0.0700,0.0700,0.0700,0,0
D,2013-09-02,0.0700,0.0700,0.0700,0.0700,3175,0
D,2013-08-30,0.0750,0.0750,0.0750,0.0750,0,0
D,2013-08-29,0.0700,0.0750,0.0700,0.0750,2352,0
D,2013-08-28,0.0700,0.0750,0.0700,0.0750,4567,0
D,2013-08-27,0.0700,0.0700,0.0700,0.0700,1000,0
D,2013-08-26,0.0750,0.0800,0.0750,0.0800,9047,0
D,2013-08-23,0.0700,0.0700,0.0700,0.0700,0,0
D,2013-08-22,0.0700,0.0750,0.0700,0.0700,8437,0
D,2013-08-21,0.0750,0.0750,0.0700,0.0700,105,0
D,2013-08-20,0.0750,0.0800,0.0750,0.0800,1886,0
D,2013-08-19,0.0750,0.0750,0.0750,0.0750,200,0
D,2013-08-16,0.0750,0.0750,0.0750,0.0750,442,0
D,2013-08-15,0.0750,0.0750,0.0750,0.0750,350,0
D,2013-08-14,0.0700,0.0700,0.0700,0.0700,0,0
D,2013-08-13,0.0700,0.0700,0.0700,0.0700,0,0
D,2013-08-12,0.0700,0.0700,0.0700,0.0700,35,0
D,2013-08-07,0.0700,0.0700,0.0700,0.0700,70,0
D,2013-08-06,0.0800,0.0800,0.0800,0.0800,0,0
D,2013-08-05,0.0700,0.0800,0.0700,0.0800,101,0
D,2013-08-02,0.0750,0.0800,0.0750,0.0800,247,0
D,2013-08-01,0.0750,0.0800,0.0750,0.0800,603,0
D,2013-07-31,0.0750,0.0750,0.0750,0.0750,8784,0
D,2013-07-30,0.0750,0.0750,0.0750,0.0750,4326,0
D,2013-07-29,0.0750,0.0750,0.0750,0.0750,1190,0
D,2013-07-26,0.0750,0.0750,0.0750,0.0750,0,0
D,2013-07-25,0.0750,0.0750,0.0750,0.0750,175,0
D,2013-07-24,0.0750,0.0750,0.0750,0.0750,5000,0
D,2013-07-23,0.0750,0.0750,0.0750,0.0750,35,0
D,2013-07-22,0.0750,0.0800,0.0750,0.0750,2002,0
D,2013-07-19,0.0750,0.0800,0.0750,0.0800,1070,0
D,2013-07-18,0.0750,0.0750,0.0750,0.0750,180,0
D,2013-07-17,0.0750,0.0750,0.0750,0.0750,0,0
D,2013-07-16,0.0750,0.0750,0.0750,0.0750,1077,0
D,2013-07-15,0.0800,0.0800,0.0800,0.0800,4500,0
D,2013-07-12,0.0750,0.0750,0.0750,0.0750,0,0
D,2013-07-11,0.0750,0.0750,0.0750,0.0750,675,0
D,2013-07-10,0.0700,0.0700,0.0700,0.0700,70,0
D,2013-07-09,0.0750,0.0750,0.0750,0.0750,2700,0
D,2013-07-08,0.0750,0.0750,0.0750,0.0750,970,0
D,2013-07-05,0.0750,0.0750,0.0750,0.0750,4000,0
D,2013-07-04,0.0750,0.0750,0.0750,0.0750,6370,0
D,2013-07-03,0.0750,0.0750,0.0750,0.0750,400,0
D,2013-07-02,0.0750,0.0750,0.0750,0.0750,1060,0
D,2013-07-01,0.0750,0.0750,0.0750,0.0750,0,0
D,2013-06-28,0.0750,0.0750,0.0750,0.0750,2270,0
D,2013-06-27,0.0800,0.0800,0.0800,0.0800,0,0
D,2013-06-26,0.0750,0.0800,0.0750,0.0800,10818,0
D,2013-06-25,0.0750,0.0750,0.0700,0.0750,10555,0
D,2013-06-24,0.0750,0.0750,0.0750,0.0750,1388,0
D,2013-06-21,0.0800,0.0800,0.0800,0.0800,0,0
D,2013-06-20,0.0750,0.0800,0.0750,0.0800,4627,0
D,2013-06-19,0.0750,0.0750,0.0750,0.0750,8369,0
D,2013-06-18,0.0750,0.0750,0.0750,0.0750,1270,0
D,2013-06-17,0.0800,0.0800,0.0750,0.0750,1880,0
D,2013-06-14,0.0800,0.0800,0.0800,0.0800,251,0
D,2013-06-13,0.0800,0.0800,0.0800,0.0800,7822,0
D,2013-06-12,0.0750,0.0750,0.0750,0.0750,6175,0
D,2013-06-11,0.0750,0.0750,0.0750,0.0750,6988,0
D,2013-06-10,0.0750,0.0750,0.0750,0.0750,200,0
D,2013-06-07,0.0750,0.0750,0.0750,0.0750,0,0
D,2013-06-06,0.0750,0.0750,0.0700,0.0750,2744,0
D,2013-06-05,0.0750,0.0750,0.0750,0.0750,710,0
D,2013-06-04,0.0750,0.0750,0.0750,0.0750,412,0
D,2013-06-03,0.0750,0.0750,0.0750,0.0750,4823,0
D,2013-05-31,0.0800,0.0800,0.0800,0.0800,2,0
D,2013-05-30,0.0750,0.0800,0.0750,0.0800,1950,0
D,2013-05-29,0.0750,0.0750,0.0750,0.0750,2075,0
D,2013-05-28,0.0750,0.0750,0.0750,0.0750,70,0
D,2013-05-27,0.0750,0.0750,0.0750,0.0750,700,0
D,2013-05-23,0.0800,0.0800,0.0750,0.0800,4157,0
D,2013-05-22,0.0800,0.0800,0.0800,0.0800,3265,0
D,2013-05-21,0.0800,0.0800,0.0800,0.0800,1070,0
D,2013-05-20,0.0800,0.0800,0.0800,0.0800,2455,0
D,2013-05-17,0.0800,0.0800,0.0800,0.0800,2500,0
D,2013-05-16,0.0750,0.0750,0.0750,0.0750,1120,0
D,2013-05-15,0.0800,0.0800,0.0750,0.0750,3910,0
D,2013-05-14,0.0800,0.0800,0.0800,0.0800,0,0
D,2013-05-13,0.0800,0.0800,0.0800,0.0800,5560,0
D,2013-05-10,0.0750,0.0800,0.0750,0.0800,7105,0
D,2013-05-09,0.0700,0.0700,0.0700,0.0700,785,0
D,2013-05-08,0.0700,0.0700,0.0700,0.0700,1202,0
D,2013-05-07,0.0650,0.0650,0.0650,0.0650,1802,0
D,2013-05-06,0.0700,0.0700,0.0700,0.0700,1450,0
D,2013-05-03,0.0650,0.0700,0.0650,0.0700,3700,0
D,2013-05-02,0.0650,0.0650,0.0650,0.0650,2075,0
D,2013-04-30,0.0700,0.0700,0.0650,0.0650,1070,0
D,2013-04-29,0.0700,0.0700,0.0700,0.0700,1598,0
D,2013-04-26,0.0650,0.0650,0.0650,0.0650,0,0
D,2013-04-25,0.0650,0.0650,0.0650,0.0650,0,0
D,2013-04-24,0.0650,0.0650,0.0650,0.0650,40,0
D,2013-04-23,0.0700,0.0750,0.0700,0.0700,964,0
D,2013-04-22,0.0700,0.0700,0.0700,0.0700,0,0
D,2013-04-19,0.0700,0.0700,0.0700,0.0700,585,0
D,2013-04-18,0.0700,0.0700,0.0700,0.0700,0,0
D,2013-04-17,0.0700,0.0700,0.0700,0.0700,1532,0
D,2013-04-16,0.0700,0.0700,0.0700,0.0700,1035,0
D,2013-04-15,0.0700,0.0700,0.0700,0.0700,0,0
D,2013-04-12,0.0700,0.0700,0.0700,0.0700,0,0
D,2013-04-11,0.0700,0.0700,0.0700,0.0700,0,0
D,2013-04-10,0.0700,0.0700,0.0700,0.0700,0,0
D,2013-04-09,0.0700,0.0700,0.0700,0.0700,1000,0
D,2013-04-08,0.0700,0.0750,0.0700,0.0750,240,0
D,2013-04-05,0.0750,0.0750,0.0650,0.0700,1780,0
D,2013-04-04,0.0700,0.0700,0.0700,0.0700,0,0
D,2013-04-03,0.0700,0.0700,0.0700,0.0700,0,0
D,2013-04-02,0.0700,0.0700,0.0650,0.0700,1207,0
D,2013-04-01,0.0700,0.0700,0.0700,0.0700,9,0
D,2013-03-29,0.0700,0.0700,0.0700,0.0700,0,0
D,2013-03-28,0.0650,0.0700,0.0650,0.0700,155,0
D,2013-03-27,0.0700,0.0700,0.0650,0.0650,1042,0
D,2013-03-26,0.0750,0.0750,0.0750,0.0750,0,0
D,2013-03-25,0.0750,0.0750,0.0750,0.0750,1,0
D,2013-03-22,0.0700,0.0800,0.0650,0.0650,1256,0
D,2013-03-21,0.0700,0.0800,0.0700,0.0800,1000,0
D,2013-03-20,0.0700,0.0700,0.0700,0.0700,1071,0
D,2013-03-19,0.0650,0.0650,0.0650,0.0650,1070,0
D,2013-03-18,0.0650,0.0650,0.0650,0.0650,175,0
D,2013-03-15,0.0650,0.0650,0.0650,0.0650,355,0
D,2013-03-14,0.0700,0.0700,0.0700,0.0700,0,0
D,2013-03-13,0.0700,0.0700,0.0700,0.0700,0,0
D,2013-03-12,0.0650,0.0700,0.0650,0.0700,6455,0
D,2013-03-11,0.0650,0.0650,0.0650,0.0650,0,0
D,2013-03-08,0.0650,0.0700,0.0650,0.0650,935,0
D,2013-03-07,0.0700,0.0700,0.0650,0.0700,790,0
D,2013-03-06,0.0700,0.0750,0.0700,0.0750,110,0
D,2013-03-05,0.0700,0.0700,0.0650,0.0700,210,0
D,2013-03-04,0.0700,0.0700,0.0700,0.0700,2000,0
D,2013-03-01,0.0750,0.0750,0.0750,0.0750,0,0
D,2013-02-28,0.0700,0.0750,0.0700,0.0750,1470,0
D,2013-02-27,0.0700,0.0700,0.0650,0.0700,2071,0
D,2013-02-26,0.0750,0.0750,0.0750,0.0750,2,0
D,2013-02-25,0.0700,0.0700,0.0700,0.0700,114,0
D,2013-02-22,0.0700,0.0700,0.0700,0.0700,800,0
D,2013-02-21,0.0700,0.0700,0.0700,0.0700,2994,0
D,2013-02-20,0.0700,0.0700,0.0700,0.0700,295,0
D,2013-02-19,0.0700,0.0700,0.0700,0.0700,1000,0
D,2013-02-18,0.0700,0.0700,0.0700,0.0700,685,0
D,2013-02-15,0.0700,0.0700,0.0700,0.0700,500,0
D,2013-02-14,0.0700,0.0750,0.0650,0.0700,4300,0
D,2013-02-13,0.0700,0.0700,0.0700,0.0700,0,0
D,2013-02-08,0.0700,0.0700,0.0700,0.0700,70,0
D,2013-02-07,0.0700,0.0750,0.0650,0.0700,7712,0
D,2013-02-06,0.0750,0.0750,0.0750,0.0750,0,0
D,2013-02-05,0.0750,0.0750,0.0750,0.0750,0,0
D,2013-02-04,0.0750,0.0750,0.0750,0.0750,0,0
D,2013-01-31,0.0750,0.0750,0.0750,0.0750,2490,0
D,2013-01-30,0.0750,0.0750,0.0700,0.0700,2182,0
D,2013-01-29,0.0750,0.0750,0.0750,0.0750,0,0
D,2013-01-25,0.0750,0.0750,0.0750,0.0750,0,0
D,2013-01-23,0.0750,0.0750,0.0750,0.0750,3205,0
D,2013-01-22,0.0750,0.0750,0.0750,0.0750,4850,0
D,2013-01-21,0.0750,0.0750,0.0700,0.0700,1138,0
D,2013-01-18,0.0750,0.0750,0.0750,0.0750,2740,0
D,2013-01-17,0.0750,0.0750,0.0700,0.0750,4570,0
D,2013-01-16,0.0750,0.0750,0.0750,0.0750,2200,0
D,2013-01-15,0.0750,0.0750,0.0750,0.0750,290,0
D,2013-01-14,0.0750,0.0750,0.0750,0.0750,480,0
D,2013-01-11,0.0750,0.0750,0.0750,0.0750,35,0
D,2013-01-10,0.0750,0.0800,0.0750,0.0750,820,0
D,2013-01-09,0.0750,0.0750,0.0750,0.0750,185,0
D,2013-01-08,0.0750,0.0750,0.0750,0.0750,2150,0
D,2013-01-07,0.0750,0.0750,0.0750,0.0750,750,0
D,2013-01-04,0.0750,0.0750,0.0750,0.0750,455,0
D,2013-01-03,0.0750,0.0750,0.0700,0.0750,1066,0
D,2013-01-02,0.0750,0.0750,0.0750,0.0750,6495,0
D,2012-12-31,0.0750,0.0750,0.0750,0.0750,1240,0
D,2012-12-28,0.0750,0.0750,0.0750,0.0750,0,0
D,2012-12-27,0.0750,0.0750,0.0750,0.0750,17,0
D,2012-12-26,0.0800,0.0850,0.0800,0.0800,1630,0
D,2012-12-24,0.0800,0.0850,0.0750,0.0800,2991,0
D,2012-12-21,0.0750,0.0750,0.0750,0.0750,210,0
D,2012-12-20,0.0750,0.0750,0.0750,0.0750,0,0
D,2012-12-19,0.0800,0.0800,0.0750,0.0750,1120,0
D,2012-12-18,0.0850,0.0850,0.0850,0.0850,0,0
D,2012-12-17,0.0800,0.0850,0.0800,0.0850,1124,0
D,2012-12-14,0.0850,0.0850,0.0850,0.0850,0,0
D,2012-12-13,0.0800,0.0850,0.0800,0.0850,894,0
D,2012-12-12,0.0800,0.0800,0.0800,0.0800,3782,0
D,2012-12-11,0.0750,0.0750,0.0750,0.0750,700,0
D,2012-12-10,0.0800,0.0850,0.0800,0.0800,1500,0
D,2012-12-07,0.0800,0.0800,0.0800,0.0800,0,0
D,2012-12-06,0.0800,0.0850,0.0800,0.0800,1250,0
D,2012-12-05,0.0800,0.0850,0.0750,0.0800,2370,0
D,2012-12-04,0.0800,0.0850,0.0800,0.0800,2056,0
D,2012-12-03,0.0800,0.0800,0.0800,0.0800,51,0
D,2012-11-30,0.0800,0.0800,0.0800,0.0800,1152,0
D,2012-11-29,0.0800,0.0800,0.0750,0.0750,1100,0
D,2012-11-28,0.0800,0.0800,0.0800,0.0800,1000,0
D,2012-11-27,0.0800,0.0850,0.0800,0.0800,3600,0
D,2012-11-26,0.0750,0.0850,0.0750,0.0800,612,0
D,2012-11-23,0.0800,0.0850,0.0800,0.0850,2570,0
D,2012-11-22,0.0800,0.0800,0.0800,0.0800,0,0
D,2012-11-21,0.0800,0.0800,0.0800,0.0800,300,0
D,2012-11-20,0.0800,0.0800,0.0800,0.0800,1605,0
D,2012-11-19,0.0800,0.0800,0.0800,0.0800,940,0
D,2012-11-16,0.0750,0.0800,0.0750,0.0800,206,0
D,2012-11-14,0.0800,0.0800,0.0800,0.0800,1000,0
D,2012-11-12,0.0800,0.0800,0.0800,0.0800,2500,0
D,2012-11-09,0.0800,0.0800,0.0800,0.0800,2612,0
D,2012-11-08,0.0800,0.0800,0.0800,0.0800,0,0
D,2012-11-07,0.0800,0.0800,0.0800,0.0800,1950,0
D,2012-11-06,0.0850,0.0850,0.0800,0.0850,1320,0
D,2012-11-05,0.0850,0.0850,0.0850,0.0850,7240,0
D,2012-11-02,0.0800,0.0850,0.0800,0.0800,2051,0
D,2012-11-01,0.0800,0.0850,0.0800,0.0850,24730,0
D,2012-10-31,0.0800,0.0800,0.0800,0.0800,1500,0
D,2012-10-30,0.0800,0.0800,0.0800,0.0800,0,0
D,2012-10-29,0.0800,0.0800,0.0800,0.0800,0,0
D,2012-10-25,0.0800,0.0800,0.0800,0.0800,570,0
D,2012-10-24,0.0750,0.0750,0.0750,0.0750,259,0
D,2012-10-23,0.0750,0.0750,0.0750,0.0750,70,0
D,2012-10-22,0.0750,0.0750,0.0750,0.0750,500,0
D,2012-10-19,0.0750,0.0750,0.0750,0.0750,95,0
D,2012-10-18,0.0800,0.0800,0.0800,0.0800,500,0
D,2012-10-17,0.0800,0.0800,0.0800,0.0800,450,0
D,2012-10-16,0.0750,0.0750,0.0750,0.0750,100,0
D,2012-10-15,0.0750,0.0750,0.0750,0.0750,700,0
D,2012-10-12,0.0750,0.0750,0.0750,0.0750,450,0
D,2012-10-11,0.0750,0.0750,0.0750,0.0750,580,0
D,2012-10-10,0.0750,0.0750,0.0750,0.0750,1170,0
D,2012-10-09,0.0750,0.0750,0.0750,0.0750,0,0
D,2012-10-08,0.0750,0.0750,0.0750,0.0750,150,0
D,2012-10-05,0.0750,0.0750,0.0750,0.0750,35,0
D,2012-10-04,0.0750,0.0800,0.0750,0.0750,5141,0
D,2012-10-03,0.0750,0.0750,0.0750,0.0750,0,0
D,2012-05-03,0.0900,0.0900,0.0900,0.0900,0,0
D,2012-05-02,0.0850,0.0900,0.0850,0.0900,10007,0
