D,2014-10-14,0.8850,0.9000,0.8850,0.9000,493,0
D,2014-10-13,0.9050,0.9100,0.8850,0.8850,4742,0
D,2014-10-10,0.9000,0.9250,0.9000,0.9050,1103,0
D,2014-10-09,0.9300,0.9450,0.9000,0.9300,1942,0
D,2014-10-08,0.9300,0.9300,0.8800,0.9300,2230,0
D,2014-10-07,0.9650,0.9750,0.9150,0.9550,2634,0
D,2014-10-03,0.9800,0.9800,0.9400,0.9650,2043,0
D,2014-10-02,0.9900,0.9900,0.9500,0.9800,2893,0
D,2014-10-01,1.0200,1.0200,0.9850,1.0000,4465,0
D,2014-09-30,1.0600,1.0600,1.0100,1.0200,5397,0
D,2014-09-29,1.1000,1.1300,1.0500,1.0700,6287,0
D,2014-09-26,1.0800,1.1100,1.0600,1.0900,4694,0
D,2014-09-25,1.0400,1.1600,1.0400,1.1000,16173,0
D,2014-09-24,1.0400,1.0400,0.9600,1.0200,27396,0
D,2014-09-23,0.9150,1.1000,0.9150,1.0900,32452,0
D,2014-09-22,0.9050,0.9100,0.9000,0.9100,2415,0
D,2014-09-19,0.8950,0.9050,0.8900,0.9050,3539,0
D,2014-09-18,0.8850,0.8900,0.8750,0.8850,2115,0
D,2014-09-17,0.8550,0.8800,0.8550,0.8750,1363,0
D,2014-09-15,0.8650,0.8650,0.8500,0.8550,3173,0
D,2014-09-12,0.8750,0.8800,0.8700,0.8800,1264,0
D,2014-09-11,0.8700,0.8800,0.8700,0.8800,817,0
D,2014-09-10,0.8750,0.8800,0.8700,0.8700,894,0
D,2014-09-09,0.8800,0.8800,0.8750,0.8800,1950,0
D,2014-09-08,0.8800,0.8900,0.8800,0.8900,680,0
D,2014-09-05,0.8900,0.8900,0.8850,0.8900,1465,0
D,2014-09-04,0.8800,0.8900,0.8800,0.8900,529,0
D,2014-09-03,0.8750,0.8800,0.8700,0.8800,539,0
D,2014-09-02,0.8800,0.8800,0.8700,0.8800,1031,0
D,2014-08-29,0.8700,0.8750,0.8700,0.8750,1391,0
D,2014-08-28,0.8950,0.8950,0.8700,0.8800,950,0
D,2014-08-27,0.9000,0.9000,0.8800,0.8950,984,0
D,2014-08-26,0.9000,0.9000,0.9000,0.9000,50,0
D,2014-08-25,0.9000,0.9000,0.8900,0.8900,2266,0
D,2014-08-22,0.9000,0.9000,0.8900,0.8900,330,0
D,2014-08-21,0.8700,0.9000,0.8650,0.8950,2510,0
D,2014-08-20,0.9000,0.9000,0.8800,0.8850,974,0
D,2014-08-19,0.9100,0.9100,0.8800,0.9000,5223,0
D,2014-08-18,0.8900,0.9100,0.8800,0.9050,11970,0
D,2014-08-15,0.8900,0.8950,0.8900,0.8900,460,0
D,2014-08-14,0.8950,0.9000,0.8800,0.8900,5900,0
D,2014-08-13,0.9000,0.9000,0.8800,0.8950,3164,0
D,2014-08-12,0.8900,0.9350,0.8900,0.9000,4149,0
D,2014-08-11,0.8900,0.8950,0.8900,0.8900,930,0
D,2014-08-08,0.8600,0.8900,0.8600,0.8900,2534,0
D,2014-08-07,0.8700,0.8700,0.8500,0.8500,4022,0
D,2014-08-06,0.9000,0.9000,0.8600,0.8800,1944,0
D,2014-08-05,0.8700,0.9000,0.8700,0.9000,1505,0
D,2014-08-04,0.8850,0.8900,0.8750,0.8750,2270,0
D,2014-08-01,0.9000,0.9000,0.8950,0.9000,1180,0
D,2014-07-31,0.9050,0.9050,0.9000,0.9000,2550,0
D,2014-07-30,0.9000,0.9200,0.9000,0.9000,2694,0
D,2014-07-25,0.9000,0.9100,0.8850,0.8850,1980,0
D,2014-07-24,0.8900,0.8900,0.8800,0.8900,2780,0
D,2014-07-23,0.9100,0.9100,0.8850,0.8900,1990,0
D,2014-07-22,0.8850,0.9000,0.8800,0.9000,2390,0
D,2014-07-21,0.8900,0.9000,0.8850,0.9000,1860,0
D,2014-07-18,0.8950,0.9150,0.8900,0.8900,910,0
D,2014-07-17,0.8850,0.9200,0.8850,0.9100,920,0
D,2014-07-16,0.9200,0.9200,0.8750,0.8750,3670,0
D,2014-07-14,0.9200,0.9200,0.8900,0.9100,4381,0
D,2014-07-11,0.8850,0.9050,0.8850,0.9000,1417,0
D,2014-07-10,0.9150,0.9150,0.8900,0.9000,2035,0
D,2014-07-09,0.9000,0.9150,0.8900,0.8900,1378,0
D,2014-07-08,0.9200,0.9350,0.9100,0.9100,3950,0
D,2014-07-07,0.8800,0.9100,0.8700,0.9100,4563,0
D,2014-07-04,0.9050,0.9050,0.8500,0.8600,6969,0
D,2014-07-03,0.9100,0.9150,0.9000,0.9000,2383,0
D,2014-07-02,0.9250,0.9250,0.9100,0.9200,2285,0
D,2014-07-01,0.9300,0.9400,0.9250,0.9250,2130,0
D,2014-06-30,0.9600,0.9600,0.9350,0.9350,2854,0
D,2014-06-27,0.9600,0.9600,0.9550,0.9600,930,0
D,2014-06-26,0.9600,0.9600,0.9500,0.9600,2100,0
D,2014-06-25,0.9700,0.9700,0.9500,0.9700,980,0
D,2014-06-24,0.9750,0.9750,0.9650,0.9700,698,0
D,2014-06-23,0.9750,0.9750,0.9650,0.9650,1429,0
D,2014-06-20,0.9750,0.9800,0.9650,0.9800,640,0
D,2014-06-19,0.9750,0.9800,0.9700,0.9750,930,0
D,2014-06-18,0.9700,0.9800,0.9600,0.9700,2445,0
D,2014-06-17,0.9800,0.9800,0.9500,0.9600,6135,0
D,2014-06-16,1.0000,1.0000,0.9700,0.9800,1490,0
D,2014-06-13,0.9750,0.9950,0.9750,0.9800,2263,0
D,2014-06-12,0.9900,1.0000,0.9750,0.9900,2088,0
D,2014-06-11,1.0200,1.0200,0.9800,0.9900,3585,0
D,2014-06-10,1.0300,1.0400,1.0000,1.0200,765,0
D,2014-06-09,1.0500,1.0500,1.0100,1.0200,450,0
D,2014-06-06,0.9950,1.0200,0.9950,1.0200,791,0
D,2014-06-05,0.9950,1.0200,0.9900,0.9950,830,0
D,2014-06-04,0.9900,1.0200,0.9900,0.9950,850,0
D,2014-06-03,1.0200,1.0200,1.0000,1.0000,760,0
D,2014-06-02,1.0000,1.0200,0.9900,1.0200,3061,0
D,2014-05-30,1.0400,1.0400,0.9900,0.9950,3000,0
D,2014-05-29,1.0300,1.0500,1.0100,1.0400,1050,0
D,2014-05-28,1.0400,1.0500,1.0300,1.0300,400,0
D,2014-05-27,1.0300,1.0600,1.0300,1.0300,703,0
D,2014-05-26,1.0500,1.0500,1.0300,1.0300,550,0
D,2014-05-23,1.0500,1.0500,1.0400,1.0500,1635,0
D,2014-05-22,1.0700,1.0700,1.0500,1.0500,3630,0
D,2014-05-21,1.0600,1.0800,1.0600,1.0600,881,0
D,2014-05-20,1.0900,1.0900,1.0500,1.0700,1992,0
D,2014-05-19,1.0600,1.1000,1.0500,1.0700,3417,0
D,2014-05-16,1.1100,1.1100,1.0800,1.1100,1238,0
D,2014-05-15,1.1100,1.1100,1.0800,1.1100,284,0
D,2014-05-14,1.0900,1.1300,1.0800,1.1100,2356,0
D,2014-05-12,1.1000,1.1100,1.0800,1.1100,445,0
D,2014-05-09,1.0700,1.1200,1.0700,1.0800,185,0
D,2014-05-08,1.1500,1.1600,1.1200,1.1200,1200,0
D,2014-05-07,1.0700,1.1200,1.0500,1.1200,6320,0
D,2014-05-06,1.0800,1.1000,1.0400,1.0500,1827,0
D,2014-05-05,1.1400,1.1400,1.0700,1.0800,2849,0
D,2014-05-02,1.1400,1.1500,1.1000,1.1000,1382,0
D,2014-04-30,1.1000,1.1100,1.0900,1.1000,1226,0
D,2014-04-29,1.1200,1.1400,1.1100,1.1100,1371,0
D,2014-04-28,1.1400,1.1400,1.1100,1.1300,1645,0
D,2014-04-25,1.1400,1.1500,1.1200,1.1500,2617,0
D,2014-04-24,1.1900,1.1900,1.1500,1.1500,1581,0
D,2014-04-23,1.2400,1.2400,1.1800,1.2000,3269,0
D,2014-04-22,1.2700,1.2700,1.2400,1.2500,3176,0
D,2014-04-21,1.2200,1.3000,1.2200,1.2400,11625,0
D,2014-04-18,1.2000,1.2200,1.2000,1.2200,5492,0
D,2014-04-17,1.1700,1.2000,1.1700,1.2000,4404,0
D,2014-04-16,1.1000,1.1600,1.1000,1.1600,6133,0
D,2014-04-15,0.9900,1.1000,0.9900,1.1000,6452,0
D,2014-04-14,0.9700,0.9950,0.9600,0.9800,2269,0
D,2014-04-11,0.9600,1.0000,0.9600,0.9950,2022,0
D,2014-04-10,0.9900,1.0100,0.9800,0.9900,3585,0
D,2014-04-09,0.9550,0.9900,0.9550,0.9900,4398,0
D,2014-04-08,1.0300,1.0500,0.9550,1.0000,6768,0
D,2014-04-07,1.0800,1.0800,1.0300,1.0500,2188,0
D,2014-04-04,1.1100,1.1200,1.0900,1.1000,2045,0
D,2014-04-03,1.1100,1.1300,1.1000,1.1000,1058,0
D,2014-04-02,1.1000,1.1300,1.1000,1.1300,440,0
D,2014-04-01,1.1000,1.1000,1.1000,1.1000,105,0
D,2014-03-31,1.1200,1.1200,1.1000,1.1000,2125,0
D,2014-03-28,1.1200,1.1400,1.1200,1.1300,996,0
D,2014-03-27,1.1600,1.1600,1.1200,1.1200,850,0
D,2014-03-26,1.1300,1.1600,1.1200,1.1600,783,0
D,2014-03-25,1.1400,1.1400,1.1300,1.1300,3991,0
D,2014-03-24,1.1600,1.1600,1.1500,1.1500,1240,0
D,2014-03-21,1.1700,1.1700,1.1500,1.1600,1349,0
D,2014-03-20,1.1600,1.1700,1.1600,1.1700,170,0
D,2014-03-19,1.1700,1.1700,1.1500,1.1500,4043,0
D,2014-03-18,1.1900,1.1900,1.1700,1.1700,330,0
D,2014-03-17,1.1800,1.2000,1.1700,1.1700,940,0
D,2014-03-14,1.1800,1.1900,1.1700,1.1900,1220,0
D,2014-03-13,1.1900,1.2000,1.1900,1.1900,879,0
D,2014-03-12,1.1800,1.1900,1.1700,1.1700,1471,0
D,2014-03-11,1.1600,1.1700,1.1500,1.1700,1644,0
D,2014-03-10,1.1700,1.1700,1.1700,1.1700,900,0
D,2014-03-07,1.1700,1.1700,1.1600,1.1700,2662,0
D,2014-03-06,1.1700,1.1700,1.1600,1.1700,431,0
D,2014-03-05,1.1500,1.1700,1.1500,1.1600,1709,0
D,2014-03-04,1.1700,1.1700,1.1400,1.1400,2425,0
D,2014-03-03,1.2000,1.2000,1.1600,1.1700,275,0
D,2014-02-28,1.1800,1.1800,1.1600,1.1600,470,0
D,2014-02-27,1.2000,1.2000,1.1800,1.1800,450,0
D,2014-02-26,1.2000,1.2000,1.1800,1.1900,101,0
D,2014-02-25,1.1900,1.2000,1.1800,1.1800,1250,0
D,2014-02-24,1.2000,1.2100,1.1600,1.1900,1284,0
D,2014-02-21,1.2000,1.2000,1.1900,1.2000,490,0
D,2014-02-20,1.2200,1.2200,1.2100,1.2100,551,0
D,2014-02-19,1.1700,1.2200,1.1700,1.1900,2188,0
D,2014-02-18,1.1600,1.1800,1.1600,1.1700,1920,0
D,2014-02-17,1.1900,1.1900,1.1500,1.1600,2409,0
D,2014-02-14,1.1900,1.2000,1.1800,1.2000,525,0
D,2014-02-13,1.2000,1.2000,1.1700,1.1900,1150,0
D,2014-02-12,1.2100,1.2100,1.2000,1.2100,1250,0
D,2014-02-11,1.2200,1.2200,1.2000,1.2100,888,0
D,2014-02-10,1.2400,1.2400,1.1500,1.2200,1751,0
D,2014-02-07,1.2400,1.2600,1.2300,1.2300,915,0
D,2014-02-06,1.2300,1.2400,1.2100,1.2300,625,0
D,2014-02-05,1.2600,1.2600,1.2100,1.2300,620,0
D,2014-02-04,1.2100,1.2400,1.2100,1.2300,2140,0
D,2014-01-30,1.2500,1.2700,1.2500,1.2600,265,0
D,2014-01-29,1.2700,1.2700,1.2000,1.2400,905,0
D,2014-01-28,1.2400,1.2400,1.2000,1.2000,2040,0
D,2014-01-27,1.2600,1.2600,1.1800,1.1900,3202,0
D,2014-01-24,1.2500,1.2600,1.2500,1.2600,3695,0
D,2014-01-23,1.2700,1.2700,1.2500,1.2500,3030,0
D,2014-01-22,1.2600,1.2900,1.2600,1.2900,1370,0
D,2014-01-21,1.2900,1.2900,1.2500,1.2600,2570,0
D,2014-01-20,1.2800,1.2900,1.2700,1.2800,2266,0
D,2014-01-16,1.2500,1.2700,1.2500,1.2500,2463,0
D,2014-01-15,1.2900,1.2900,1.2500,1.2500,2807,0
D,2014-01-13,1.3000,1.3000,1.2500,1.2600,2855,0
D,2014-01-10,1.3000,1.3100,1.2900,1.3000,1440,0
D,2014-01-09,1.3100,1.3200,1.3000,1.3100,1694,0
D,2014-01-08,1.3300,1.3300,1.3100,1.3100,2270,0
D,2014-01-07,1.3300,1.3600,1.3300,1.3300,5072,0
D,2014-01-06,1.3300,1.3500,1.3300,1.3400,2628,0
D,2014-01-03,1.2900,1.3400,1.2800,1.3200,6541,0
D,2014-01-02,1.2700,1.2900,1.2700,1.2900,4444,0
D,2013-12-31,1.2700,1.2800,1.2500,1.2700,6095,0
D,2013-12-30,1.2700,1.2700,1.2400,1.2700,6205,0
D,2013-12-27,1.2700,1.2700,1.2600,1.2700,700,0
D,2013-12-26,1.2700,1.2700,1.2500,1.2700,2470,0
D,2013-12-24,1.2700,1.2700,1.2500,1.2700,936,0
D,2013-12-23,1.2800,1.2800,1.2500,1.2800,886,0
D,2013-12-20,1.2600,1.2900,1.2600,1.2800,2408,0
D,2013-12-19,1.2500,1.2700,1.2500,1.2500,4344,0
D,2013-12-18,1.2600,1.2700,1.2500,1.2600,1790,0
D,2013-12-17,1.2900,1.2900,1.2500,1.2600,3325,0
D,2013-12-16,1.2600,1.3000,1.2500,1.2600,4151,0
D,2013-12-13,1.2700,1.2700,1.2500,1.2500,4135,0
D,2013-12-12,1.3100,1.3100,1.2600,1.2600,1035,0
D,2013-12-11,1.3200,1.3600,1.2800,1.3000,8111,0
D,2013-12-10,1.1800,1.3000,1.1800,1.3000,10203,0
D,2013-12-09,1.1500,1.1800,1.1400,1.1700,2304,0
D,2013-12-06,1.1400,1.1400,1.1300,1.1400,910,0
D,2013-12-05,1.1500,1.1500,1.1200,1.1400,5612,0
D,2013-12-04,1.1900,1.1900,1.1200,1.1200,4698,0
D,2013-12-03,1.2000,1.2000,1.1700,1.1900,1472,0
D,2013-12-02,1.2000,1.2000,1.1900,1.1900,764,0
D,2013-11-29,1.2100,1.2200,1.1800,1.1900,4498,0
D,2013-11-28,1.2300,1.2400,1.1900,1.2100,12250,0
D,2013-11-27,1.2400,1.2600,1.2300,1.2300,2325,0
D,2013-11-26,1.2300,1.2500,1.2300,1.2400,2589,0
D,2013-11-25,1.2600,1.2800,1.2500,1.2500,5416,0
D,2013-11-22,1.3000,1.3000,1.2700,1.2700,5565,0
D,2013-11-21,1.2900,1.3100,1.2800,1.2900,6967,0
D,2013-11-20,1.3100,1.3100,1.2700,1.3000,2870,0
D,2013-11-19,1.3100,1.3100,1.3000,1.3100,12694,0
D,2013-11-18,1.3200,1.3200,1.3000,1.3100,2912,0
D,2013-11-15,1.3300,1.3400,1.3100,1.3300,1490,0
D,2013-11-14,1.3100,1.3300,1.3100,1.3300,1650,0
D,2013-11-13,1.3200,1.3200,1.3000,1.3100,3690,0
D,2013-11-12,1.3200,1.3400,1.3100,1.3100,4546,0
D,2013-11-11,1.3300,1.3300,1.3100,1.3100,3500,0
D,2013-11-08,1.3500,1.3500,1.3300,1.3400,823,0
D,2013-11-07,1.3300,1.3500,1.3300,1.3500,1474,0
D,2013-11-06,1.3200,1.3500,1.3200,1.3200,627,0
D,2013-11-04,1.3300,1.3400,1.3200,1.3300,2484,0
D,2013-11-01,1.3200,1.3700,1.3100,1.3500,930,0
D,2013-10-31,1.3700,1.3700,1.3200,1.3200,2174,0
D,2013-10-30,1.4000,1.4300,1.3500,1.3700,3116,0
D,2013-10-29,1.3200,1.4200,1.3100,1.3900,6903,0
D,2013-10-28,1.3000,1.3100,1.3000,1.3100,2056,0
D,2013-10-25,1.3000,1.3100,1.2900,1.2900,3423,0
D,2013-10-24,1.3000,1.3300,1.3000,1.3100,2275,0
D,2013-10-23,1.3300,1.3300,1.3000,1.3100,3724,0
D,2013-10-22,1.3300,1.3400,1.3300,1.3300,950,0
D,2013-10-21,1.3500,1.3500,1.3300,1.3300,1680,0
D,2013-10-18,1.3500,1.3600,1.3400,1.3500,2453,0
D,2013-10-17,1.3500,1.3600,1.3400,1.3500,1700,0
D,2013-10-16,1.3600,1.3600,1.3500,1.3500,800,0
D,2013-10-14,1.3600,1.3700,1.3500,1.3600,1523,0
D,2013-10-11,1.3800,1.3800,1.3600,1.3800,4691,0
D,2013-10-10,1.3700,1.3800,1.3600,1.3700,1420,0
D,2013-10-09,1.3800,1.3800,1.3600,1.3700,1890,0
D,2013-10-08,1.3900,1.4000,1.3700,1.3800,2248,0
D,2013-10-07,1.4000,1.4100,1.3700,1.4000,4811,0
D,2013-10-04,1.3800,1.4200,1.3700,1.4000,2303,0
D,2013-10-03,1.3600,1.4300,1.3600,1.3900,6894,0
D,2013-10-02,1.4500,1.4500,1.3900,1.4000,6808,0
D,2013-10-01,1.4600,1.4600,1.4400,1.4500,3992,0
D,2013-09-30,1.4500,1.4600,1.4400,1.4600,5924,0
D,2013-09-27,1.4600,1.4600,1.4500,1.4600,5815,0
D,2013-09-26,1.4900,1.4900,1.4600,1.4700,4668,0
D,2013-09-25,1.4700,1.5000,1.4600,1.4800,12815,0
D,2013-09-24,1.4700,1.4800,1.4500,1.4500,8512,0
D,2013-09-23,1.4500,1.4700,1.4400,1.4600,8528,0
D,2013-09-20,1.4200,1.4600,1.4200,1.4500,8530,0
D,2013-09-19,1.4600,1.4800,1.4100,1.4200,7153,0
D,2013-09-18,1.3800,1.4500,1.3800,1.4500,11571,0
D,2013-09-17,1.3900,1.3900,1.3700,1.3800,2301,0
D,2013-09-13,1.3800,1.4000,1.3600,1.3800,4941,0
D,2013-09-12,1.3500,1.3900,1.3500,1.3800,3090,0
D,2013-09-11,1.3600,1.3700,1.3400,1.3400,5038,0
D,2013-09-10,1.3500,1.3700,1.3500,1.3600,2174,0
D,2013-09-09,1.3500,1.3700,1.3400,1.3500,2790,0
D,2013-09-06,1.3800,1.4100,1.3500,1.3500,5988,0
D,2013-09-05,1.3500,1.4200,1.3300,1.3700,8799,0
D,2013-09-04,1.3400,1.3500,1.3300,1.3400,1698,0
D,2013-09-03,1.3500,1.3600,1.3300,1.3400,3565,0
D,2013-09-02,1.3200,1.3800,1.3200,1.3500,6707,0
D,2013-08-30,1.3600,1.3600,1.3100,1.3200,10655,0
D,2013-08-29,1.3500,1.3800,1.3500,1.3500,3350,0
D,2013-08-28,1.3700,1.3800,1.3000,1.3500,11123,0
D,2013-08-27,1.4800,1.5000,1.3800,1.4000,10953,0
D,2013-08-26,1.4300,1.5200,1.4300,1.4800,25031,0
D,2013-08-23,1.3900,1.4200,1.3700,1.4100,8615,0
D,2013-08-22,1.3600,1.3900,1.3400,1.3700,10737,0
D,2013-08-21,1.3700,1.3800,1.3600,1.3800,1542,0
D,2013-08-20,1.4300,1.4300,1.3500,1.3700,6371,0
D,2013-08-19,1.3500,1.4600,1.3500,1.4200,12457,0
D,2013-08-16,1.3600,1.3600,1.3400,1.3500,3185,0
D,2013-08-15,1.3500,1.3600,1.3300,1.3600,5662,0
D,2013-08-14,1.3300,1.3600,1.3300,1.3600,2822,0
D,2013-08-13,1.3500,1.3600,1.3300,1.3400,4538,0
D,2013-08-12,1.2900,1.3800,1.2900,1.3400,12913,0
D,2013-08-07,1.2800,1.2900,1.2800,1.2900,1369,0
D,2013-08-06,1.2800,1.2900,1.2700,1.2700,9269,0
D,2013-08-05,1.2700,1.2800,1.2600,1.2700,5700,0
D,2013-08-02,1.2900,1.2900,1.2700,1.2700,6712,0
D,2013-08-01,1.2900,1.2900,1.2700,1.2700,4186,0
D,2013-07-31,1.2800,1.2800,1.2600,1.2600,3660,0
D,2013-07-30,1.2900,1.2900,1.2800,1.2800,2030,0
D,2013-07-29,1.2800,1.3000,1.2800,1.2900,2096,0
D,2013-07-26,1.2600,1.2800,1.2500,1.2800,4739,0
D,2013-07-25,1.2600,1.2700,1.2500,1.2700,4058,0
D,2013-07-24,1.3000,1.3000,1.2600,1.2700,2882,0
D,2013-07-23,1.2800,1.3000,1.2800,1.3000,3143,0
D,2013-07-22,1.3100,1.3100,1.2700,1.2700,6890,0
D,2013-07-19,1.2500,1.3200,1.2500,1.3000,4476,0
D,2013-07-18,1.2600,1.2800,1.2400,1.2700,8705,0
D,2013-07-17,1.2800,1.2800,1.2500,1.2800,5195,0
D,2013-07-16,1.3200,1.3200,1.2700,1.2900,12140,0
D,2013-07-15,1.3000,1.3200,1.2900,1.3000,2511,0
D,2013-07-12,1.3000,1.3100,1.2900,1.3000,2626,0
D,2013-07-11,1.3200,1.3200,1.2900,1.3000,3800,0
D,2013-07-10,1.2900,1.3300,1.2900,1.3100,8713,0
D,2013-07-09,1.3600,1.3600,1.2900,1.3000,6115,0
D,2013-07-08,1.3500,1.3600,1.3100,1.3300,5686,0
D,2013-07-05,1.3100,1.3400,1.2900,1.3300,9323,0
D,2013-07-04,1.3200,1.3300,1.2800,1.3000,11263,0
D,2013-07-03,1.2100,1.3400,1.2100,1.3000,26808,0
D,2013-07-02,1.1700,1.2000,1.1500,1.2000,10727,0
D,2013-07-01,1.2800,1.2800,1.1500,1.1500,20269,0
D,2013-06-28,1.3100,1.3100,1.2500,1.2800,26071,0
D,2013-06-27,1.3300,1.3400,1.3100,1.3100,12844,0
D,2013-06-26,1.3500,1.3500,1.3100,1.3300,12037,0
D,2013-06-25,1.3800,1.4000,1.3200,1.3400,22738,0
D,2013-06-24,1.4700,1.4800,1.3900,1.3900,42385,0
D,2013-06-21,1.3400,1.4800,1.3400,1.4700,73016,0
D,2013-06-20,1.3600,1.3600,1.3400,1.3600,15088,0
D,2013-06-19,1.3500,1.3700,1.3300,1.3600,15999,0
D,2013-06-18,1.3200,1.3700,1.2700,1.3500,28161,0
D,2013-06-17,1.3700,1.4500,1.2600,1.3000,67371,0
D,2013-06-14,1.2600,1.3600,1.2400,1.3600,32411,0
D,2013-06-13,1.2400,1.2800,1.2200,1.2400,24664,0
D,2013-06-12,1.2200,1.2500,1.1900,1.2400,19515,0
D,2013-06-11,1.2500,1.2500,1.1600,1.2300,21178,0
D,2013-06-10,1.1700,1.2700,1.1700,1.2500,64397,0
D,2013-06-07,1.0500,1.1400,1.0500,1.1300,19741,0
D,2013-06-06,1.0500,1.0600,1.0400,1.0400,17229,0
D,2013-06-05,1.0800,1.0900,1.0500,1.0500,16492,0
D,2013-06-04,1.0300,1.0900,1.0300,1.0700,27191,0
D,2013-06-03,1.0000,1.0400,0.9950,1.0400,14371,0
D,2013-05-31,0.9900,1.0100,0.9800,0.9950,3637,0
D,2013-05-30,0.9900,1.0100,0.9850,0.9900,3935,0
D,2013-05-29,1.0200,1.0200,0.9950,1.0000,2921,0
D,2013-05-28,0.9800,1.0200,0.9800,1.0100,8090,0
D,2013-05-27,0.9700,0.9950,0.9650,0.9700,8031,0
D,2013-05-23,0.9900,1.0000,0.9550,0.9700,7132,0
D,2013-05-22,1.0300,1.0300,0.9600,0.9600,6945,0
D,2013-05-21,0.9950,1.0500,0.9950,1.0000,17604,0
D,2013-05-20,0.9450,1.0000,0.9450,0.9800,27182,0
D,2013-05-17,0.9300,0.9550,0.9300,0.9450,4098,0
D,2013-05-16,0.9700,1.0000,0.9300,0.9400,14896,0
D,2013-05-15,1.0200,1.0400,0.9700,0.9700,19256,0
D,2013-05-14,0.8450,1.0700,0.8400,1.0000,33265,0
D,2013-05-13,0.8400,0.8450,0.8350,0.8400,4468,0
D,2013-05-10,0.8100,0.8300,0.8000,0.8300,4282,0
D,2013-05-09,0.8250,0.8250,0.8000,0.8100,2657,0
D,2013-05-08,0.8250,0.8300,0.8000,0.8050,3701,0
D,2013-05-07,0.8200,0.8300,0.8150,0.8200,932,0
D,2013-05-06,0.8300,0.8450,0.8150,0.8150,4890,0
D,2013-05-03,0.8150,0.8150,0.8000,0.8100,2684,0
D,2013-05-02,0.8250,0.8250,0.8150,0.8150,2123,0
D,2013-04-30,0.8200,0.8250,0.8200,0.8250,2630,0
D,2013-04-29,0.8250,0.8250,0.8150,0.8200,1560,0
D,2013-04-26,0.8200,0.8250,0.8200,0.8200,1320,0
D,2013-04-25,0.8200,0.8300,0.8100,0.8200,1782,0
D,2013-04-24,0.8250,0.8250,0.8200,0.8200,370,0
D,2013-04-23,0.8200,0.8200,0.8000,0.8050,1960,0
D,2013-04-22,0.8250,0.8350,0.8200,0.8200,1000,0
D,2013-04-19,0.8200,0.8200,0.8200,0.8200,647,0
D,2013-04-18,0.8450,0.8450,0.8250,0.8300,1715,0
D,2013-04-17,0.8200,0.8500,0.8200,0.8450,1880,0
D,2013-04-16,0.7800,0.8000,0.7800,0.8000,1235,0
D,2013-04-15,0.8000,0.8000,0.7750,0.7750,4022,0
D,2013-04-12,0.8050,0.8050,0.8000,0.8000,1830,0
D,2013-04-11,0.8200,0.8200,0.8050,0.8100,1510,0
D,2013-04-10,0.8150,0.8150,0.8050,0.8100,1240,0
D,2013-04-09,0.8200,0.8200,0.7950,0.8150,2720,0
D,2013-04-08,0.8200,0.8200,0.8200,0.8200,100,0
D,2013-04-05,0.8150,0.8300,0.8150,0.8300,1020,0
D,2013-04-04,0.8250,0.8400,0.8150,0.8250,860,0
D,2013-04-03,0.8500,0.8600,0.7950,0.8300,6510,0
D,2013-04-02,0.8500,0.8600,0.8500,0.8500,1360,0
D,2013-04-01,0.8400,0.8500,0.8350,0.8500,1485,0
D,2013-03-29,0.8450,0.8500,0.8400,0.8500,850,0
D,2013-03-28,0.8500,0.8550,0.8400,0.8500,2640,0
D,2013-03-27,0.8450,0.8500,0.8400,0.8400,1580,0
D,2013-03-26,0.8400,0.8500,0.8350,0.8400,3310,0
D,2013-03-25,0.8600,0.8600,0.8500,0.8500,550,0
D,2013-03-22,0.8400,0.8750,0.8400,0.8750,1972,0
D,2013-03-21,0.8400,0.8500,0.8350,0.8500,1868,0
D,2013-03-20,0.8750,0.8800,0.8450,0.8450,5175,0
D,2013-03-19,0.8600,0.8750,0.8600,0.8650,4971,0
D,2013-03-18,0.8600,0.8600,0.8400,0.8450,1031,0
D,2013-03-15,0.8550,0.8600,0.8500,0.8550,4292,0
D,2013-03-14,0.8800,0.8800,0.8500,0.8500,1000,0
D,2013-03-13,0.8500,0.8950,0.8400,0.8500,3709,0
D,2013-03-12,0.8400,0.8500,0.8250,0.8400,2500,0
D,2013-03-11,0.8600,0.8700,0.8500,0.8700,290,0
D,2013-03-08,0.8700,0.9000,0.8650,0.8800,5769,0
D,2013-03-07,0.8750,0.8950,0.8700,0.8950,3860,0
D,2013-03-06,0.8500,0.8800,0.8500,0.8700,4740,0
D,2013-03-05,0.8350,0.8400,0.8300,0.8350,230,0
D,2013-03-04,0.8500,0.8700,0.8050,0.8150,2434,0
D,2013-03-01,0.8050,0.8500,0.8050,0.8500,6221,0
D,2013-02-28,0.7950,0.8000,0.7950,0.8000,279,0
D,2013-02-27,0.8000,0.8000,0.7950,0.8000,1450,0
D,2013-02-26,0.7900,0.8000,0.7900,0.8000,1180,0
D,2013-02-25,0.8000,0.8100,0.8000,0.8100,1044,0
D,2013-02-22,0.7650,0.8000,0.7650,0.8000,1830,0
D,2013-02-21,0.8200,0.8200,0.7550,0.7750,5959,0
D,2013-02-20,0.8750,0.8750,0.8250,0.8250,1981,0
D,2013-02-19,0.8750,0.8800,0.8700,0.8750,730,0
D,2013-02-18,0.8800,0.8800,0.8750,0.8750,930,0
D,2013-02-15,0.8800,0.8900,0.8800,0.8800,750,0
D,2013-02-14,0.8950,0.8950,0.8900,0.8900,562,0
D,2013-02-13,0.8850,0.9000,0.8800,0.9000,200,0
D,2013-02-08,0.8950,0.8950,0.8850,0.8900,3110,0
D,2013-02-07,0.8800,0.8950,0.8800,0.8950,3579,0
D,2013-02-06,0.8900,0.8900,0.8850,0.8850,1581,0
D,2013-02-05,0.9050,0.9050,0.8850,0.8850,2405,0
D,2013-02-04,0.9300,0.9300,0.9000,0.9100,1720,0
D,2013-01-31,0.9400,0.9750,0.8900,0.9200,9214,0
D,2013-01-30,0.9100,0.9450,0.9000,0.9350,13865,0
D,2013-01-29,0.8350,0.9000,0.8350,0.8950,14935,0
D,2013-01-25,0.8100,0.8300,0.8100,0.8300,6030,0
D,2013-01-23,0.8200,0.8200,0.8050,0.8200,2420,0
D,2013-01-22,0.8000,0.8350,0.7800,0.8200,3456,0
D,2013-01-21,0.8450,0.8500,0.8000,0.8200,6837,0
D,2013-01-18,0.8250,0.8450,0.8250,0.8450,3204,0
D,2013-01-17,0.8150,0.8350,0.8100,0.8300,5261,0
D,2013-01-16,0.8000,0.8200,0.8000,0.8200,1918,0
D,2013-01-15,0.8000,0.8100,0.8000,0.8100,3330,0
D,2013-01-14,0.8200,0.8350,0.8000,0.8000,8375,0
D,2013-01-11,0.7800,0.8300,0.7800,0.8200,13550,0
D,2013-01-10,0.7400,0.7750,0.7400,0.7650,4560,0
D,2013-01-09,0.7200,0.7400,0.7200,0.7400,1262,0
D,2013-01-08,0.7150,0.7200,0.7150,0.7200,3120,0
D,2013-01-07,0.7150,0.7200,0.7150,0.7150,2269,0
D,2013-01-04,0.7100,0.7200,0.7100,0.7200,450,0
D,2013-01-03,0.7150,0.7400,0.7150,0.7200,3300,0
D,2013-01-02,0.7100,0.7150,0.7050,0.7150,12987,0
D,2012-12-31,0.7150,0.7200,0.7150,0.7200,1705,0
D,2012-12-28,0.7150,0.7200,0.7100,0.7200,3483,0
D,2012-12-27,0.7150,0.7200,0.7150,0.7200,4960,0
D,2012-12-26,0.7150,0.7150,0.7100,0.7150,2607,0
D,2012-12-24,0.7150,0.7200,0.7150,0.7200,627,0
D,2012-12-21,0.7150,0.7200,0.7150,0.7200,4855,0
D,2012-12-20,0.7200,0.7250,0.7150,0.7150,1875,0
D,2012-12-19,0.7150,0.7200,0.7150,0.7150,3750,0
D,2012-12-18,0.7100,0.7200,0.7100,0.7200,3305,0
D,2012-12-17,0.7050,0.7100,0.7050,0.7100,5110,0
D,2012-12-14,0.7000,0.7150,0.7000,0.7100,4723,0
D,2012-12-13,0.7150,0.7150,0.7050,0.7050,3970,0
D,2012-12-12,0.7050,0.7200,0.7050,0.7100,750,0
D,2012-12-11,0.7050,0.7050,0.7050,0.7050,770,0
D,2012-12-10,0.7150,0.7150,0.7050,0.7050,1111,0
D,2012-12-07,0.7200,0.7200,0.7150,0.7150,310,0
D,2012-12-06,0.7150,0.7250,0.7050,0.7250,3445,0
D,2012-12-05,0.7150,0.7250,0.7150,0.7250,280,0
D,2012-12-04,0.7200,0.7200,0.7150,0.7150,400,0
D,2012-12-03,0.7500,0.7500,0.7200,0.7400,120,0
D,2012-11-30,0.7400,0.7400,0.7200,0.7400,212,0
D,2012-11-29,0.7500,0.7500,0.7400,0.7400,588,0
D,2012-11-28,0.7100,0.7550,0.7100,0.7500,8372,0
D,2012-11-27,0.7050,0.7200,0.7050,0.7200,3485,0
D,2012-11-26,0.7250,0.7250,0.7100,0.7100,640,0
D,2012-11-23,0.7050,0.7250,0.7050,0.7250,1866,0
D,2012-11-22,0.7000,0.7300,0.7000,0.7100,4149,0
D,2012-11-21,0.7000,0.7000,0.6950,0.6950,1240,0
D,2012-11-20,0.7000,0.7000,0.7000,0.7000,1065,0
D,2012-11-19,0.7000,0.7000,0.6950,0.7000,1570,0
D,2012-11-16,0.7000,0.7000,0.7000,0.7000,425,0
D,2012-11-14,0.7000,0.7050,0.7000,0.7000,800,0
D,2012-11-12,0.7000,0.7000,0.7000,0.7000,930,0
D,2012-11-09,0.7100,0.7200,0.6900,0.7200,2200,0
D,2012-11-08,0.7250,0.7250,0.7000,0.7150,2110,0
D,2012-11-07,0.7100,0.7200,0.7100,0.7100,3085,0
D,2012-11-06,0.6950,0.7200,0.6900,0.7000,6418,0
D,2012-11-05,0.6950,0.7100,0.6950,0.6950,612,0
D,2012-11-02,0.7050,0.7050,0.6950,0.7050,1000,0
D,2012-11-01,0.6950,0.7000,0.6800,0.7000,2580,0
D,2012-10-31,0.6750,0.6750,0.6750,0.6750,100,0
D,2012-10-30,0.6800,0.6900,0.6800,0.6900,190,0
D,2012-10-29,0.7050,0.7050,0.6900,0.6900,1080,0
D,2012-10-25,0.6750,0.7050,0.6750,0.7000,5672,0
D,2012-10-24,0.6850,0.6850,0.6700,0.6700,5621,0
D,2012-10-23,0.6850,0.6850,0.6700,0.6800,1720,0
D,2012-10-22,0.6900,0.6900,0.6700,0.6850,2890,0
D,2012-10-19,0.7200,0.7250,0.6900,0.7000,11429,0
D,2012-10-18,0.6900,0.7150,0.6900,0.7150,14975,0
D,2012-10-17,0.6750,0.6900,0.6700,0.6850,10752,0
D,2012-10-16,0.6700,0.6700,0.6650,0.6650,3317,0
D,2012-10-15,0.6650,0.6700,0.6600,0.6600,4700,0
D,2012-10-12,0.6750,0.6750,0.6600,0.6650,4681,0
D,2012-10-11,0.6550,0.6800,0.6550,0.6700,9017,0
D,2012-10-10,0.6450,0.6650,0.6400,0.6600,4605,0
D,2012-10-09,0.6250,0.6550,0.6250,0.6500,3604,0
D,2012-10-08,0.6300,0.6300,0.6250,0.6250,3850,0
D,2012-10-05,0.6400,0.6400,0.6300,0.6350,2392,0
D,2012-10-04,0.6450,0.6500,0.6350,0.6350,3196,0
D,2012-10-03,0.6450,0.6600,0.6350,0.6350,6897,0
D,2012-05-03,0.2900,0.2900,0.2800,0.2900,1369,0
D,2012-05-02,0.2900,0.2900,0.2850,0.2900,1136,0
