D,2014-10-14,0.5650,0.5650,0.5650,0.5650,0,0
D,2014-10-13,0.5650,0.5650,0.5650,0.5650,100,0
D,2014-10-10,0.5500,0.5500,0.5500,0.5500,0,0
D,2014-10-09,0.5500,0.5500,0.5500,0.5500,0,0
D,2014-10-08,0.5500,0.5500,0.5500,0.5500,0,0
D,2014-10-07,0.5500,0.5500,0.5500,0.5500,0,0
D,2014-10-03,0.5500,0.5550,0.5500,0.5500,250,0
D,2014-10-02,0.6600,0.6600,0.6600,0.6600,0,0
D,2014-10-01,0.6600,0.6600,0.6600,0.6600,0,0
D,2014-09-30,0.6600,0.6600,0.6600,0.6600,100,0
D,2014-09-29,0.6450,0.6450,0.6450,0.6450,0,0
D,2014-09-26,0.6450,0.6450,0.6450,0.6450,100,0
D,2014-09-25,0.6400,0.6400,0.6400,0.6400,20,0
D,2014-09-24,0.5850,0.5850,0.5850,0.5850,0,0
D,2014-09-23,0.5850,0.5850,0.5850,0.5850,0,0
D,2014-09-22,0.5850,0.5850,0.5850,0.5850,100,0
D,2014-09-19,0.6100,0.6400,0.6100,0.6400,200,0
D,2014-09-18,0.5300,0.5850,0.5300,0.5850,35,0
D,2014-09-17,0.4500,0.4500,0.4500,0.4500,0,0
D,2014-09-15,0.4500,0.4500,0.4500,0.4500,0,0
D,2014-09-12,0.4500,0.4500,0.4500,0.4500,0,0
D,2014-09-11,0.4500,0.4500,0.4500,0.4500,0,0
D,2014-09-10,0.4500,0.4500,0.4500,0.4500,55,0
D,2014-09-09,0.4850,0.4850,0.4850,0.4850,10,0
D,2014-09-08,0.4200,0.4450,0.4200,0.4450,800,0
D,2014-09-05,0.3650,0.3650,0.3650,0.3650,0,0
D,2014-09-04,0.3650,0.3650,0.3650,0.3650,0,0
D,2014-09-03,0.3650,0.3650,0.3650,0.3650,0,0
D,2014-09-02,0.3650,0.3650,0.3650,0.3650,0,0
D,2014-08-29,0.3650,0.3650,0.3650,0.3650,0,0
D,2014-08-28,0.3650,0.3650,0.3650,0.3650,0,0
D,2014-08-27,0.3650,0.3650,0.3650,0.3650,10,0
D,2014-08-26,0.3700,0.3700,0.3650,0.3650,400,0
D,2014-08-25,0.3750,0.3750,0.3750,0.3750,100,0
D,2014-08-22,0.3600,0.3600,0.3600,0.3600,300,0
D,2014-08-21,0.3800,0.3800,0.3800,0.3800,0,0
D,2014-08-20,0.3800,0.3800,0.3800,0.3800,0,0
D,2014-08-19,0.3800,0.3800,0.3800,0.3800,0,0
D,2014-08-18,0.3800,0.3800,0.3800,0.3800,0,0
D,2014-08-15,0.3700,0.3800,0.3700,0.3800,200,0
D,2014-08-14,0.3500,0.3500,0.3500,0.3500,100,0
D,2014-08-13,0.3600,0.3600,0.3600,0.3600,0,0
D,2014-08-12,0.3600,0.3600,0.3600,0.3600,0,0
D,2014-08-11,0.3600,0.3600,0.3600,0.3600,0,0
D,2014-08-08,0.3600,0.3600,0.3600,0.3600,0,0
D,2014-08-07,0.3600,0.3600,0.3600,0.3600,0,0
D,2014-08-06,0.3600,0.3600,0.3600,0.3600,0,0
D,2014-08-05,0.3500,0.3600,0.3500,0.3600,450,0
D,2014-08-04,0.3200,0.3200,0.3200,0.3200,0,0
D,2014-08-01,0.3200,0.3200,0.3200,0.3200,0,0
D,2014-07-31,0.3200,0.3200,0.3200,0.3200,0,0
D,2014-07-30,0.3200,0.3200,0.3200,0.3200,100,0
D,2014-07-25,0.3300,0.3300,0.3300,0.3300,200,0
D,2014-07-24,0.2950,0.2950,0.2950,0.2950,164,0
D,2014-07-23,0.2900,0.2900,0.2900,0.2900,720,0
D,2014-07-22,0.2800,0.2800,0.2800,0.2800,0,0
D,2014-07-21,0.2800,0.2800,0.2800,0.2800,0,0
D,2014-07-18,0.2900,0.2950,0.2800,0.2800,376,0
D,2014-07-17,0.3200,0.3200,0.3200,0.3200,0,0
D,2014-07-16,0.3200,0.3200,0.3200,0.3200,100,0
D,2014-07-14,0.3100,0.3100,0.3100,0.3100,0,0
D,2014-07-11,0.3300,0.3300,0.3000,0.3100,924,0
D,2014-07-10,0.3000,0.3300,0.3000,0.3300,1420,0
D,2014-07-09,0.2850,0.3000,0.2850,0.2950,910,0
D,2014-07-08,0.2600,0.2950,0.2600,0.2750,1749,0
D,2014-07-07,0.2450,0.2600,0.2450,0.2600,470,0
D,2014-07-04,0.3150,0.3150,0.3150,0.3150,500,0
D,2014-07-03,0.2350,0.2350,0.2350,0.2350,0,0
D,2014-07-02,0.2350,0.2350,0.2350,0.2350,0,0
D,2014-07-01,0.2350,0.2350,0.2350,0.2350,0,0
D,2014-06-30,0.2350,0.2350,0.2350,0.2350,300,0
D,2014-06-27,0.2450,0.2450,0.2450,0.2450,0,0
D,2014-06-26,0.2350,0.2450,0.2350,0.2450,930,0
D,2014-06-25,0.2400,0.2400,0.2400,0.2400,500,0
D,2014-06-24,0.2400,0.2400,0.2400,0.2400,505,0
D,2014-06-23,0.2400,0.2400,0.2400,0.2400,0,0
D,2014-06-20,0.2400,0.2400,0.2400,0.2400,100,0
D,2014-06-19,0.2300,0.2400,0.2300,0.2400,410,0
D,2014-06-18,0.2350,0.2350,0.2250,0.2250,780,0
D,2014-06-17,0.2300,0.2350,0.2300,0.2350,332,0
D,2014-06-16,0.2400,0.2500,0.2200,0.2200,4302,0
D,2014-06-13,0.2200,0.2350,0.2200,0.2350,1948,0
D,2014-06-12,0.2300,0.2300,0.2200,0.2200,1566,0
D,2014-06-11,0.2150,0.2350,0.2150,0.2300,2899,0
D,2014-06-10,0.1950,0.1950,0.1950,0.1950,0,0
D,2014-06-09,0.1950,0.1950,0.1950,0.1950,800,0
D,2014-06-06,0.1850,0.1850,0.1850,0.1850,250,0
D,2014-06-05,0.1750,0.1900,0.1750,0.1900,1550,0
D,2014-06-04,0.1550,0.1650,0.1550,0.1650,750,0
D,2014-06-03,0.1500,0.1500,0.1500,0.1500,0,0
D,2014-06-02,0.1550,0.1550,0.1500,0.1500,1000,0
D,2014-05-30,0.1550,0.1550,0.1550,0.1550,500,0
D,2014-05-29,0.1550,0.1550,0.1550,0.1550,0,0
D,2014-05-28,0.1550,0.1550,0.1550,0.1550,500,0
D,2014-05-27,0.1550,0.1550,0.1550,0.1550,1000,0
D,2014-05-26,0.1600,0.1600,0.1600,0.1600,0,0
D,2014-05-23,0.1600,0.1600,0.1600,0.1600,500,0
D,2014-05-22,0.1650,0.1650,0.1600,0.1600,1875,0
D,2014-05-21,0.1850,0.1850,0.1800,0.1800,700,0
D,2014-05-20,0.1800,0.1800,0.1800,0.1800,30,0
D,2014-05-19,0.1750,0.1750,0.1750,0.1750,0,0
D,2014-05-16,0.1750,0.1750,0.1750,0.1750,130,0
D,2014-05-15,0.1850,0.1850,0.1750,0.1750,100,0
D,2014-05-14,0.1750,0.1750,0.1750,0.1750,90,0
D,2014-05-12,0.1850,0.1850,0.1850,0.1850,0,0
D,2014-05-09,0.1850,0.1850,0.1850,0.1850,500,0
D,2014-05-08,0.1700,0.1700,0.1650,0.1650,700,0
D,2014-05-07,0.1750,0.1800,0.1600,0.1800,1839,0
D,2014-05-06,0.2050,0.2050,0.2050,0.2050,0,0
D,2014-05-05,0.2050,0.2050,0.2050,0.2050,0,0
D,2014-05-02,0.1750,0.2050,0.1750,0.2050,351,0
D,2014-04-30,0.1650,0.1650,0.1650,0.1650,0,0
D,2014-04-29,0.1650,0.1650,0.1650,0.1650,0,0
D,2014-04-28,0.1650,0.1650,0.1650,0.1650,80,0
D,2014-04-25,0.1700,0.1700,0.1700,0.1700,0,0
D,2014-04-24,0.1700,0.1700,0.1700,0.1700,0,0
D,2014-04-23,0.1800,0.1800,0.1700,0.1700,980,0
D,2014-04-22,0.1850,0.1850,0.1850,0.1850,500,0
D,2014-04-21,0.2050,0.2050,0.1800,0.1800,650,0
D,2014-04-18,0.2050,0.2100,0.1950,0.2100,501,0
D,2014-04-17,0.2000,0.2000,0.2000,0.2000,0,0
D,2014-04-16,0.2100,0.2100,0.2000,0.2000,500,0
D,2014-04-15,0.2100,0.2100,0.2100,0.2100,0,0
D,2014-04-14,0.2100,0.2100,0.2100,0.2100,300,0
D,2014-04-11,0.2050,0.2050,0.2050,0.2050,351,0
D,2014-04-10,0.2100,0.2100,0.2100,0.2100,749,0
D,2014-04-09,0.2000,0.2350,0.2000,0.2150,1803,0
D,2014-04-08,0.1800,0.2150,0.1800,0.2050,1990,0
D,2014-04-07,0.2000,0.2050,0.1650,0.1650,1900,0
D,2014-04-04,0.1800,0.2150,0.1800,0.2050,2310,0
D,2014-04-03,0.1350,0.1500,0.1300,0.1500,2300,0
D,2014-04-02,0.1250,0.1300,0.1250,0.1250,700,0
D,2014-04-01,0.1100,0.1100,0.1100,0.1100,0,0
D,2014-03-31,0.1100,0.1100,0.1100,0.1100,0,0
D,2014-03-28,0.1100,0.1100,0.1100,0.1100,0,0
D,2014-03-27,0.1150,0.1150,0.1100,0.1100,3060,0
D,2014-03-26,0.1150,0.1150,0.1150,0.1150,1000,0
