D,2014-10-14,0.7000,0.7000,0.6750,0.6950,1570,0
D,2014-10-13,0.7150,0.7200,0.7050,0.7050,3515,0
D,2014-10-10,0.7100,0.7150,0.7100,0.7150,3100,0
D,2014-10-09,0.7150,0.7200,0.7150,0.7200,160,0
D,2014-10-08,0.7150,0.7150,0.7100,0.7100,90,0
D,2014-10-07,0.7150,0.7200,0.7150,0.7150,97,0
D,2014-10-03,0.7200,0.7200,0.7200,0.7200,90,0
D,2014-10-02,0.7150,0.7150,0.7150,0.7150,4,0
D,2014-10-01,0.7300,0.7350,0.7300,0.7350,260,0
D,2014-09-30,0.7350,0.7350,0.7250,0.7350,925,0
D,2014-09-29,0.7400,0.7500,0.7400,0.7400,8277,0
D,2014-09-26,0.7100,0.7450,0.7100,0.7400,8675,0
D,2014-09-25,0.7150,0.7200,0.7150,0.7200,1500,0
D,2014-09-24,0.7150,0.7150,0.7100,0.7100,237,0
D,2014-09-23,0.7100,0.7100,0.7100,0.7100,1206,0
D,2014-09-22,0.7200,0.7200,0.7200,0.7200,200,0
D,2014-09-19,0.7100,0.7200,0.7100,0.7100,8580,0
D,2014-09-18,0.7100,0.7100,0.7100,0.7100,0,0
D,2014-09-17,0.7050,0.7100,0.7050,0.7100,144,0
D,2014-09-15,0.7100,0.7100,0.7100,0.7100,60,0
D,2014-09-12,0.7100,0.7100,0.7100,0.7100,50,0
D,2014-09-11,0.7050,0.7050,0.7050,0.7050,50,0
D,2014-09-10,0.7100,0.7100,0.7050,0.7100,1392,0
D,2014-09-09,0.7100,0.7100,0.7100,0.7100,600,0
D,2014-09-08,0.7100,0.7100,0.7100,0.7100,5240,0
D,2014-09-05,0.7100,0.7150,0.7100,0.7100,1676,0
D,2014-09-04,0.7100,0.7100,0.7100,0.7100,1048,0
D,2014-09-03,0.7100,0.7100,0.7100,0.7100,200,0
D,2014-09-02,0.7050,0.7050,0.7050,0.7050,200,0
D,2014-08-29,0.7050,0.7050,0.7050,0.7050,352,0
D,2014-08-28,0.7050,0.7050,0.7050,0.7050,500,0
D,2014-08-27,0.7050,0.7050,0.7000,0.7050,476,0
D,2014-08-26,0.7050,0.7050,0.7000,0.7000,2000,0
D,2014-08-25,0.7050,0.7050,0.7050,0.7050,42,0
D,2014-08-22,0.7100,0.7100,0.7000,0.7000,4845,0
D,2014-08-21,0.7050,0.7050,0.7000,0.7000,3640,0
D,2014-08-20,0.7150,0.7150,0.7150,0.7150,163,0
D,2014-08-19,0.7100,0.7150,0.7100,0.7150,100,0
D,2014-08-18,0.7050,0.7050,0.7050,0.7050,216,0
D,2014-08-15,0.7050,0.7050,0.7050,0.7050,25,0
D,2014-08-14,0.7100,0.7100,0.7050,0.7100,250,0
D,2014-08-13,0.7000,0.7150,0.7000,0.7150,500,0
D,2014-08-12,0.7050,0.7050,0.7050,0.7050,506,0
D,2014-08-11,0.7000,0.7000,0.7000,0.7000,0,0
D,2014-08-08,0.7000,0.7000,0.7000,0.7000,10,0
D,2014-08-07,0.7050,0.7050,0.7050,0.7050,1320,0
D,2014-08-06,0.7050,0.7050,0.7050,0.7050,2,0
D,2014-08-05,0.7050,0.7050,0.7050,0.7050,73,0
D,2014-08-04,0.7050,0.7100,0.7050,0.7050,440,0
D,2014-08-01,0.7050,0.7050,0.7050,0.7050,524,0
D,2014-07-31,0.7050,0.7200,0.7050,0.7200,10,0
D,2014-07-30,0.7050,0.7100,0.7050,0.7100,610,0
D,2014-07-25,0.7050,0.7150,0.7000,0.7150,260,0
D,2014-07-24,0.7000,0.7000,0.7000,0.7000,239,0
D,2014-07-23,0.7050,0.7050,0.7000,0.7000,2020,0
D,2014-07-22,0.7000,0.7050,0.7000,0.7050,1311,0
D,2014-07-21,0.7000,0.7000,0.7000,0.7000,1000,0
D,2014-07-18,0.7050,0.7050,0.7050,0.7050,0,0
D,2014-07-17,0.7050,0.7050,0.7050,0.7050,0,0
D,2014-07-16,0.7000,0.7050,0.7000,0.7050,676,0
D,2014-07-14,0.7050,0.7050,0.7000,0.7000,330,0
D,2014-07-11,0.7050,0.7050,0.7050,0.7050,0,0
D,2014-07-10,0.7000,0.7050,0.7000,0.7050,590,0
D,2014-07-09,0.7000,0.7000,0.7000,0.7000,600,0
D,2014-07-08,0.7000,0.7100,0.7000,0.7100,170,0
D,2014-07-07,0.7050,0.7050,0.7050,0.7050,1120,0
D,2014-07-04,0.7050,0.7050,0.7050,0.7050,0,0
D,2014-07-03,0.7050,0.7100,0.7050,0.7050,706,0
D,2014-07-02,0.7000,0.7000,0.7000,0.7000,598,0
D,2014-07-01,0.7000,0.7100,0.7000,0.7000,334,0
D,2014-06-30,0.7250,0.7250,0.7250,0.7250,0,0
D,2014-06-27,0.7250,0.7250,0.7250,0.7250,0,0
D,2014-06-26,0.7250,0.7250,0.7250,0.7250,110,0
D,2014-06-25,0.7000,0.7200,0.7000,0.7200,330,0
D,2014-06-24,0.7150,0.7150,0.7150,0.7150,300,0
D,2014-06-23,0.7200,0.7200,0.7150,0.7150,815,0
D,2014-06-20,0.7000,0.7200,0.7000,0.7200,147,0
D,2014-06-19,0.7200,0.7200,0.7200,0.7200,400,0
D,2014-06-18,0.7050,0.7100,0.7050,0.7100,806,0
D,2014-06-17,0.7050,0.7050,0.7050,0.7050,0,0
D,2014-06-16,0.6950,0.7050,0.6950,0.7050,20,0
D,2014-06-13,0.6950,0.7000,0.6950,0.7000,405,0
D,2014-06-12,0.7000,0.7000,0.7000,0.7000,0,0
D,2014-06-11,0.6900,0.7000,0.6900,0.7000,1550,0
D,2014-06-10,0.6950,0.6950,0.6900,0.6950,1129,0
D,2014-06-09,0.6900,0.6900,0.6900,0.6900,116,0
D,2014-06-06,0.6900,0.6900,0.6900,0.6900,1341,0
D,2014-06-05,0.6950,0.6950,0.6950,0.6950,22,0
D,2014-06-04,0.7000,0.7000,0.6950,0.7000,3690,0
D,2014-06-03,0.6900,0.7100,0.6900,0.7100,96,0
D,2014-06-02,0.7000,0.7100,0.7000,0.7100,95,0
D,2014-05-30,0.7000,0.7000,0.7000,0.7000,41,0
D,2014-05-29,0.7000,0.7100,0.7000,0.7100,250,0
D,2014-05-28,0.7000,0.7000,0.7000,0.7000,0,0
D,2014-05-27,0.7000,0.7000,0.7000,0.7000,1000,0
D,2014-05-26,0.7000,0.7000,0.7000,0.7000,10,0
D,2014-05-23,0.7000,0.7000,0.7000,0.7000,410,0
D,2014-05-22,0.7100,0.7100,0.7100,0.7100,0,0
D,2014-05-21,0.7000,0.7100,0.7000,0.7100,920,0
D,2014-05-20,0.7050,0.7050,0.7050,0.7050,190,0
D,2014-05-19,0.7050,0.7050,0.7050,0.7050,100,0
D,2014-05-16,0.7050,0.7050,0.7000,0.7050,536,0
D,2014-05-15,0.7100,0.7100,0.7050,0.7100,90,0
D,2014-05-14,0.7200,0.7200,0.7050,0.7100,1110,0
D,2014-05-12,0.7000,0.7000,0.7000,0.7000,35,0
D,2014-05-09,0.7000,0.7050,0.7000,0.7050,107,0
D,2014-05-08,0.7100,0.7100,0.7000,0.7000,3767,0
D,2014-05-07,0.7100,0.7100,0.7100,0.7100,1,0
D,2014-05-06,0.7300,0.7300,0.7300,0.7300,0,0
D,2014-05-05,0.7300,0.7300,0.7300,0.7300,0,0
D,2014-05-02,0.7250,0.7300,0.7250,0.7300,5306,0
D,2014-04-30,0.7100,0.7100,0.7050,0.7050,239,0
D,2014-04-29,0.7150,0.7150,0.7150,0.7150,960,0
D,2014-04-28,0.7200,0.7250,0.7150,0.7150,6935,0
D,2014-04-25,0.7250,0.7250,0.7200,0.7200,2002,0
D,2014-04-24,0.7200,0.7200,0.7200,0.7200,1094,0
D,2014-04-23,0.7250,0.7250,0.7200,0.7200,5190,0
D,2014-04-22,0.7300,0.7300,0.7200,0.7200,136,0
D,2014-04-21,0.7200,0.7200,0.7200,0.7200,2030,0
D,2014-04-18,0.7250,0.7250,0.7250,0.7250,10155,0
D,2014-04-17,0.7200,0.7250,0.7200,0.7250,4800,0
D,2014-04-16,0.7200,0.7200,0.7200,0.7200,2050,0
D,2014-04-15,0.7500,0.7550,0.7500,0.7500,5881,0
D,2014-04-14,0.7450,0.7500,0.7450,0.7500,8148,0
D,2014-04-11,0.7500,0.7500,0.7500,0.7500,3900,0
D,2014-04-10,0.7500,0.7500,0.7500,0.7500,650,0
D,2014-04-09,0.7500,0.7550,0.7500,0.7500,1446,0
D,2014-04-08,0.7450,0.7550,0.7450,0.7500,2443,0
D,2014-04-07,0.7500,0.7550,0.7450,0.7550,3790,0
D,2014-04-04,0.7500,0.7500,0.7500,0.7500,3010,0
D,2014-04-03,0.7500,0.7500,0.7500,0.7500,3226,0
D,2014-04-02,0.7450,0.7450,0.7450,0.7450,1040,0
D,2014-04-01,0.7450,0.7450,0.7450,0.7450,0,0
D,2014-03-31,0.7400,0.7450,0.7400,0.7450,440,0
D,2014-03-28,0.7500,0.7500,0.7500,0.7500,0,0
D,2014-03-27,0.7500,0.7500,0.7500,0.7500,2200,0
D,2014-03-26,0.7500,0.7500,0.7500,0.7500,2320,0
D,2014-03-25,0.7400,0.7400,0.7400,0.7400,100,0
D,2014-03-24,0.7600,0.7600,0.7400,0.7400,299,0
D,2014-03-21,0.7450,0.7500,0.7400,0.7500,826,0
D,2014-03-20,0.7400,0.7400,0.7400,0.7400,100,0
D,2014-03-19,0.7350,0.7350,0.7350,0.7350,0,0
D,2014-03-18,0.7350,0.7350,0.7350,0.7350,133,0
D,2014-03-17,0.7500,0.7500,0.7500,0.7500,0,0
D,2014-03-14,0.7500,0.7500,0.7500,0.7500,15,0
D,2014-03-13,0.7250,0.7250,0.7250,0.7250,0,0
D,2014-03-12,0.7250,0.7250,0.7250,0.7250,50,0
D,2014-03-11,0.7250,0.7250,0.7250,0.7250,0,0
D,2014-03-10,0.7250,0.7250,0.7250,0.7250,50,0
D,2014-03-07,0.7300,0.7300,0.7300,0.7300,35,0
D,2014-03-06,0.7500,0.7500,0.7500,0.7500,0,0
D,2014-03-05,0.7500,0.7500,0.7500,0.7500,0,0
D,2014-03-04,0.7300,0.7500,0.7300,0.7500,7120,0
D,2014-03-03,0.7500,0.7500,0.7500,0.7500,22085,0
D,2014-02-28,0.7500,0.7500,0.7400,0.7500,26737,0
D,2014-02-27,0.7300,0.7300,0.7300,0.7300,65,0
D,2014-02-26,0.7250,0.7250,0.7250,0.7250,149,0
D,2014-02-25,0.7600,0.7600,0.7250,0.7250,400,0
D,2014-02-24,0.7500,0.7600,0.7500,0.7600,1960,0
D,2014-02-21,0.7500,0.7500,0.7500,0.7500,0,0
D,2014-02-20,0.7500,0.7500,0.7500,0.7500,6400,0
D,2014-02-19,0.7300,0.7500,0.7300,0.7500,10103,0
D,2014-02-18,0.7300,0.7550,0.7300,0.7550,14440,0
D,2014-02-17,0.7150,0.7500,0.7150,0.7500,1227,0
D,2014-02-14,0.7300,0.7350,0.7200,0.7350,1110,0
D,2014-02-13,0.7200,0.7250,0.7200,0.7250,1400,0
D,2014-02-12,0.7150,0.7150,0.7150,0.7150,20,0
D,2014-02-11,0.7200,0.7300,0.7200,0.7300,7266,0
D,2014-02-10,0.7200,0.7200,0.7200,0.7200,500,0
D,2014-02-07,0.7200,0.7200,0.7200,0.7200,2840,0
D,2014-02-06,0.7150,0.7150,0.7150,0.7150,100,0
D,2014-02-05,0.7050,0.7050,0.7050,0.7050,20,0
D,2014-02-04,0.7050,0.7050,0.7050,0.7050,40,0
D,2014-01-30,0.7150,0.7150,0.7150,0.7150,0,0
D,2014-01-29,0.7000,0.7150,0.7000,0.7150,980,0
D,2014-01-28,0.7050,0.7050,0.7050,0.7050,0,0
D,2014-01-27,0.7050,0.7050,0.6950,0.7050,5910,0
D,2014-01-24,0.7100,0.7100,0.7100,0.7100,71,0
D,2014-01-23,0.7100,0.7150,0.7100,0.7150,258,0
D,2014-01-22,0.7100,0.7150,0.7100,0.7150,20389,0
D,2014-01-21,0.7100,0.7100,0.7100,0.7100,64085,0
D,2014-01-20,0.7050,0.7100,0.7050,0.7100,1706,0
D,2014-01-16,0.7050,0.7100,0.7050,0.7050,3426,0
D,2014-01-15,0.7000,0.7000,0.7000,0.7000,0,0
D,2014-01-13,0.7000,0.7000,0.7000,0.7000,49,0
D,2014-01-10,0.7050,0.7050,0.7000,0.7050,9483,0
D,2014-01-09,0.7050,0.7050,0.7050,0.7050,35,0
D,2014-01-08,0.7000,0.7050,0.7000,0.7050,720,0
D,2014-01-07,0.7000,0.7000,0.7000,0.7000,14500,0
D,2014-01-06,0.7000,0.7050,0.7000,0.7000,13906,0
D,2014-01-03,0.7100,0.7100,0.7050,0.7050,3360,0
D,2014-01-02,0.7150,0.7150,0.7050,0.7100,3910,0
D,2013-12-31,0.7150,0.7150,0.7100,0.7100,7755,0
D,2013-12-30,0.7100,0.7200,0.7100,0.7100,3953,0
D,2013-12-27,0.7100,0.7100,0.7100,0.7100,2081,0
D,2013-12-26,0.7050,0.7100,0.7050,0.7100,5377,0
D,2013-12-24,0.7000,0.7050,0.7000,0.7050,6600,0
D,2013-12-23,0.7000,0.7050,0.7000,0.7050,3516,0
D,2013-12-20,0.6950,0.7050,0.6950,0.7050,13200,0
D,2013-12-19,0.6950,0.6950,0.6950,0.6950,0,0
D,2013-12-18,0.7100,0.7100,0.6950,0.6950,809,0
D,2013-12-17,0.7000,0.7000,0.7000,0.7000,200,0
D,2013-12-16,0.6950,0.6950,0.6900,0.6900,24,0
D,2013-12-13,0.6950,0.7000,0.6900,0.6900,190,0
D,2013-12-12,0.6950,0.6950,0.6950,0.6950,500,0
D,2013-12-11,0.7000,0.7000,0.6950,0.7000,1960,0
D,2013-12-10,0.6900,0.6900,0.6900,0.6900,40,0
D,2013-12-09,0.6950,0.7000,0.6950,0.6950,1358,0
D,2013-12-06,0.6950,0.6950,0.6950,0.6950,3680,0
D,2013-12-05,0.6950,0.6950,0.6950,0.6950,2313,0
D,2013-12-04,0.6950,0.6950,0.6850,0.6900,1508,0
D,2013-12-03,0.6950,0.7000,0.6900,0.6900,1586,0
D,2013-12-02,0.6950,0.6950,0.6950,0.6950,100,0
D,2013-11-29,0.6850,0.6850,0.6850,0.6850,1880,0
D,2013-11-28,0.6900,0.6900,0.6850,0.6850,350,0
D,2013-11-27,0.7000,0.7000,0.7000,0.7000,130,0
D,2013-11-26,0.6850,0.6950,0.6850,0.6950,1305,0
D,2013-11-25,0.6950,0.6950,0.6850,0.6950,6073,0
D,2013-11-22,0.6950,0.7000,0.6950,0.6950,1187,0
D,2013-11-21,0.6950,0.7000,0.6950,0.7000,1500,0
D,2013-11-20,0.6950,0.6950,0.6950,0.6950,2750,0
D,2013-11-19,0.6900,0.6950,0.6900,0.6950,1555,0
D,2013-11-18,0.7000,0.7050,0.6900,0.6900,1812,0
D,2013-11-15,0.6900,0.6900,0.6850,0.6900,502,0
D,2013-11-14,0.6850,0.6850,0.6850,0.6850,0,0
D,2013-11-13,0.6850,0.6900,0.6850,0.6850,5920,0
D,2013-11-12,0.6850,0.6850,0.6850,0.6850,1920,0
D,2013-11-11,0.6850,0.6900,0.6850,0.6850,1485,0
D,2013-11-08,0.6850,0.6900,0.6850,0.6900,1890,0
D,2013-11-07,0.6850,0.6900,0.6850,0.6850,2785,0
D,2013-11-06,0.6850,0.6850,0.6800,0.6800,16515,0
D,2013-11-04,0.6800,0.6850,0.6800,0.6850,7040,0
D,2013-11-01,0.6800,0.6800,0.6750,0.6750,2269,0
D,2013-10-31,0.6800,0.6850,0.6800,0.6850,1327,0
D,2013-10-30,0.6900,0.6900,0.6750,0.6750,4235,0
D,2013-10-29,0.6900,0.6900,0.6900,0.6900,0,0
D,2013-10-28,0.6900,0.6900,0.6900,0.6900,2220,0
D,2013-10-25,0.6900,0.6900,0.6900,0.6900,375,0
D,2013-10-24,0.6900,0.7000,0.6900,0.7000,700,0
D,2013-10-23,0.6950,0.6950,0.6950,0.6950,35,0
D,2013-10-22,0.6900,0.7200,0.6900,0.7200,10216,0
D,2013-10-21,0.6900,0.6900,0.6900,0.6900,804,0
D,2013-10-18,0.6900,0.6900,0.6900,0.6900,60,0
D,2013-10-17,0.6850,0.6900,0.6850,0.6850,587,0
D,2013-10-16,0.6850,0.6900,0.6850,0.6900,195,0
D,2013-10-14,0.7100,0.7200,0.7100,0.7200,973,0
D,2013-10-11,0.7100,0.7150,0.7100,0.7150,337,0
D,2013-10-10,0.7100,0.7100,0.7100,0.7100,30,0
D,2013-10-09,0.7050,0.7100,0.7050,0.7050,2024,0
D,2013-10-08,0.7050,0.7100,0.7050,0.7100,290,0
D,2013-10-07,0.7000,0.7050,0.7000,0.7050,175,0
D,2013-10-04,0.7000,0.7000,0.7000,0.7000,1032,0
D,2013-10-03,0.7000,0.7000,0.7000,0.7000,90,0
D,2013-10-02,0.7100,0.7150,0.7050,0.7100,1131,0
D,2013-10-01,0.7000,0.7100,0.7000,0.7100,2088,0
D,2013-09-30,0.7050,0.7050,0.6950,0.7000,3085,0
D,2013-09-27,0.7050,0.7050,0.7050,0.7050,110,0
D,2013-09-26,0.7100,0.7100,0.7050,0.7050,760,0
D,2013-09-25,0.7050,0.7050,0.7000,0.7050,694,0
D,2013-09-24,0.7050,0.7050,0.7050,0.7050,910,0
D,2013-09-23,0.7050,0.7050,0.7050,0.7050,492,0
D,2013-09-20,0.7000,0.7050,0.7000,0.7050,1359,0
D,2013-09-19,0.7000,0.7000,0.7000,0.7000,475,0
D,2013-09-18,0.6950,0.6950,0.6950,0.6950,400,0
D,2013-09-17,0.6900,0.6900,0.6900,0.6900,0,0
D,2013-09-13,0.6900,0.6900,0.6900,0.6900,200,0
D,2013-09-12,0.6950,0.6950,0.6950,0.6950,150,0
D,2013-09-11,0.6950,0.6950,0.6950,0.6950,267,0
D,2013-09-10,0.6900,0.6900,0.6900,0.6900,0,0
D,2013-09-09,0.6900,0.6900,0.6900,0.6900,850,0
D,2013-09-06,0.6850,0.6950,0.6850,0.6950,160,0
D,2013-09-05,0.6950,0.6950,0.6950,0.6950,100,0
D,2013-09-04,0.6900,0.6950,0.6900,0.6950,300,0
D,2013-09-03,0.6850,0.6850,0.6850,0.6850,0,0
D,2013-09-02,0.6850,0.6850,0.6850,0.6850,0,0
D,2013-08-30,0.6950,0.6950,0.6850,0.6850,500,0
D,2013-08-29,0.6800,0.6850,0.6800,0.6850,900,0
D,2013-08-28,0.6700,0.6800,0.6700,0.6750,1044,0
D,2013-08-27,0.7000,0.7000,0.6900,0.6900,5197,0
D,2013-08-26,0.7050,0.7050,0.7000,0.7050,331,0
D,2013-08-23,0.7050,0.7100,0.7000,0.7000,1096,0
D,2013-08-22,0.7050,0.7050,0.7000,0.7050,5000,0
D,2013-08-21,0.7050,0.7100,0.7050,0.7050,1566,0
D,2013-08-20,0.7050,0.7050,0.7050,0.7050,1010,0
D,2013-08-19,0.7100,0.7150,0.7100,0.7150,32,0
D,2013-08-16,0.7050,0.7100,0.7050,0.7050,169,0
D,2013-08-15,0.7050,0.7100,0.7050,0.7050,1000,0
D,2013-08-14,0.7100,0.7150,0.7050,0.7150,376,0
D,2013-08-13,0.7050,0.7050,0.7050,0.7050,770,0
D,2013-08-12,0.7050,0.7050,0.7050,0.7050,641,0
D,2013-08-07,0.7050,0.7050,0.7050,0.7050,10,0
D,2013-08-06,0.7050,0.7050,0.7050,0.7050,300,0
D,2013-08-05,0.7050,0.7100,0.7050,0.7050,695,0
D,2013-08-02,0.0000,0.7050,0.7000,0.7000,475,0
D,2013-08-01,0.7000,0.7000,0.7000,0.7000,2606,0
D,2013-07-31,0.7050,0.7100,0.7000,0.7000,2737,0
D,2013-07-30,0.7050,0.7100,0.7050,0.7050,776,0
D,2013-07-29,0.7050,0.7100,0.7050,0.7100,249,0
D,2013-07-26,0.7050,0.7050,0.7050,0.7050,80,0
D,2013-07-25,0.7050,0.7050,0.7050,0.7050,20,0
D,2013-07-24,0.7100,0.7100,0.7050,0.7050,372,0
D,2013-07-23,0.7050,0.7100,0.7050,0.7050,171,0
D,2013-07-22,0.7050,0.7100,0.7050,0.7100,1080,0
D,2013-07-19,0.7050,0.7150,0.7050,0.7050,814,0
D,2013-07-18,0.7000,0.7100,0.7000,0.7100,705,0
D,2013-07-17,0.7000,0.7050,0.7000,0.7050,925,0
D,2013-07-16,0.7050,0.7050,0.7050,0.7050,500,0
D,2013-07-15,0.7000,0.7050,0.7000,0.7050,333,0
D,2013-07-12,0.7000,0.7050,0.7000,0.7050,3154,0
D,2013-07-11,0.7050,0.7050,0.7000,0.7000,751,0
D,2013-07-10,0.7000,0.7050,0.7000,0.7050,321,0
D,2013-07-09,0.7000,0.7000,0.7000,0.7000,351,0
D,2013-07-08,0.7050,0.7050,0.7000,0.7000,195,0
D,2013-07-05,0.7050,0.7100,0.7050,0.7050,621,0
D,2013-07-04,0.7000,0.7000,0.7000,0.7000,40,0
D,2013-07-03,0.7000,0.7000,0.7000,0.7000,189,0
D,2013-07-02,0.7000,0.7000,0.7000,0.7000,30,0
D,2013-07-01,0.7000,0.7000,0.7000,0.7000,800,0
D,2013-06-28,0.7000,0.7000,0.7000,0.7000,748,0
D,2013-06-27,0.7000,0.7000,0.6950,0.7000,5130,0
D,2013-06-26,0.6900,0.7000,0.6900,0.7000,4732,0
D,2013-06-25,0.6750,0.7000,0.6700,0.6950,5064,0
D,2013-06-24,0.6800,0.6850,0.6750,0.6800,3500,0
D,2013-06-21,0.6900,0.6900,0.6900,0.6900,825,0
D,2013-06-20,0.6950,0.7000,0.6900,0.6900,1729,0
D,2013-06-19,0.6950,0.7050,0.6950,0.7000,1622,0
D,2013-06-18,0.6950,0.7000,0.6950,0.7000,340,0
D,2013-06-17,0.7000,0.7000,0.7000,0.7000,350,0
D,2013-06-14,0.6950,0.7050,0.6900,0.6900,5820,0
D,2013-06-13,0.7000,0.7000,0.6950,0.6950,4460,0
D,2013-06-12,0.7050,0.7100,0.7000,0.7050,4060,0
D,2013-06-11,0.7100,0.7100,0.7050,0.7100,790,0
D,2013-06-10,0.7050,0.7100,0.7050,0.7100,2642,0
D,2013-06-07,0.7100,0.7100,0.7050,0.7050,2130,0
D,2013-06-06,0.7150,0.7150,0.7050,0.7050,6381,0
D,2013-06-05,0.7050,0.7250,0.7050,0.7200,7074,0
D,2013-06-04,0.7000,0.7050,0.7000,0.7050,3536,0
D,2013-06-03,0.7000,0.7100,0.6950,0.6950,6468,0
D,2013-05-31,0.6900,0.7000,0.6900,0.7000,3561,0
D,2013-05-30,0.6900,0.6900,0.6850,0.6850,1002,0
D,2013-05-29,0.6850,0.6850,0.6800,0.6850,1863,0
D,2013-05-28,0.6800,0.6850,0.6800,0.6850,649,0
D,2013-05-27,0.6750,0.6800,0.6750,0.6800,315,0
D,2013-05-23,0.6900,0.6950,0.6700,0.6700,5002,0
D,2013-05-22,0.6950,0.6950,0.6750,0.6950,4057,0
D,2013-05-21,0.6950,0.7000,0.6950,0.7000,5513,0
D,2013-05-20,0.6750,0.6950,0.6750,0.6900,5775,0
D,2013-05-17,0.6650,0.6750,0.6650,0.6700,11225,0
D,2013-05-16,0.6650,0.6650,0.6650,0.6650,6270,0
D,2013-05-15,0.6650,0.6700,0.6600,0.6650,12778,0
D,2013-05-14,0.6700,0.6700,0.6650,0.6700,9297,0
D,2013-05-13,0.6650,0.6700,0.6600,0.6700,13117,0
D,2013-05-10,0.6300,0.6550,0.6300,0.6500,6142,0
D,2013-05-09,0.6200,0.6200,0.6150,0.6200,2315,0
D,2013-05-08,0.6250,0.6250,0.6200,0.6200,1400,0
D,2013-05-07,0.6200,0.6250,0.6150,0.6250,4097,0
D,2013-05-06,0.6100,0.6250,0.6100,0.6250,2360,0
D,2013-05-03,0.6050,0.6050,0.6050,0.6050,666,0
D,2013-05-02,0.6100,0.6100,0.6000,0.6100,2159,0
D,2013-04-30,0.6000,0.6100,0.6000,0.6000,3914,0
D,2013-04-29,0.6000,0.6000,0.6000,0.6000,1784,0
D,2013-04-26,0.6000,0.6050,0.6000,0.6000,2919,0
D,2013-04-25,0.6000,0.6050,0.6000,0.6000,6980,0
D,2013-04-24,0.6050,0.6050,0.6000,0.6000,3793,0
D,2013-04-23,0.6050,0.6050,0.6050,0.6050,3253,0
D,2013-04-22,0.6100,0.6150,0.6050,0.6050,15113,0
D,2013-04-19,0.6150,0.6150,0.6100,0.6150,2510,0
D,2013-04-18,0.6150,0.6150,0.6100,0.6100,10565,0
D,2013-04-17,0.6200,0.6250,0.6150,0.6200,10220,0
D,2013-04-16,0.6250,0.6250,0.6200,0.6200,10600,0
D,2013-04-15,0.6500,0.6500,0.6500,0.6500,14777,0
D,2013-04-12,0.6450,0.6500,0.6450,0.6450,8409,0
D,2013-04-11,0.6500,0.6500,0.6450,0.6450,17898,0
D,2013-04-10,0.6500,0.6550,0.6500,0.6500,20690,0
D,2013-04-09,0.6500,0.6550,0.6500,0.6500,7468,0
D,2013-04-08,0.6500,0.6550,0.6500,0.6500,7579,0
D,2013-04-05,0.6500,0.6500,0.6500,0.6500,13606,0
D,2013-04-04,0.6500,0.6500,0.6500,0.6500,37408,0
D,2013-04-03,0.6550,0.6550,0.6450,0.6500,15267,0
D,2013-04-02,0.6550,0.6550,0.6500,0.6500,4400,0
D,2013-04-01,0.6550,0.6550,0.6500,0.6500,1580,0
D,2013-03-29,0.6550,0.6550,0.6500,0.6500,2123,0
D,2013-03-28,0.6550,0.6550,0.6500,0.6550,3143,0
D,2013-03-27,0.6550,0.6550,0.6550,0.6550,2428,0
D,2013-03-26,0.6550,0.6550,0.6550,0.6550,2246,0
D,2013-03-25,0.6550,0.6550,0.6500,0.6550,1366,0
D,2013-03-22,0.6500,0.6550,0.6500,0.6500,3494,0
D,2013-03-21,0.6500,0.6500,0.6500,0.6500,2081,0
D,2013-03-20,0.6500,0.6550,0.6500,0.6550,1020,0
D,2013-03-19,0.6500,0.6550,0.6500,0.6550,2831,0
D,2013-03-18,0.6550,0.6550,0.6500,0.6500,3080,0
D,2013-03-15,0.6550,0.6600,0.6550,0.6550,4028,0
D,2013-03-14,0.6500,0.6600,0.6500,0.6600,7171,0
D,2013-03-13,0.6550,0.6550,0.6500,0.6500,4263,0
D,2013-03-12,0.6600,0.6600,0.6550,0.6550,2800,0
D,2013-03-11,0.6550,0.6600,0.6550,0.6600,6511,0
D,2013-03-08,0.6600,0.6600,0.6600,0.6600,1480,0
D,2013-03-07,0.6600,0.6600,0.6600,0.6600,1650,0
D,2013-03-06,0.6550,0.6600,0.6550,0.6600,2084,0
D,2013-03-05,0.6550,0.6550,0.6550,0.6550,1000,0
D,2013-03-04,0.6550,0.6550,0.6550,0.6550,1650,0
D,2013-03-01,0.6550,0.6550,0.6550,0.6550,1380,0
D,2013-02-28,0.6550,0.6550,0.6500,0.6550,1844,0
D,2013-02-27,0.6550,0.6550,0.6550,0.6550,3510,0
D,2013-02-26,0.6500,0.6550,0.6500,0.6550,3321,0
D,2013-02-25,0.6450,0.6450,0.6450,0.6450,1000,0
D,2013-02-22,0.6450,0.6500,0.6450,0.6500,2330,0
D,2013-02-21,0.6450,0.6500,0.6450,0.6450,6480,0
D,2013-02-20,0.6500,0.6500,0.6450,0.6500,1490,0
D,2013-02-19,0.6500,0.6550,0.6500,0.6550,22,0
D,2013-02-18,0.6500,0.6550,0.6500,0.6550,1890,0
D,2013-02-15,0.6500,0.6500,0.6450,0.6500,2484,0
D,2013-02-14,0.6500,0.6500,0.6500,0.6500,6134,0
D,2013-02-13,0.6550,0.6550,0.6500,0.6500,3970,0
D,2013-02-08,0.6500,0.6550,0.6500,0.6500,4500,0
D,2013-02-07,0.6550,0.6600,0.6550,0.6550,1327,0
D,2013-02-06,0.6650,0.6650,0.6550,0.6550,6158,0
D,2013-02-05,0.6700,0.6700,0.6650,0.6650,2250,0
D,2013-02-04,0.6700,0.6750,0.6700,0.6700,6898,0
D,2013-01-31,0.6750,0.6750,0.6750,0.6750,550,0
D,2013-01-30,0.6700,0.6750,0.6700,0.6750,3902,0
D,2013-01-29,0.6700,0.6700,0.6700,0.6700,1859,0
D,2013-01-25,0.6750,0.6750,0.6700,0.6700,2450,0
D,2013-01-23,0.6750,0.6750,0.6700,0.6750,1066,0
D,2013-01-22,0.6700,0.6750,0.6700,0.6700,845,0
D,2013-01-21,0.6700,0.6800,0.6700,0.6800,1752,0
D,2013-01-18,0.6800,0.6900,0.6700,0.6700,475,0
D,2013-01-17,0.6650,0.6700,0.6600,0.6650,1483,0
D,2013-01-16,0.6650,0.6650,0.6650,0.6650,5657,0
D,2013-01-15,0.6650,0.6700,0.6650,0.6700,1431,0
D,2013-01-14,0.6700,0.6700,0.6700,0.6700,250,0
D,2013-01-11,0.6700,0.6700,0.6650,0.6650,965,0
D,2013-01-10,0.6700,0.6700,0.6700,0.6700,4398,0
D,2013-01-09,0.6750,0.6750,0.6700,0.6700,3061,0
D,2013-01-08,0.6850,0.6850,0.6750,0.6750,2808,0
D,2013-01-07,0.6850,0.6850,0.6850,0.6850,650,0
D,2013-01-04,0.6850,0.6850,0.6800,0.6850,1590,0
D,2013-01-03,0.6800,0.6850,0.6800,0.6850,830,0
D,2013-01-02,0.6750,0.6850,0.6750,0.6850,5050,0
D,2012-12-31,0.6700,0.6750,0.6700,0.6750,1310,0
D,2012-12-28,0.6700,0.6750,0.6700,0.6700,2950,0
D,2012-12-27,0.6700,0.6700,0.6650,0.6650,2504,0
D,2012-12-26,0.6700,0.6700,0.6650,0.6650,1108,0
D,2012-12-24,0.6700,0.6700,0.6700,0.6700,2500,0
D,2012-12-21,0.6700,0.6700,0.6650,0.6650,1420,0
D,2012-12-20,0.6700,0.6700,0.6700,0.6700,1120,0
D,2012-12-19,0.6700,0.6700,0.6700,0.6700,1000,0
D,2012-12-18,0.6650,0.6700,0.6650,0.6650,438,0
D,2012-12-17,0.6650,0.6650,0.6650,0.6650,560,0
D,2012-12-14,0.6700,0.6700,0.6650,0.6650,751,0
D,2012-12-13,0.6700,0.6700,0.6700,0.6700,902,0
D,2012-12-12,0.6750,0.6750,0.6700,0.6700,2040,0
D,2012-12-11,0.6700,0.6700,0.6700,0.6700,353,0
D,2012-12-10,0.6750,0.6750,0.6750,0.6750,50,0
D,2012-12-07,0.6650,0.6700,0.6650,0.6700,2037,0
D,2012-12-06,0.6650,0.6650,0.6650,0.6650,854,0
D,2012-12-05,0.6650,0.6650,0.6650,0.6650,916,0
D,2012-12-04,0.6600,0.6650,0.6600,0.6650,430,0
D,2012-12-03,0.6650,0.6650,0.6600,0.6600,220,0
D,2012-11-30,0.6650,0.6700,0.6550,0.6550,6071,0
D,2012-11-29,0.6700,0.6700,0.6600,0.6600,5100,0
D,2012-11-28,0.6650,0.6700,0.6650,0.6700,4438,0
D,2012-11-27,0.6800,0.6800,0.6700,0.6700,3329,0
D,2012-11-26,0.6850,0.6850,0.6800,0.6800,1300,0
D,2012-11-23,0.6800,0.6850,0.6800,0.6850,1519,0
D,2012-11-22,0.6800,0.6800,0.6800,0.6800,4683,0
D,2012-11-21,0.6900,0.6900,0.6800,0.6800,4390,0
D,2012-11-20,0.6900,0.6900,0.6850,0.6900,6695,0
D,2012-11-19,0.6950,0.6950,0.6850,0.6900,4005,0
D,2012-11-16,0.7000,0.7050,0.6950,0.6950,8870,0
D,2012-11-14,0.7000,0.7050,0.7000,0.7000,3432,0
D,2012-11-12,0.7100,0.7100,0.7000,0.7000,7249,0
D,2012-11-09,0.7150,0.7150,0.7100,0.7100,600,0
D,2012-11-08,0.7100,0.7150,0.7100,0.7150,2905,0
D,2012-11-07,0.7150,0.7150,0.7100,0.7100,3140,0
D,2012-11-06,0.7100,0.7100,0.7100,0.7100,30,0
D,2012-11-05,0.7150,0.7150,0.7100,0.7100,2010,0
D,2012-11-02,0.7150,0.7150,0.7150,0.7150,2000,0
D,2012-11-01,0.7150,0.7200,0.7100,0.7200,468,0
D,2012-10-31,0.7150,0.7150,0.7150,0.7150,790,0
D,2012-10-30,0.7150,0.7200,0.7150,0.7150,4520,0
D,2012-10-29,0.7200,0.7200,0.7200,0.7200,0,0
D,2012-10-25,0.7200,0.7200,0.7200,0.7200,0,0
D,2012-10-24,0.7200,0.7200,0.7150,0.7200,1980,0
D,2012-10-23,0.7200,0.7200,0.7200,0.7200,7735,0
D,2012-10-22,0.7200,0.7200,0.7200,0.7200,3800,0
D,2012-10-19,0.7200,0.7200,0.7200,0.7200,2262,0
D,2012-10-18,0.7250,0.7250,0.7200,0.7200,1017,0
D,2012-10-17,0.7250,0.7250,0.7200,0.7200,510,0
D,2012-10-16,0.7250,0.7250,0.7200,0.7200,397,0
D,2012-10-15,0.7500,0.7500,0.7500,0.7500,6444,0
D,2012-10-12,0.7500,0.7550,0.7500,0.7500,7900,0
D,2012-10-11,0.7500,0.7500,0.7450,0.7500,3706,0
D,2012-10-10,0.7500,0.7550,0.7450,0.7500,6440,0
D,2012-10-09,0.7500,0.7500,0.7450,0.7450,865,0
D,2012-10-08,0.7500,0.7500,0.7450,0.7500,1015,0
D,2012-10-05,0.7550,0.7550,0.7500,0.7500,1334,0
D,2012-10-04,0.7500,0.7550,0.7500,0.7550,854,0
D,2012-10-03,0.7500,0.7500,0.7450,0.7450,2816,0
D,2012-05-03,0.7950,0.8050,0.7950,0.8050,21097,0
D,2012-05-02,0.7950,0.8000,0.7950,0.7950,15119,0
