D,2014-10-14,0.1700,0.1800,0.1700,0.1750,79262,0
D,2014-10-13,0.1850,0.1850,0.1750,0.1750,56173,0
D,2014-10-10,0.1950,0.1950,0.1800,0.1850,106141,0
D,2014-10-09,0.2000,0.2050,0.1950,0.2000,103682,0
D,2014-10-08,0.1950,0.1950,0.1900,0.1900,124191,0
D,2014-10-07,0.2150,0.2150,0.2000,0.2000,115057,0
D,2014-10-03,0.2100,0.2200,0.2050,0.2100,188908,0
D,2014-10-02,0.2100,0.2250,0.2000,0.2100,163819,0
D,2014-10-01,0.2400,0.2450,0.2150,0.2150,138287,0
D,2014-09-30,0.2450,0.2500,0.2300,0.2400,309909,0
D,2014-09-29,0.2700,0.2750,0.2500,0.2550,778646,0
D,2014-09-26,0.1750,0.2750,0.1750,0.2650,1221303,0
D,2014-09-25,0.1700,0.1750,0.1700,0.1750,42751,0
D,2014-09-24,0.1650,0.1700,0.1650,0.1700,7258,0
D,2014-09-23,0.1650,0.1700,0.1650,0.1700,8459,0
D,2014-09-22,0.1700,0.1700,0.1650,0.1700,9634,0
D,2014-09-19,0.1650,0.1650,0.1600,0.1650,3560,0
D,2014-09-18,0.1650,0.1650,0.1600,0.1650,10991,0
D,2014-09-17,0.1650,0.1650,0.1600,0.1650,14524,0
D,2014-09-15,0.1650,0.1700,0.1650,0.1700,4679,0
D,2014-09-12,0.1700,0.1700,0.1650,0.1700,2401,0
D,2014-09-11,0.1700,0.1700,0.1650,0.1700,1690,0
D,2014-09-10,0.1700,0.1750,0.1650,0.1750,19301,0
D,2014-09-09,0.1700,0.1700,0.1650,0.1650,4900,0
D,2014-09-08,0.1650,0.1700,0.1650,0.1700,3217,0
D,2014-09-05,0.1700,0.1750,0.1650,0.1750,1616,0
D,2014-09-04,0.1750,0.1750,0.1700,0.1700,13525,0
D,2014-09-03,0.1700,0.1800,0.1700,0.1750,29801,0
D,2014-09-02,0.1700,0.1750,0.1700,0.1750,5967,0
D,2014-08-29,0.1650,0.1700,0.1650,0.1700,6191,0
D,2014-08-28,0.1700,0.1750,0.1650,0.1650,14470,0
D,2014-08-27,0.1650,0.1700,0.1650,0.1700,9837,0
D,2014-08-26,0.1650,0.1700,0.1650,0.1700,920,0
D,2014-08-25,0.1700,0.1700,0.1600,0.1650,17198,0
D,2014-08-22,0.1650,0.1700,0.1650,0.1700,5260,0
D,2014-08-21,0.1650,0.1650,0.1600,0.1650,11821,0
D,2014-08-20,0.1700,0.1700,0.1650,0.1650,13730,0
D,2014-08-19,0.1650,0.1750,0.1650,0.1700,28337,0
D,2014-08-18,0.1650,0.1700,0.1650,0.1700,5768,0
D,2014-08-15,0.1650,0.1700,0.1650,0.1700,10824,0
D,2014-08-14,0.1650,0.1700,0.1600,0.1700,10009,0
D,2014-08-13,0.1650,0.1650,0.1600,0.1650,4896,0
D,2014-08-12,0.1650,0.1650,0.1600,0.1650,7106,0
D,2014-08-11,0.1550,0.1600,0.1550,0.1600,9799,0
D,2014-08-08,0.1550,0.1600,0.1550,0.1600,4850,0
D,2014-08-07,0.1600,0.1600,0.1550,0.1600,8711,0
D,2014-08-06,0.1600,0.1600,0.1600,0.1600,7606,0
D,2014-08-05,0.1600,0.1600,0.1600,0.1600,5302,0
D,2014-08-04,0.1600,0.1600,0.1550,0.1600,8380,0
D,2014-08-01,0.1550,0.1600,0.1550,0.1600,15844,0
D,2014-07-31,0.1600,0.1650,0.1600,0.1650,11166,0
D,2014-07-30,0.1600,0.1650,0.1600,0.1650,3036,0
D,2014-07-25,0.1650,0.1650,0.1600,0.1650,5050,0
D,2014-07-24,0.1600,0.1700,0.1600,0.1650,37569,0
D,2014-07-23,0.1550,0.1600,0.1550,0.1550,10832,0
D,2014-07-22,0.1550,0.1600,0.1550,0.1550,9544,0
D,2014-07-21,0.1550,0.1600,0.1550,0.1550,2200,0
D,2014-07-18,0.1600,0.1600,0.1550,0.1600,15851,0
D,2014-07-17,0.1650,0.1650,0.1600,0.1600,14899,0
D,2014-07-16,0.1600,0.1650,0.1600,0.1650,23886,0
D,2014-07-14,0.1550,0.1600,0.1550,0.1600,2301,0
D,2014-07-11,0.1550,0.1600,0.1550,0.1600,47706,0
D,2014-07-10,0.1500,0.1550,0.1500,0.1550,4937,0
D,2014-07-09,0.1550,0.1550,0.1500,0.1550,43511,0
D,2014-07-08,0.1550,0.1550,0.1500,0.1500,17302,0
D,2014-07-07,0.1500,0.1550,0.1500,0.1550,17641,0
D,2014-07-04,0.1500,0.1550,0.1500,0.1550,12667,0
D,2014-07-03,0.1600,0.1600,0.1500,0.1550,14750,0
D,2014-07-02,0.1550,0.1550,0.1500,0.1550,18161,0
D,2014-07-01,0.1650,0.1650,0.1500,0.1550,64829,0
D,2014-06-30,0.1750,0.1750,0.1700,0.1750,33322,0
D,2014-06-27,0.1750,0.1800,0.1700,0.1750,10712,0
D,2014-06-26,0.1750,0.1800,0.1750,0.1800,52599,0
D,2014-06-25,0.1700,0.1750,0.1700,0.1750,36550,0
D,2014-06-24,0.1700,0.1750,0.1700,0.1700,20020,0
D,2014-06-23,0.1700,0.1750,0.1650,0.1700,18004,0
D,2014-06-20,0.1650,0.1700,0.1650,0.1700,8022,0
D,2014-06-19,0.1700,0.1700,0.1650,0.1650,16154,0
D,2014-06-18,0.1700,0.1750,0.1700,0.1700,66419,0
D,2014-06-17,0.1650,0.1700,0.1650,0.1650,40505,0
D,2014-06-16,0.1650,0.1650,0.1600,0.1650,6275,0
D,2014-06-13,0.1700,0.1700,0.1600,0.1700,47883,0
D,2014-06-12,0.1600,0.1700,0.1550,0.1700,44147,0
D,2014-06-11,0.1550,0.1550,0.1550,0.1550,12934,0
D,2014-06-10,0.1500,0.1550,0.1500,0.1550,6523,0
D,2014-06-09,0.1500,0.1500,0.1500,0.1500,260,0
D,2014-06-06,0.1500,0.1500,0.1500,0.1500,9321,0
D,2014-06-05,0.1500,0.1550,0.1450,0.1550,12472,0
D,2014-06-04,0.1500,0.1550,0.1500,0.1500,11123,0
D,2014-06-03,0.1500,0.1550,0.1500,0.1550,3442,0
D,2014-06-02,0.1500,0.1500,0.1500,0.1500,26406,0
D,2014-05-30,0.1600,0.1600,0.1500,0.1550,4657,0
D,2014-05-29,0.1550,0.1600,0.1550,0.1600,4641,0
D,2014-05-28,0.1550,0.1600,0.1550,0.1600,2970,0
D,2014-05-27,0.1550,0.1550,0.1550,0.1550,22443,0
D,2014-05-26,0.1600,0.1600,0.1550,0.1600,8556,0
D,2014-05-23,0.1550,0.1600,0.1550,0.1600,6120,0
D,2014-05-22,0.1550,0.1600,0.1500,0.1600,19342,0
D,2014-05-21,0.1550,0.1600,0.1550,0.1600,30951,0
D,2014-05-20,0.1550,0.1600,0.1500,0.1600,29072,0
D,2014-05-19,0.1550,0.1550,0.1500,0.1550,19317,0
D,2014-05-16,0.1550,0.1600,0.1550,0.1600,8660,0
D,2014-05-15,0.1600,0.1600,0.1550,0.1550,11737,0
D,2014-05-14,0.1600,0.1700,0.1550,0.1600,67790,0
D,2014-05-12,0.1550,0.1600,0.1500,0.1550,8534,0
D,2014-05-09,0.1550,0.1600,0.1500,0.1550,8328,0
D,2014-05-08,0.1550,0.1600,0.1550,0.1600,2093,0
D,2014-05-07,0.1600,0.1600,0.1550,0.1600,1510,0
D,2014-05-06,0.1600,0.1600,0.1550,0.1600,3735,0
D,2014-05-05,0.1500,0.1700,0.1500,0.1600,70955,0
D,2014-05-02,0.1500,0.1500,0.1450,0.1500,6630,0
D,2014-04-30,0.1500,0.1500,0.1500,0.1500,1300,0
D,2014-04-29,0.1500,0.1550,0.1500,0.1550,5765,0
D,2014-04-28,0.1550,0.1550,0.1500,0.1500,1905,0
D,2014-04-25,0.1600,0.1600,0.1550,0.1600,4880,0
D,2014-04-24,0.1500,0.1550,0.1500,0.1550,4053,0
D,2014-04-23,0.1550,0.1550,0.1500,0.1500,7180,0
D,2014-04-22,0.1550,0.1600,0.1550,0.1600,8787,0
D,2014-04-21,0.1550,0.1550,0.1550,0.1550,3000,0
D,2014-04-18,0.1550,0.1550,0.1550,0.1550,1000,0
D,2014-04-17,0.1500,0.1550,0.1500,0.1550,3647,0
D,2014-04-16,0.1550,0.1550,0.1500,0.1550,2771,0
D,2014-04-15,0.1550,0.1550,0.1500,0.1500,2710,0
D,2014-04-14,0.1550,0.1550,0.1500,0.1550,801,0
D,2014-04-11,0.1550,0.1550,0.1500,0.1550,6236,0
D,2014-04-10,0.1550,0.1550,0.1500,0.1550,12998,0
D,2014-04-09,0.1550,0.1600,0.1550,0.1600,2599,0
D,2014-04-08,0.1500,0.1550,0.1500,0.1550,9047,0
D,2014-04-07,0.1550,0.1550,0.1500,0.1550,8342,0
D,2014-04-04,0.1500,0.1550,0.1500,0.1550,2096,0
D,2014-04-03,0.1550,0.1550,0.1500,0.1550,1101,0
D,2014-04-02,0.1500,0.1550,0.1500,0.1550,2750,0
D,2014-04-01,0.1500,0.1550,0.1500,0.1550,1652,0
D,2014-03-31,0.1550,0.1550,0.1500,0.1550,15615,0
D,2014-03-28,0.1550,0.1550,0.1550,0.1550,2667,0
D,2014-03-27,0.1550,0.1600,0.1500,0.1600,12735,0
D,2014-03-26,0.1500,0.1500,0.1500,0.1500,1950,0
D,2014-03-25,0.1500,0.1500,0.1500,0.1500,793,0
D,2014-03-24,0.1500,0.1550,0.1500,0.1550,5831,0
D,2014-03-21,0.1500,0.1550,0.1500,0.1550,1583,0
D,2014-03-20,0.1500,0.1500,0.1500,0.1500,6381,0
D,2014-03-19,0.1550,0.1550,0.1500,0.1500,4080,0
D,2014-03-18,0.1500,0.1600,0.1500,0.1550,12984,0
D,2014-03-17,0.1500,0.1550,0.1500,0.1550,951,0
D,2014-03-14,0.1500,0.1550,0.1500,0.1550,436,0
D,2014-03-13,0.1500,0.1550,0.1500,0.1550,2801,0
D,2014-03-12,0.1500,0.1550,0.1500,0.1550,2100,0
D,2014-03-11,0.1500,0.1550,0.1500,0.1550,3371,0
D,2014-03-10,0.1550,0.1550,0.1500,0.1500,3260,0
D,2014-03-07,0.1550,0.1550,0.1550,0.1550,8814,0
D,2014-03-06,0.1550,0.1550,0.1500,0.1550,5751,0
D,2014-03-05,0.1550,0.1550,0.1500,0.1500,4080,0
D,2014-03-04,0.1500,0.1500,0.1500,0.1500,12000,0
D,2014-03-03,0.1550,0.1550,0.1500,0.1500,8876,0
D,2014-02-28,0.1600,0.1600,0.1550,0.1550,6700,0
D,2014-02-27,0.1550,0.1600,0.1500,0.1600,8232,0
D,2014-02-26,0.1600,0.1600,0.1550,0.1550,18987,0
D,2014-02-25,0.1650,0.1650,0.1600,0.1600,8284,0
D,2014-02-24,0.1650,0.1700,0.1650,0.1650,23384,0
D,2014-02-21,0.1650,0.1650,0.1600,0.1650,7330,0
D,2014-02-20,0.1600,0.1700,0.1600,0.1650,59651,0
D,2014-02-19,0.1550,0.1600,0.1550,0.1600,7630,0
D,2014-02-18,0.1550,0.1600,0.1550,0.1600,7630,0
D,2014-02-17,0.1600,0.1600,0.1550,0.1600,9711,0
D,2014-02-14,0.1550,0.1600,0.1550,0.1600,1100,0
D,2014-02-13,0.1600,0.1600,0.1600,0.1600,2500,0
D,2014-02-12,0.1650,0.1700,0.1600,0.1600,30871,0
D,2014-02-11,0.1550,0.1650,0.1550,0.1650,18831,0
D,2014-02-10,0.1550,0.1550,0.1500,0.1550,9371,0
D,2014-02-07,0.1550,0.1550,0.1500,0.1550,2779,0
D,2014-02-06,0.1500,0.1550,0.1500,0.1550,2143,0
D,2014-02-05,0.1550,0.1550,0.1550,0.1550,1865,0
D,2014-02-04,0.1550,0.1550,0.1550,0.1550,3000,0
D,2014-01-30,0.1550,0.1550,0.1500,0.1550,1104,0
D,2014-01-29,0.1500,0.1550,0.1500,0.1550,2690,0
D,2014-01-28,0.1550,0.1550,0.1500,0.1550,15400,0
D,2014-01-27,0.1450,0.1550,0.1450,0.1550,2744,0
D,2014-01-24,0.1500,0.1550,0.1500,0.1550,3561,0
D,2014-01-23,0.1500,0.1550,0.1450,0.1550,13106,0
D,2014-01-22,0.1500,0.1550,0.1500,0.1550,6048,0
D,2014-01-21,0.1500,0.1550,0.1500,0.1550,6358,0
D,2014-01-20,0.1500,0.1500,0.1500,0.1500,6780,0
D,2014-01-16,0.1500,0.1500,0.1500,0.1500,5685,0
D,2014-01-15,0.1550,0.1550,0.1500,0.1550,33541,0
D,2014-01-13,0.1550,0.1550,0.1550,0.1550,9662,0
D,2014-01-10,0.1550,0.1600,0.1500,0.1600,31056,0
D,2014-01-09,0.1550,0.1600,0.1500,0.1550,27527,0
D,2014-01-08,0.1550,0.1600,0.1550,0.1550,4874,0
D,2014-01-07,0.1600,0.1600,0.1500,0.1600,35604,0
D,2014-01-06,0.1600,0.1650,0.1550,0.1600,33693,0
D,2014-01-03,0.1650,0.1650,0.1550,0.1650,71211,0
D,2014-01-02,0.1650,0.1700,0.1600,0.1700,9442,0
D,2013-12-31,0.1800,0.1800,0.1650,0.1700,15820,0
D,2013-12-30,0.1850,0.1850,0.1750,0.1850,65468,0
D,2013-12-27,0.1700,0.1900,0.1650,0.1850,140162,0
D,2013-12-26,0.1500,0.1700,0.1500,0.1700,26507,0
D,2013-12-24,0.1500,0.1500,0.1500,0.1500,500,0
D,2013-12-23,0.1450,0.1500,0.1450,0.1500,1171,0
D,2013-12-20,0.1500,0.1500,0.1500,0.1500,5000,0
D,2013-12-19,0.1500,0.1500,0.1450,0.1500,4760,0
D,2013-12-18,0.1500,0.1500,0.1450,0.1500,1249,0
D,2013-12-17,0.1500,0.1500,0.1500,0.1500,680,0
D,2013-12-16,0.1500,0.1550,0.1500,0.1550,201,0
D,2013-12-13,0.1550,0.1550,0.1500,0.1500,11501,0
D,2013-12-12,0.1550,0.1550,0.1500,0.1550,2915,0
D,2013-12-11,0.1550,0.1550,0.1550,0.1550,0,0
D,2013-12-10,0.1500,0.1550,0.1450,0.1550,10141,0
D,2013-12-09,0.1500,0.1550,0.1450,0.1500,2449,0
D,2013-12-06,0.1500,0.1500,0.1450,0.1500,4648,0
D,2013-12-05,0.1500,0.1500,0.1450,0.1500,12213,0
D,2013-12-04,0.1500,0.1500,0.1450,0.1450,14738,0
D,2013-12-03,0.1500,0.1500,0.1450,0.1450,7640,0
D,2013-12-02,0.1500,0.1550,0.1500,0.1550,6551,0
D,2013-11-29,0.1500,0.1550,0.1500,0.1550,23579,0
D,2013-11-28,0.1550,0.1600,0.1550,0.1600,18286,0
D,2013-11-27,0.1600,0.1650,0.1550,0.1600,21108,0
D,2013-11-26,0.1600,0.1650,0.1600,0.1600,6801,0
D,2013-11-25,0.1650,0.1650,0.1600,0.1650,5861,0
D,2013-11-22,0.1650,0.1700,0.1600,0.1700,24646,0
D,2013-11-21,0.1650,0.1700,0.1600,0.1650,22617,0
D,2013-11-20,0.1650,0.1650,0.1650,0.1650,6184,0
D,2013-11-19,0.1750,0.1750,0.1650,0.1700,23058,0
D,2013-11-18,0.1850,0.1950,0.1700,0.1800,106104,0
D,2013-11-15,0.1700,0.1900,0.1700,0.1800,77847,0
D,2013-11-14,0.1650,0.1700,0.1650,0.1700,6041,0
D,2013-11-13,0.1700,0.1700,0.1650,0.1700,14779,0
D,2013-11-12,0.1700,0.1700,0.1650,0.1700,13200,0
D,2013-11-11,0.1700,0.1750,0.1650,0.1700,19443,0
D,2013-11-08,0.1700,0.1700,0.1700,0.1700,14358,0
D,2013-11-07,0.1700,0.1700,0.1650,0.1700,8581,0
D,2013-11-06,0.1650,0.1700,0.1650,0.1700,14113,0
D,2013-11-04,0.1650,0.1700,0.1650,0.1650,9643,0
D,2013-11-01,0.1700,0.1700,0.1650,0.1650,1999,0
D,2013-10-31,0.1650,0.1750,0.1650,0.1750,9966,0
D,2013-10-30,0.1650,0.1700,0.1650,0.1650,10798,0
D,2013-10-29,0.1700,0.1700,0.1600,0.1650,15126,0
D,2013-10-28,0.1700,0.1750,0.1700,0.1700,793,0
D,2013-10-25,0.1700,0.1800,0.1700,0.1800,371,0
D,2013-10-24,0.1800,0.1800,0.1750,0.1800,4019,0
D,2013-10-23,0.1850,0.1850,0.1800,0.1850,3555,0
D,2013-10-22,0.1700,0.1850,0.1700,0.1850,1560,0
D,2013-10-21,0.1700,0.1800,0.1700,0.1800,960,0
D,2013-10-18,0.1750,0.1750,0.1700,0.1750,7010,0
D,2013-10-17,0.1700,0.1750,0.1650,0.1750,4764,0
D,2013-10-16,0.1700,0.1750,0.1700,0.1700,1875,0
D,2013-10-14,0.1750,0.1750,0.1700,0.1700,3241,0
D,2013-10-11,0.1750,0.1800,0.1650,0.1750,9979,0
D,2013-10-10,0.1650,0.1750,0.1650,0.1750,5974,0
D,2013-10-09,0.1600,0.1600,0.1600,0.1600,1700,0
D,2013-10-08,0.1700,0.1700,0.1650,0.1650,2442,0
D,2013-10-07,0.1800,0.1800,0.1700,0.1700,17245,0
D,2013-10-04,0.1800,0.1800,0.1750,0.1800,13638,0
D,2013-10-03,0.1800,0.1800,0.1800,0.1800,2850,0
D,2013-10-02,0.1850,0.1850,0.1800,0.1850,5562,0
D,2013-10-01,0.1800,0.2000,0.1800,0.1850,31562,0
D,2013-09-30,0.1800,0.1800,0.1750,0.1750,13135,0
D,2013-09-27,0.1800,0.1900,0.1800,0.1850,4644,0
D,2013-09-26,0.1850,0.1850,0.1800,0.1800,5100,0
D,2013-09-25,0.1800,0.1850,0.1800,0.1800,10662,0
D,2013-09-24,0.1750,0.1800,0.1750,0.1800,1130,0
D,2013-09-23,0.1750,0.1750,0.1750,0.1750,1692,0
D,2013-09-20,0.1700,0.1750,0.1700,0.1750,7781,0
D,2013-09-19,0.1650,0.1700,0.1650,0.1700,11206,0
D,2013-09-18,0.1600,0.1650,0.1550,0.1600,11247,0
D,2013-09-17,0.1600,0.1600,0.1600,0.1600,2300,0
D,2013-09-13,0.1600,0.1650,0.1550,0.1600,1501,0
D,2013-09-12,0.1600,0.1600,0.1600,0.1600,5665,0
D,2013-09-11,0.1600,0.1600,0.1600,0.1600,11740,0
D,2013-09-10,0.1550,0.1550,0.1550,0.1550,5196,0
D,2013-09-09,0.1550,0.1550,0.1500,0.1550,2650,0
D,2013-09-06,0.1550,0.1550,0.1500,0.1500,2996,0
D,2013-09-05,0.1550,0.1550,0.1550,0.1550,2583,0
D,2013-09-04,0.1500,0.1550,0.1500,0.1500,2490,0
D,2013-09-03,0.1500,0.1550,0.1500,0.1550,12050,0
D,2013-09-02,0.1550,0.1550,0.1450,0.1550,6063,0
D,2013-08-30,0.1550,0.1600,0.1500,0.1600,9188,0
D,2013-08-29,0.1450,0.1500,0.1450,0.1500,14389,0
D,2013-08-28,0.1350,0.1450,0.1300,0.1450,27401,0
D,2013-08-27,0.1550,0.1550,0.1450,0.1450,14302,0
D,2013-08-26,0.1650,0.1700,0.1550,0.1650,12466,0
D,2013-08-23,0.1700,0.1700,0.1650,0.1650,11285,0
D,2013-08-22,0.1700,0.1750,0.1650,0.1750,13581,0
D,2013-08-21,0.1750,0.1750,0.1700,0.1700,6321,0
D,2013-08-20,0.1750,0.1750,0.1700,0.1700,23721,0
D,2013-08-19,0.1800,0.1850,0.1750,0.1750,11610,0
D,2013-08-16,0.1800,0.1800,0.1800,0.1800,6446,0
D,2013-08-15,0.1900,0.1900,0.1800,0.1800,11151,0
D,2013-08-14,0.1900,0.1900,0.1850,0.1900,12174,0
D,2013-08-13,0.1800,0.1850,0.1800,0.1850,6790,0
D,2013-08-12,0.1750,0.1800,0.1750,0.1800,6565,0
D,2013-08-07,0.1750,0.1750,0.1750,0.1750,6247,0
D,2013-08-06,0.1750,0.1800,0.1750,0.1750,6198,0
D,2013-08-05,0.1800,0.1800,0.1700,0.1750,12761,0
D,2013-08-02,0.1800,0.1800,0.1750,0.1750,1561,0
D,2013-08-01,0.1800,0.1800,0.1750,0.1750,9256,0
D,2013-07-31,0.1850,0.1850,0.1750,0.1800,12970,0
D,2013-07-30,0.1850,0.1850,0.1750,0.1800,27084,0
D,2013-07-29,0.1900,0.1900,0.1850,0.1850,7125,0
D,2013-07-26,0.1900,0.1950,0.1900,0.1900,5220,0
D,2013-07-25,0.1900,0.1900,0.1850,0.1900,10572,0
D,2013-07-24,0.1950,0.1950,0.1850,0.1850,14302,0
D,2013-07-23,0.1950,0.1950,0.1900,0.1950,6160,0
D,2013-07-22,0.1950,0.1950,0.1900,0.1950,10551,0
D,2013-07-19,0.2000,0.2000,0.1900,0.1950,12665,0
D,2013-07-18,0.1900,0.2050,0.1900,0.2050,18961,0
D,2013-07-17,0.1900,0.1900,0.1800,0.1900,8827,0
D,2013-07-16,0.1900,0.1900,0.1850,0.1900,13688,0
D,2013-07-15,0.1850,0.1950,0.1850,0.1950,12666,0
D,2013-07-12,0.1850,0.1900,0.1800,0.1900,15691,0
D,2013-07-11,0.1900,0.1900,0.1800,0.1800,21642,0
D,2013-07-10,0.1950,0.1950,0.1850,0.1850,17790,0
D,2013-07-09,0.1950,0.1950,0.1900,0.1900,18560,0
D,2013-07-08,0.2050,0.2050,0.1950,0.1950,19070,0
D,2013-07-05,0.1900,0.2050,0.1900,0.2050,12683,0
D,2013-07-04,0.1850,0.1900,0.1850,0.1900,8913,0
D,2013-07-03,0.1900,0.1900,0.1900,0.1900,6800,0
D,2013-07-02,0.1900,0.1900,0.1850,0.1900,6803,0
D,2013-07-01,0.1900,0.1900,0.1800,0.1900,18691,0
D,2013-06-28,0.1950,0.1950,0.1950,0.1950,4452,0
D,2013-06-27,0.1950,0.1950,0.1950,0.1950,6800,0
D,2013-06-26,0.1800,0.1950,0.1800,0.1950,23088,0
D,2013-06-25,0.1800,0.1850,0.1750,0.1850,14685,0
D,2013-06-24,0.1850,0.1900,0.1750,0.1800,21511,0
D,2013-06-21,0.1800,0.1900,0.1800,0.1850,18728,0
D,2013-06-20,0.2000,0.2000,0.1850,0.1900,49064,0
D,2013-06-19,0.2150,0.2150,0.2050,0.2050,13691,0
D,2013-06-18,0.2150,0.2150,0.2100,0.2150,9400,0
D,2013-06-17,0.2100,0.2100,0.2050,0.2100,11322,0
D,2013-06-14,0.2150,0.2200,0.2100,0.2100,37614,0
D,2013-06-13,0.2350,0.2400,0.2100,0.2100,38440,0
D,2013-06-12,0.2300,0.2400,0.2250,0.2350,22542,0
D,2013-06-11,0.2450,0.2450,0.2300,0.2400,30257,0
D,2013-06-10,0.2450,0.2500,0.2400,0.2450,38609,0
D,2013-06-07,0.2450,0.2550,0.2400,0.2400,31612,0
D,2013-06-06,0.2500,0.2500,0.2300,0.2450,70152,0
D,2013-06-05,0.2300,0.2600,0.2300,0.2500,103729,0
D,2013-06-04,0.2250,0.2300,0.2200,0.2250,51289,0
D,2013-06-03,0.2100,0.2300,0.2100,0.2200,77874,0
D,2013-05-31,0.1950,0.2100,0.1900,0.2100,30766,0
D,2013-05-30,0.1900,0.1950,0.1900,0.1950,33930,0
D,2013-05-29,0.1950,0.1950,0.1900,0.1950,16090,0
D,2013-05-28,0.1850,0.1900,0.1800,0.1900,17234,0
D,2013-05-27,0.1850,0.1850,0.1850,0.1850,6932,0
D,2013-05-23,0.1850,0.1950,0.1750,0.1800,75510,0
D,2013-05-22,0.1950,0.1950,0.1850,0.1900,30542,0
D,2013-05-21,0.1850,0.1950,0.1850,0.1950,73186,0
D,2013-05-20,0.1700,0.1900,0.1650,0.1850,44910,0
D,2013-05-17,0.1600,0.1650,0.1600,0.1650,9998,0
D,2013-05-16,0.1700,0.1750,0.1650,0.1650,9855,0
D,2013-05-15,0.1700,0.1700,0.1650,0.1650,14191,0
D,2013-05-14,0.1750,0.1750,0.1600,0.1650,31283,0
D,2013-05-13,0.1400,0.1700,0.1400,0.1700,63254,0
D,2013-05-10,0.1250,0.1400,0.1250,0.1400,38220,0
D,2013-05-09,0.1200,0.1200,0.1150,0.1200,1429,0
D,2013-05-08,0.1250,0.1300,0.1150,0.1150,1519,0
D,2013-05-07,0.1250,0.1300,0.1200,0.1250,13406,0
D,2013-05-06,0.1100,0.1250,0.1100,0.1250,11110,0
D,2013-05-03,0.1000,0.1100,0.1000,0.1050,4276,0
D,2013-05-02,0.1050,0.1050,0.1050,0.1050,2315,0
D,2013-04-30,0.1050,0.1050,0.1000,0.1000,1429,0
D,2013-04-29,0.1050,0.1050,0.1000,0.1050,7205,0
D,2013-04-26,0.1050,0.1100,0.1050,0.1050,7215,0
D,2013-04-25,0.1100,0.1100,0.1100,0.1100,1200,0
D,2013-04-24,0.1100,0.1100,0.1050,0.1100,8330,0
D,2013-04-23,0.1100,0.1100,0.1100,0.1100,70,0
D,2013-04-22,0.1150,0.1150,0.1100,0.1100,4925,0
D,2013-04-19,0.1150,0.1150,0.1100,0.1150,2880,0
D,2013-04-18,0.1150,0.1150,0.1150,0.1150,2762,0
D,2013-04-17,0.1150,0.1150,0.1150,0.1150,5231,0
D,2013-04-16,0.1150,0.1150,0.1150,0.1150,0,0
D,2013-04-15,0.1100,0.1150,0.1100,0.1150,5500,0
D,2013-04-12,0.1150,0.1150,0.1100,0.1100,7302,0
D,2013-04-11,0.1150,0.1150,0.1150,0.1150,2750,0
D,2013-04-10,0.1150,0.1200,0.1150,0.1150,526,0
D,2013-04-09,0.1150,0.1150,0.1150,0.1150,0,0
D,2013-04-08,0.1200,0.1200,0.1150,0.1150,3359,0
D,2013-04-05,0.1100,0.1150,0.1100,0.1150,2169,0
D,2013-04-04,0.1100,0.1100,0.1100,0.1100,1500,0
D,2013-04-03,0.1100,0.1100,0.1050,0.1100,4834,0
D,2013-04-02,0.1100,0.1100,0.1100,0.1100,0,0
D,2013-04-01,0.1100,0.1100,0.1100,0.1100,210,0
D,2013-03-29,0.1100,0.1100,0.1050,0.1050,1423,0
D,2013-03-28,0.1050,0.1100,0.1050,0.1100,2050,0
D,2013-03-27,0.1050,0.1100,0.1050,0.1100,20,0
D,2013-03-26,0.1050,0.1050,0.1050,0.1050,0,0
D,2013-03-25,0.1050,0.1050,0.1050,0.1050,106,0
D,2013-03-22,0.1100,0.1100,0.1050,0.1050,1527,0
D,2013-03-21,0.1050,0.1050,0.1050,0.1050,0,0
D,2013-03-20,0.1100,0.1100,0.1050,0.1050,450,0
D,2013-03-19,0.1050,0.1050,0.1050,0.1050,50,0
D,2013-03-18,0.1050,0.1050,0.1050,0.1050,530,0
D,2013-03-15,0.1050,0.1050,0.1050,0.1050,7098,0
D,2013-03-14,0.1050,0.1050,0.1050,0.1050,1000,0
D,2013-03-13,0.1100,0.1100,0.1100,0.1100,440,0
D,2013-03-12,0.1150,0.1150,0.1050,0.1050,6032,0
D,2013-03-11,0.1150,0.1150,0.1100,0.1100,9165,0
D,2013-03-08,0.1150,0.1200,0.1150,0.1200,1001,0
D,2013-03-07,0.1200,0.1200,0.1200,0.1200,0,0
D,2013-03-06,0.1100,0.1200,0.1100,0.1200,11,0
D,2013-03-05,0.1200,0.1200,0.1200,0.1200,0,0
D,2013-03-04,0.1100,0.1200,0.1100,0.1200,352,0
D,2013-03-01,0.1100,0.1200,0.1100,0.1200,551,0
D,2013-02-28,0.1200,0.1200,0.1200,0.1200,1,0
D,2013-02-27,0.1150,0.1150,0.1100,0.1150,600,0
D,2013-02-26,0.1100,0.1150,0.1100,0.1150,1451,0
D,2013-02-25,0.1150,0.1200,0.1100,0.1200,1101,0
D,2013-02-22,0.1050,0.1150,0.1050,0.1150,1052,0
D,2013-02-21,0.1100,0.1150,0.1100,0.1150,2574,0
D,2013-02-20,0.1100,0.1150,0.1100,0.1150,4567,0
D,2013-02-19,0.1100,0.1150,0.1050,0.1150,352,0
D,2013-02-18,0.1100,0.1150,0.1050,0.1150,523,0
D,2013-02-15,0.1100,0.1150,0.1100,0.1150,2375,0
D,2013-02-14,0.1100,0.1150,0.1100,0.1150,1926,0
D,2013-02-13,0.1100,0.1150,0.1100,0.1150,50,0
D,2013-02-08,0.1100,0.1100,0.1100,0.1100,598,0
D,2013-02-07,0.1100,0.1150,0.1050,0.1150,4320,0
D,2013-02-06,0.1100,0.1150,0.1100,0.1150,251,0
D,2013-02-05,0.1150,0.1200,0.1150,0.1200,1383,0
D,2013-02-04,0.1150,0.1150,0.1150,0.1150,3810,0
D,2013-01-31,0.1150,0.1200,0.1150,0.1200,201,0
D,2013-01-30,0.1200,0.1200,0.1200,0.1200,3787,0
D,2013-01-29,0.1250,0.1250,0.1200,0.1200,1265,0
D,2013-01-25,0.1200,0.1250,0.1200,0.1250,2590,0
D,2013-01-23,0.1250,0.1250,0.1200,0.1250,367,0
D,2013-01-22,0.1200,0.1250,0.1200,0.1250,3326,0
D,2013-01-21,0.1250,0.1250,0.1250,0.1250,1414,0
D,2013-01-18,0.1300,0.1300,0.1250,0.1300,3348,0
D,2013-01-17,0.1200,0.1250,0.1200,0.1250,3135,0
D,2013-01-16,0.1250,0.1300,0.1250,0.1300,8572,0
D,2013-01-15,0.1250,0.1250,0.1250,0.1250,5760,0
D,2013-01-14,0.1300,0.1300,0.1300,0.1300,0,0
D,2013-01-11,0.1300,0.1300,0.1250,0.1300,2036,0
D,2013-01-10,0.1300,0.1300,0.1300,0.1300,5300,0
D,2013-01-09,0.1300,0.1300,0.1250,0.1300,1456,0
D,2013-01-08,0.1300,0.1300,0.1250,0.1300,4213,0
D,2013-01-07,0.1300,0.1350,0.1300,0.1350,13727,0
D,2013-01-04,0.1300,0.1300,0.1250,0.1300,1760,0
D,2013-01-03,0.1300,0.1350,0.1300,0.1300,7000,0
D,2013-01-02,0.1350,0.1350,0.1300,0.1300,7406,0
D,2012-12-31,0.1300,0.1300,0.1300,0.1300,9243,0
D,2012-12-28,0.1250,0.1300,0.1250,0.1300,1001,0
D,2012-12-27,0.1250,0.1250,0.1200,0.1200,4862,0
D,2012-12-26,0.1200,0.1250,0.1200,0.1250,1888,0
D,2012-12-24,0.1200,0.1250,0.1200,0.1250,3101,0
D,2012-12-21,0.1250,0.1250,0.1250,0.1250,150,0
D,2012-12-20,0.1200,0.1300,0.1200,0.1300,11912,0
D,2012-12-19,0.1300,0.1300,0.1250,0.1300,1501,0
D,2012-12-18,0.1300,0.1350,0.1250,0.1350,3167,0
D,2012-12-17,0.1300,0.1350,0.1300,0.1350,2001,0
D,2012-12-14,0.1300,0.1350,0.1300,0.1350,559,0
D,2012-12-13,0.1300,0.1300,0.1300,0.1300,2000,0
D,2012-12-12,0.1300,0.1300,0.1300,0.1300,1500,0
D,2012-12-11,0.1300,0.1350,0.1300,0.1350,1053,0
D,2012-12-10,0.1350,0.1350,0.1300,0.1350,1251,0
D,2012-12-07,0.1300,0.1400,0.1300,0.1350,13786,0
D,2012-12-06,0.1250,0.1300,0.1250,0.1300,3175,0
D,2012-12-05,0.1300,0.1300,0.1250,0.1300,3618,0
D,2012-12-04,0.1250,0.1300,0.1250,0.1300,1825,0
D,2012-12-03,0.1300,0.1350,0.1300,0.1350,1927,0
D,2012-11-30,0.1350,0.1400,0.1300,0.1300,16203,0
D,2012-11-29,0.1350,0.1350,0.1300,0.1350,2400,0
D,2012-11-28,0.1300,0.1350,0.1300,0.1300,5117,0
D,2012-11-27,0.1350,0.1350,0.1300,0.1350,6811,0
D,2012-11-26,0.1350,0.1350,0.1350,0.1350,660,0
D,2012-11-23,0.1350,0.1350,0.1350,0.1350,11650,0
D,2012-11-22,0.1400,0.1400,0.1350,0.1400,20897,0
D,2012-11-21,0.1450,0.1450,0.1450,0.1450,6701,0
D,2012-11-20,0.1450,0.1500,0.1450,0.1500,6522,0
D,2012-11-19,0.1450,0.1500,0.1450,0.1500,1143,0
D,2012-11-16,0.1550,0.1550,0.1450,0.1500,17568,0
D,2012-11-14,0.1550,0.1550,0.1550,0.1550,4542,0
D,2012-11-12,0.1450,0.1550,0.1450,0.1550,7855,0
D,2012-11-09,0.1550,0.1550,0.1550,0.1550,0,0
D,2012-11-08,0.1450,0.1550,0.1450,0.1550,575,0
D,2012-11-07,0.1500,0.1500,0.1500,0.1500,2980,0
D,2012-11-06,0.1500,0.1550,0.1500,0.1550,101,0
D,2012-11-05,0.1500,0.1550,0.1500,0.1500,4830,0
D,2012-11-02,0.1550,0.1550,0.1500,0.1550,1650,0
D,2012-11-01,0.1500,0.1550,0.1500,0.1550,4630,0
D,2012-10-31,0.1500,0.1500,0.1500,0.1500,1450,0
D,2012-10-30,0.1500,0.1550,0.1500,0.1550,641,0
D,2012-10-29,0.1550,0.1550,0.1550,0.1550,0,0
D,2012-10-25,0.1550,0.1600,0.1500,0.1550,13521,0
D,2012-10-24,0.1600,0.1600,0.1550,0.1600,982,0
D,2012-10-23,0.1600,0.1600,0.1550,0.1600,538,0
D,2012-10-22,0.1600,0.1600,0.1550,0.1600,1631,0
D,2012-10-19,0.1600,0.1600,0.1550,0.1600,4570,0
D,2012-10-18,0.1600,0.1650,0.1600,0.1650,6237,0
D,2012-10-17,0.1550,0.1600,0.1550,0.1600,2514,0
D,2012-10-16,0.1600,0.1600,0.1550,0.1550,658,0
D,2012-10-15,0.1600,0.1600,0.1600,0.1600,0,0
D,2012-10-12,0.1600,0.1600,0.1600,0.1600,700,0
D,2012-10-11,0.1600,0.1600,0.1600,0.1600,1300,0
D,2012-10-10,0.1600,0.1600,0.1550,0.1600,1010,0
D,2012-10-09,0.1600,0.1650,0.1550,0.1650,768,0
D,2012-10-08,0.1600,0.1600,0.1600,0.1600,0,0
D,2012-10-05,0.1600,0.1600,0.1600,0.1600,2624,0
D,2012-10-04,0.1600,0.1650,0.1600,0.1600,14200,0
D,2012-10-03,0.1600,0.1650,0.1600,0.1650,4222,0
D,2012-05-03,0.2050,0.2100,0.2000,0.2000,43426,0
D,2012-05-02,0.2100,0.2100,0.2050,0.2050,22781,0
