D,2014-10-14,0.2700,0.2700,0.2500,0.2550,821,0
D,2014-10-13,0.2700,0.2700,0.2700,0.2700,26,0
D,2014-10-10,0.2750,0.2950,0.2700,0.2700,56,0
D,2014-10-09,0.2850,0.2900,0.2850,0.2850,307,0
D,2014-10-08,0.2850,0.2900,0.2750,0.2900,638,0
D,2014-10-07,0.2900,0.2950,0.2850,0.2950,437,0
D,2014-10-03,0.2900,0.3000,0.2850,0.2850,1319,0
D,2014-10-02,0.2950,0.2950,0.2900,0.2900,52,0
D,2014-10-01,0.3050,0.3200,0.3000,0.3200,1079,0
D,2014-09-30,0.3000,0.3200,0.3000,0.3150,3714,0
D,2014-09-29,0.3350,0.3500,0.3250,0.3250,6463,0
D,2014-09-26,0.2900,0.3300,0.2900,0.3300,6600,0
D,2014-09-25,0.2850,0.2850,0.2800,0.2850,1355,0
D,2014-09-24,0.2800,0.2850,0.2800,0.2850,584,0
D,2014-09-23,0.2850,0.2850,0.2800,0.2800,4235,0
D,2014-09-22,0.2800,0.2800,0.2800,0.2800,184,0
D,2014-09-19,0.2800,0.2800,0.2800,0.2800,55,0
D,2014-09-18,0.2800,0.2850,0.2800,0.2850,532,0
D,2014-09-17,0.2800,0.2800,0.2750,0.2750,1746,0
D,2014-09-15,0.2800,0.2800,0.2800,0.2800,333,0
D,2014-09-12,0.2800,0.2850,0.2800,0.2850,1358,0
D,2014-09-11,0.2800,0.2850,0.2750,0.2850,954,0
D,2014-09-10,0.2800,0.2850,0.2800,0.2850,486,0
D,2014-09-09,0.2800,0.2850,0.2800,0.2800,753,0
D,2014-09-08,0.2800,0.2850,0.2800,0.2800,305,0
D,2014-09-05,0.2750,0.2850,0.2750,0.2850,413,0
D,2014-09-04,0.2800,0.2800,0.2750,0.2750,631,0
D,2014-09-03,0.2800,0.2800,0.2800,0.2800,156,0
D,2014-09-02,0.2950,0.2950,0.2800,0.2800,2411,0
D,2014-08-29,0.2800,0.2800,0.2800,0.2800,277,0
D,2014-08-28,0.2800,0.2800,0.2800,0.2800,128,0
D,2014-08-27,0.2800,0.2800,0.2800,0.2800,1364,0
D,2014-08-26,0.2800,0.2800,0.2800,0.2800,457,0
D,2014-08-25,0.2800,0.2900,0.2800,0.2900,505,0
D,2014-08-22,0.2800,0.2900,0.2750,0.2900,800,0
D,2014-08-21,0.2800,0.2850,0.2800,0.2800,341,0
D,2014-08-20,0.2800,0.2850,0.2750,0.2800,1126,0
D,2014-08-19,0.2750,0.2900,0.2750,0.2750,899,0
D,2014-08-18,0.2750,0.2800,0.2750,0.2800,501,0
D,2014-08-15,0.2750,0.2900,0.2750,0.2800,1586,0
D,2014-08-14,0.2800,0.2800,0.2750,0.2800,828,0
D,2014-08-13,0.2750,0.2800,0.2750,0.2800,981,0
D,2014-08-12,0.2800,0.2800,0.2800,0.2800,81,0
D,2014-08-11,0.2750,0.2750,0.2750,0.2750,492,0
D,2014-08-08,0.2750,0.2750,0.2750,0.2750,1208,0
D,2014-08-07,0.2700,0.2800,0.2700,0.2800,546,0
D,2014-08-06,0.2800,0.2800,0.2800,0.2800,551,0
D,2014-08-05,0.2800,0.2800,0.2800,0.2800,318,0
D,2014-08-04,0.2800,0.2850,0.2800,0.2850,223,0
D,2014-08-01,0.2800,0.2850,0.2800,0.2850,1477,0
D,2014-07-31,0.2850,0.2850,0.2850,0.2850,246,0
D,2014-07-30,0.2850,0.2850,0.2800,0.2800,4236,0
D,2014-07-25,0.2900,0.2950,0.2900,0.2900,1912,0
D,2014-07-24,0.2850,0.2900,0.2850,0.2900,1035,0
D,2014-07-23,0.2950,0.2950,0.2850,0.2850,2862,0
D,2014-07-22,0.2800,0.2800,0.2800,0.2800,409,0
D,2014-07-21,0.2800,0.2800,0.2800,0.2800,875,0
D,2014-07-18,0.2800,0.2900,0.2800,0.2800,6348,0
D,2014-07-17,0.2800,0.2800,0.2750,0.2800,2207,0
D,2014-07-16,0.2750,0.2900,0.2750,0.2850,4678,0
D,2014-07-14,0.2750,0.2800,0.2750,0.2800,2519,0
D,2014-07-11,0.2750,0.2900,0.2750,0.2850,3952,0
D,2014-07-10,0.2750,0.3500,0.2700,0.2800,8975,0
D,2014-07-09,0.2650,0.2700,0.2600,0.2700,5809,0
D,2014-07-08,0.2600,0.2700,0.2600,0.2700,2885,0
D,2014-07-07,0.2600,0.2600,0.2550,0.2600,2465,0
D,2014-07-04,0.2650,0.2700,0.2650,0.2700,2000,0
D,2014-07-03,0.2650,0.2700,0.2600,0.2700,5037,0
D,2014-07-02,0.2600,0.2700,0.2550,0.2700,12987,0
D,2014-07-01,0.2550,0.2650,0.2500,0.2650,7404,0
D,2014-06-30,0.2650,0.2650,0.2600,0.2650,1941,0
D,2014-06-27,0.2750,0.2800,0.2650,0.2650,117,0
D,2014-06-26,0.2750,0.2850,0.2750,0.2750,5486,0
D,2014-06-25,0.2650,0.2750,0.2650,0.2700,4352,0
D,2014-06-24,0.2600,0.2650,0.2600,0.2650,2490,0
D,2014-06-23,0.2600,0.2600,0.2550,0.2550,507,0
D,2014-06-20,0.2550,0.2650,0.2550,0.2600,2042,0
D,2014-06-19,0.2600,0.2600,0.2550,0.2550,130,0
D,2014-06-18,0.2650,0.2750,0.2600,0.2600,2664,0
D,2014-06-17,0.2500,0.2700,0.2500,0.2700,4758,0
D,2014-06-16,0.2550,0.2650,0.2500,0.2600,2298,0
D,2014-06-13,0.2600,0.2650,0.2550,0.2650,2505,0
D,2014-06-12,0.2400,0.2600,0.2400,0.2550,6400,0
D,2014-06-11,0.2450,0.2450,0.2400,0.2450,1000,0
D,2014-06-10,0.2350,0.2450,0.2300,0.2450,3368,0
D,2014-06-09,0.2300,0.2300,0.2300,0.2300,117,0
D,2014-06-06,0.2350,0.2350,0.2350,0.2350,162,0
D,2014-06-05,0.2350,0.2350,0.2350,0.2350,213,0
D,2014-06-04,0.2400,0.2400,0.2350,0.2350,170,0
D,2014-06-03,0.2400,0.2400,0.2400,0.2400,335,0
D,2014-06-02,0.2450,0.2450,0.2450,0.2450,2000,0
D,2014-05-30,0.2450,0.2450,0.2450,0.2450,162,0
D,2014-05-29,0.2450,0.2450,0.2450,0.2450,101,0
D,2014-05-28,0.2450,0.2450,0.2450,0.2450,469,0
D,2014-05-27,0.2500,0.2500,0.2450,0.2450,324,0
D,2014-05-26,0.2500,0.2500,0.2450,0.2450,301,0
D,2014-05-23,0.2450,0.2450,0.2450,0.2450,180,0
D,2014-05-22,0.2450,0.2450,0.2450,0.2450,90,0
D,2014-05-21,0.2500,0.2500,0.2450,0.2500,1629,0
D,2014-05-20,0.2450,0.2500,0.2450,0.2450,1298,0
D,2014-05-19,0.2500,0.2500,0.2450,0.2450,733,0
D,2014-05-16,0.2450,0.2450,0.2450,0.2450,547,0
D,2014-05-15,0.2500,0.2500,0.2450,0.2450,1851,0
D,2014-05-14,0.2550,0.2600,0.2550,0.2550,1832,0
D,2014-05-12,0.2500,0.2550,0.2500,0.2500,1534,0
D,2014-05-09,0.2550,0.2550,0.2500,0.2500,513,0
D,2014-05-08,0.2500,0.2550,0.2500,0.2550,1384,0
D,2014-05-07,0.2550,0.2550,0.2500,0.2550,2180,0
D,2014-05-06,0.2500,0.2550,0.2500,0.2550,1029,0
D,2014-05-05,0.2450,0.2600,0.2450,0.2550,6122,0
D,2014-05-02,0.2450,0.2500,0.2450,0.2500,1149,0
D,2014-04-30,0.2450,0.2500,0.2450,0.2450,247,0
D,2014-04-29,0.2500,0.2500,0.2450,0.2450,396,0
D,2014-04-28,0.2500,0.2500,0.2500,0.2500,466,0
D,2014-04-25,0.2500,0.2550,0.2500,0.2500,476,0
D,2014-04-24,0.2500,0.2550,0.2500,0.2550,890,0
D,2014-04-23,0.2500,0.2500,0.2500,0.2500,169,0
D,2014-04-22,0.2500,0.2500,0.2500,0.2500,24,0
D,2014-04-21,0.2550,0.2550,0.2500,0.2500,548,0
D,2014-04-18,0.2500,0.2500,0.2500,0.2500,41,0
D,2014-04-17,0.2500,0.2550,0.2500,0.2500,1618,0
D,2014-04-16,0.2600,0.2600,0.2500,0.2500,4382,0
D,2014-04-15,0.2500,0.2550,0.2500,0.2550,574,0
D,2014-04-14,0.2500,0.2550,0.2500,0.2550,217,0
D,2014-04-11,0.2550,0.2550,0.2550,0.2550,502,0
D,2014-04-10,0.2550,0.2600,0.2550,0.2600,370,0
D,2014-04-09,0.2600,0.2600,0.2550,0.2550,834,0
D,2014-04-08,0.2550,0.2600,0.2550,0.2550,561,0
D,2014-04-07,0.2550,0.2550,0.2550,0.2550,12,0
D,2014-04-04,0.2600,0.2600,0.2550,0.2550,1477,0
D,2014-04-03,0.2550,0.2600,0.2550,0.2550,1382,0
D,2014-04-02,0.2600,0.2600,0.2550,0.2600,786,0
D,2014-04-01,0.2600,0.2650,0.2600,0.2600,1220,0
D,2014-03-31,0.2600,0.2700,0.2600,0.2700,698,0
D,2014-03-28,0.2600,0.2700,0.2600,0.2700,431,0
D,2014-03-27,0.2650,0.2700,0.2600,0.2700,2806,0
D,2014-03-26,0.2550,0.2550,0.2550,0.2550,400,0
D,2014-03-25,0.2600,0.2600,0.2600,0.2600,1076,0
D,2014-03-24,0.2600,0.2600,0.2600,0.2600,66,0
D,2014-03-21,0.2600,0.2650,0.2600,0.2650,1736,0
D,2014-03-20,0.2650,0.2650,0.2600,0.2650,2547,0
D,2014-03-19,0.2600,0.2650,0.2600,0.2600,4264,0
D,2014-03-18,0.2600,0.2700,0.2600,0.2650,411,0
D,2014-03-17,0.2600,0.2600,0.2600,0.2600,490,0
D,2014-03-14,0.2600,0.2700,0.2600,0.2700,204,0
D,2014-03-13,0.2600,0.2600,0.2600,0.2600,304,0
D,2014-03-12,0.2600,0.2600,0.2600,0.2600,114,0
D,2014-03-11,0.2600,0.2600,0.2600,0.2600,53,0
D,2014-03-10,0.2600,0.2800,0.2600,0.2800,21,0
D,2014-03-07,0.2600,0.2750,0.2600,0.2750,114,0
D,2014-03-06,0.2750,0.2750,0.2750,0.2750,0,0
D,2014-03-05,0.2650,0.2750,0.2600,0.2750,780,0
D,2014-03-04,0.2600,0.2650,0.2600,0.2650,586,0
D,2014-03-03,0.2650,0.2650,0.2650,0.2650,0,0
D,2014-02-28,0.2650,0.2650,0.2650,0.2650,292,0
D,2014-02-27,0.2650,0.2650,0.2650,0.2650,1780,0
D,2014-02-26,0.2650,0.2650,0.2650,0.2650,1122,0
D,2014-02-25,0.2700,0.2750,0.2700,0.2700,718,0
D,2014-02-24,0.2750,0.2800,0.2750,0.2750,982,0
D,2014-02-21,0.2650,0.2650,0.2650,0.2650,648,0
D,2014-02-20,0.2600,0.2750,0.2600,0.2700,2430,0
D,2014-02-19,0.2600,0.2600,0.2600,0.2600,1349,0
D,2014-02-18,0.2650,0.2650,0.2600,0.2600,1534,0
D,2014-02-17,0.2550,0.2650,0.2550,0.2650,744,0
D,2014-02-14,0.2550,0.2550,0.2550,0.2550,60,0
D,2014-02-13,0.2650,0.2650,0.2600,0.2600,609,0
D,2014-02-12,0.2700,0.2700,0.2600,0.2700,742,0
D,2014-02-11,0.2600,0.2700,0.2550,0.2700,921,0
D,2014-02-10,0.2550,0.2600,0.2550,0.2600,351,0
D,2014-02-07,0.2500,0.2600,0.2500,0.2600,399,0
D,2014-02-06,0.2550,0.2600,0.2550,0.2600,453,0
D,2014-02-05,0.2600,0.2600,0.2500,0.2600,413,0
D,2014-02-04,0.2500,0.2700,0.2500,0.2700,112,0
D,2014-01-30,0.2500,0.2500,0.2500,0.2500,202,0
D,2014-01-29,0.2500,0.2500,0.2500,0.2500,90,0
D,2014-01-28,0.2550,0.2550,0.2500,0.2500,1228,0
D,2014-01-27,0.2500,0.2550,0.2500,0.2550,1559,0
D,2014-01-24,0.2550,0.2550,0.2500,0.2500,881,0
D,2014-01-23,0.2650,0.2650,0.2550,0.2650,666,0
D,2014-01-22,0.2650,0.2800,0.2650,0.2800,21,0
D,2014-01-21,0.2650,0.2800,0.2600,0.2800,648,0
D,2014-01-20,0.2600,0.2750,0.2600,0.2650,735,0
D,2014-01-16,0.2600,0.2750,0.2600,0.2750,69,0
D,2014-01-15,0.2650,0.2650,0.2600,0.2600,185,0
D,2014-01-13,0.2650,0.2750,0.2600,0.2700,1721,0
D,2014-01-10,0.2750,0.2800,0.2700,0.2800,239,0
D,2014-01-09,0.2600,0.2750,0.2600,0.2750,283,0
D,2014-01-08,0.2650,0.2650,0.2650,0.2650,63,0
D,2014-01-07,0.2650,0.2800,0.2650,0.2800,129,0
D,2014-01-06,0.2700,0.2800,0.2700,0.2800,643,0
D,2014-01-03,0.2750,0.2800,0.2700,0.2800,632,0
D,2014-01-02,0.2750,0.2850,0.2700,0.2850,797,0
D,2013-12-31,0.2900,0.2950,0.2850,0.2900,3739,0
D,2013-12-30,0.2950,0.2950,0.2850,0.2950,7189,0
D,2013-12-27,0.2750,0.2950,0.2700,0.2950,11278,0
D,2013-12-26,0.2500,0.2700,0.2500,0.2700,2589,0
D,2013-12-24,0.2500,0.2550,0.2500,0.2500,1776,0
D,2013-12-23,0.2500,0.2500,0.2500,0.2500,47,0
D,2013-12-20,0.2500,0.2550,0.2500,0.2500,3830,0
D,2013-12-19,0.2550,0.2550,0.2550,0.2550,1240,0
D,2013-12-18,0.2550,0.2550,0.2550,0.2550,1400,0
D,2013-12-17,0.2550,0.2550,0.2550,0.2550,1169,0
D,2013-12-16,0.2550,0.2550,0.2550,0.2550,1592,0
D,2013-12-13,0.2550,0.2550,0.2550,0.2550,63,0
D,2013-12-12,0.2550,0.2550,0.2550,0.2550,29,0
D,2013-12-11,0.2600,0.2600,0.2550,0.2550,306,0
D,2013-12-10,0.2500,0.2600,0.2500,0.2600,1293,0
D,2013-12-09,0.2500,0.2500,0.2500,0.2500,13,0
D,2013-12-06,0.2500,0.2500,0.2500,0.2500,524,0
D,2013-12-05,0.2550,0.2600,0.2550,0.2550,170,0
D,2013-12-04,0.2550,0.2550,0.2550,0.2550,177,0
D,2013-12-03,0.2500,0.2550,0.2500,0.2550,96,0
D,2013-12-02,0.2550,0.2550,0.2500,0.2550,267,0
D,2013-11-29,0.2500,0.2550,0.2500,0.2500,413,0
D,2013-11-28,0.2550,0.2600,0.2500,0.2500,861,0
D,2013-11-27,0.2500,0.2550,0.2500,0.2550,86,0
D,2013-11-26,0.2550,0.2600,0.2550,0.2550,272,0
D,2013-11-25,0.2600,0.2600,0.2600,0.2600,11,0
D,2013-11-22,0.2700,0.2700,0.2600,0.2600,118,0
D,2013-11-21,0.2600,0.2600,0.2600,0.2600,551,0
D,2013-11-20,0.2600,0.2600,0.2600,0.2600,79,0
D,2013-11-19,0.2650,0.2700,0.2650,0.2700,690,0
D,2013-11-18,0.2750,0.2750,0.2700,0.2700,627,0
D,2013-11-15,0.2700,0.2750,0.2650,0.2700,1347,0
D,2013-11-14,0.2600,0.2650,0.2600,0.2600,464,0
D,2013-11-13,0.2650,0.2650,0.2650,0.2650,1033,0
D,2013-11-12,0.2600,0.2650,0.2600,0.2650,762,0
D,2013-11-11,0.2600,0.2650,0.2600,0.2650,666,0
D,2013-11-08,0.2600,0.2700,0.2600,0.2650,1667,0
D,2013-11-07,0.2650,0.2650,0.2600,0.2600,391,0
D,2013-11-06,0.2600,0.2650,0.2600,0.2600,952,0
D,2013-11-04,0.2600,0.2650,0.2600,0.2600,2060,0
D,2013-11-01,0.2650,0.2650,0.2600,0.2650,4467,0
D,2013-10-31,0.2650,0.2650,0.2650,0.2650,288,0
D,2013-10-30,0.2650,0.2650,0.2600,0.2650,625,0
D,2013-10-29,0.2650,0.2700,0.2600,0.2650,2874,0
D,2013-10-28,0.2700,0.2700,0.2650,0.2650,1865,0
D,2013-10-25,0.2700,0.2700,0.2700,0.2700,2704,0
D,2013-10-24,0.2750,0.2800,0.2750,0.2800,356,0
D,2013-10-23,0.2800,0.2850,0.2800,0.2800,2430,0
D,2013-10-22,0.2750,0.2850,0.2700,0.2800,6784,0
D,2013-10-21,0.2750,0.2800,0.2700,0.2800,3931,0
D,2013-10-18,0.2800,0.2800,0.2750,0.2750,1186,0
D,2013-10-17,0.2800,0.2800,0.2750,0.2750,2241,0
D,2013-10-16,0.2800,0.2800,0.2700,0.2800,1939,0
D,2013-10-14,0.2800,0.2800,0.2750,0.2800,1334,0
D,2013-10-11,0.2800,0.2800,0.2800,0.2800,292,0
D,2013-10-10,0.2800,0.2850,0.2800,0.2800,2772,0
D,2013-10-09,0.2750,0.2850,0.2750,0.2850,349,0
D,2013-10-08,0.2750,0.2900,0.2750,0.2900,673,0
D,2013-10-07,0.2800,0.2800,0.2750,0.2750,3448,0
D,2013-10-04,0.2800,0.2800,0.2800,0.2800,1363,0
D,2013-10-03,0.2850,0.2950,0.2800,0.2950,793,0
D,2013-10-02,0.2900,0.3000,0.2900,0.3000,2195,0
D,2013-10-01,0.2950,0.3000,0.2950,0.2950,3335,0
D,2013-09-30,0.2850,0.2850,0.2850,0.2850,621,0
D,2013-09-27,0.2850,0.2950,0.2800,0.2950,934,0
D,2013-09-26,0.2850,0.2950,0.2850,0.2950,99,0
D,2013-09-25,0.2850,0.2900,0.2800,0.2900,1894,0
D,2013-09-24,0.2850,0.2850,0.2800,0.2850,978,0
D,2013-09-23,0.2850,0.2900,0.2850,0.2900,627,0
D,2013-09-20,0.2850,0.2950,0.2850,0.2950,70,0
D,2013-09-19,0.2800,0.2950,0.2800,0.2900,190,0
D,2013-09-18,0.2850,0.2900,0.2850,0.2900,118,0
D,2013-09-17,0.2850,0.2900,0.2850,0.2900,16,0
D,2013-09-13,0.2850,0.2850,0.2850,0.2850,452,0
D,2013-09-12,0.2850,0.2850,0.2850,0.2850,365,0
D,2013-09-11,0.2850,0.2850,0.2800,0.2800,5195,0
D,2013-09-10,0.2850,0.2850,0.2800,0.2800,1487,0
D,2013-09-09,0.2750,0.2850,0.2750,0.2850,210,0
D,2013-09-06,0.2800,0.2850,0.2750,0.2850,702,0
D,2013-09-05,0.2750,0.2800,0.2750,0.2800,37,0
D,2013-09-04,0.2700,0.2850,0.2700,0.2850,341,0
D,2013-09-03,0.2800,0.2850,0.2800,0.2850,501,0
D,2013-09-02,0.2750,0.2850,0.2750,0.2850,92,0
D,2013-08-30,0.2800,0.2850,0.2800,0.2850,225,0
D,2013-08-29,0.2750,0.2800,0.2700,0.2800,447,0
D,2013-08-28,0.2800,0.2800,0.2650,0.2800,220,0
D,2013-08-27,0.2800,0.2800,0.2750,0.2800,1403,0
D,2013-08-26,0.2850,0.3000,0.2850,0.3000,49,0
D,2013-08-23,0.2900,0.2950,0.2850,0.2950,110,0
D,2013-08-22,0.2800,0.3000,0.2800,0.3000,1182,0
D,2013-08-21,0.2800,0.2900,0.2800,0.2900,255,0
D,2013-08-20,0.2850,0.2950,0.2850,0.2950,1126,0
D,2013-08-19,0.2900,0.3100,0.2900,0.3100,82,0
D,2013-08-16,0.2900,0.3100,0.2900,0.3100,171,0
D,2013-08-15,0.2950,0.3000,0.2950,0.3000,114,0
D,2013-08-14,0.2950,0.3050,0.2950,0.3050,303,0
D,2013-08-13,0.3000,0.3000,0.2950,0.3000,1963,0
D,2013-08-12,0.2900,0.2950,0.2900,0.2950,587,0
D,2013-08-07,0.2950,0.2950,0.2900,0.2900,733,0
D,2013-08-06,0.2950,0.2950,0.2900,0.2950,426,0
D,2013-08-05,0.2950,0.2950,0.2950,0.2950,571,0
D,2013-08-02,0.3000,0.3000,0.3000,0.3000,1,0
D,2013-08-01,0.2950,0.2950,0.2900,0.2950,1020,0
D,2013-07-31,0.3000,0.3000,0.2850,0.2850,1762,0
D,2013-07-30,0.2900,0.3000,0.2900,0.3000,63,0
D,2013-07-29,0.3000,0.3000,0.2950,0.3000,849,0
D,2013-07-26,0.2900,0.3000,0.2900,0.3000,1014,0
D,2013-07-25,0.2900,0.3050,0.2900,0.3050,229,0
D,2013-07-24,0.2900,0.3000,0.2900,0.3000,86,0
D,2013-07-23,0.2950,0.3000,0.2900,0.3000,1056,0
D,2013-07-22,0.2950,0.2950,0.2950,0.2950,26,0
D,2013-07-19,0.3000,0.3150,0.3000,0.3150,236,0
D,2013-07-18,0.2950,0.3150,0.2950,0.3150,707,0
D,2013-07-17,0.2950,0.3050,0.2950,0.3050,134,0
D,2013-07-16,0.2950,0.3000,0.2950,0.3000,862,0
D,2013-07-15,0.2950,0.2950,0.2950,0.2950,229,0
D,2013-07-12,0.3000,0.3000,0.2950,0.3000,332,0
D,2013-07-11,0.3000,0.3100,0.3000,0.3100,368,0
D,2013-07-10,0.3000,0.3050,0.3000,0.3050,1632,0
D,2013-07-09,0.3000,0.3000,0.3000,0.3000,787,0
D,2013-07-08,0.3050,0.3150,0.3050,0.3150,135,0
D,2013-07-05,0.3000,0.3250,0.3000,0.3150,276,0
D,2013-07-04,0.2950,0.3250,0.2950,0.3250,48,0
D,2013-07-03,0.3000,0.3150,0.2950,0.3150,711,0
D,2013-07-02,0.3000,0.3150,0.3000,0.3150,621,0
D,2013-07-01,0.2950,0.3150,0.2950,0.3150,113,0
D,2013-06-28,0.2950,0.3100,0.2950,0.3100,132,0
D,2013-06-27,0.3000,0.3050,0.3000,0.3050,133,0
D,2013-06-26,0.3000,0.3050,0.3000,0.3050,378,0
D,2013-06-25,0.3000,0.3050,0.2850,0.3050,2626,0
D,2013-06-24,0.3000,0.3100,0.2850,0.3100,2176,0
D,2013-06-21,0.3050,0.3250,0.3000,0.3250,69,0
D,2013-06-20,0.3200,0.3250,0.3100,0.3100,2295,0
D,2013-06-19,0.3200,0.3400,0.3200,0.3400,1390,0
D,2013-06-18,0.3250,0.3450,0.3200,0.3450,1200,0
D,2013-06-17,0.3350,0.3450,0.3250,0.3450,667,0
D,2013-06-14,0.3500,0.3500,0.3250,0.3500,780,0
D,2013-06-13,0.3300,0.3500,0.3300,0.3500,34,0
D,2013-06-12,0.3350,0.3350,0.3350,0.3350,24,0
D,2013-06-11,0.3400,0.3400,0.3400,0.3400,116,0
D,2013-06-10,0.3400,0.3500,0.3400,0.3500,735,0
D,2013-06-07,0.3500,0.3500,0.3400,0.3500,1278,0
D,2013-06-06,0.3550,0.3550,0.3400,0.3450,1441,0
D,2013-06-05,0.3500,0.3800,0.3450,0.3550,4504,0
D,2013-06-04,0.3400,0.3450,0.3300,0.3450,2331,0
D,2013-06-03,0.3200,0.3400,0.3200,0.3400,6609,0
D,2013-05-31,0.3100,0.3350,0.3100,0.3300,5744,0
D,2013-05-30,0.3150,0.3150,0.3050,0.3100,2772,0
D,2013-05-29,0.3100,0.3300,0.3100,0.3150,6082,0
D,2013-05-28,0.3100,0.3300,0.3100,0.3300,3083,0
D,2013-05-27,0.3100,0.3150,0.3100,0.3100,473,0
D,2013-05-23,0.3150,0.3250,0.3100,0.3100,1319,0
D,2013-05-22,0.3350,0.3400,0.3150,0.3150,4056,0
D,2013-05-21,0.3200,0.3400,0.3150,0.3250,12771,0
D,2013-05-20,0.3000,0.3200,0.2950,0.3200,4538,0
D,2013-05-17,0.2950,0.3050,0.2950,0.3050,2601,0
D,2013-05-16,0.3050,0.3050,0.2950,0.3000,1341,0
D,2013-05-15,0.3000,0.3000,0.2900,0.2900,1673,0
D,2013-05-14,0.3050,0.3050,0.2950,0.3000,2850,0
D,2013-05-13,0.2950,0.3000,0.2950,0.3000,8323,0
D,2013-05-10,0.2750,0.2900,0.2750,0.2850,5107,0
D,2013-05-09,0.2650,0.2750,0.2650,0.2750,130,0
D,2013-05-08,0.2700,0.2700,0.2650,0.2700,1197,0
D,2013-05-07,0.2650,0.2650,0.2650,0.2650,127,0
D,2013-05-06,0.2600,0.2750,0.2600,0.2700,1257,0
D,2013-05-03,0.2550,0.2600,0.2550,0.2550,1027,0
D,2013-05-02,0.2550,0.2650,0.2500,0.2650,3420,0
D,2013-04-30,0.2600,0.2600,0.2550,0.2550,1640,0
D,2013-04-29,0.2550,0.2550,0.2550,0.2550,511,0
D,2013-04-26,0.2550,0.2700,0.2550,0.2700,76,0
D,2013-04-25,0.2550,0.2650,0.2550,0.2650,572,0
D,2013-04-24,0.2750,0.2750,0.2600,0.2650,124,0
D,2013-04-23,0.2600,0.2650,0.2550,0.2650,349,0
D,2013-04-22,0.2550,0.2600,0.2550,0.2600,183,0
D,2013-04-19,0.2600,0.2700,0.2600,0.2700,23,0
D,2013-04-18,0.2550,0.2700,0.2550,0.2700,333,0
D,2013-04-17,0.2600,0.2650,0.2600,0.2650,215,0
D,2013-04-16,0.2600,0.2700,0.2600,0.2700,428,0
D,2013-04-15,0.2600,0.2750,0.2600,0.2750,129,0
D,2013-04-12,0.2600,0.2700,0.2600,0.2700,7,0
D,2013-04-11,0.2650,0.2750,0.2650,0.2750,1875,0
D,2013-04-10,0.2650,0.2750,0.2650,0.2750,369,0
D,2013-04-09,0.2750,0.2750,0.2650,0.2750,855,0
D,2013-04-08,0.2650,0.2750,0.2650,0.2750,2502,0
D,2013-04-05,0.2550,0.2700,0.2550,0.2700,5746,0
D,2013-04-04,0.2600,0.2600,0.2550,0.2600,322,0
D,2013-04-03,0.2600,0.2700,0.2550,0.2700,2159,0
D,2013-04-02,0.2600,0.2650,0.2600,0.2650,5748,0
D,2013-04-01,0.2650,0.2700,0.2500,0.2600,3357,0
D,2013-03-29,0.2650,0.2650,0.2600,0.2650,9348,0
D,2013-03-28,0.2550,0.2650,0.2550,0.2650,4421,0
D,2013-03-27,0.2550,0.2650,0.2550,0.2650,406,0
D,2013-03-26,0.2550,0.2600,0.2550,0.2550,597,0
D,2013-03-25,0.2500,0.2550,0.2500,0.2550,950,0
D,2013-03-22,0.2500,0.2500,0.2500,0.2500,1073,0
D,2013-03-21,0.2500,0.2550,0.2500,0.2550,831,0
D,2013-03-20,0.2450,0.2550,0.2450,0.2550,2737,0
D,2013-03-19,0.2450,0.2500,0.2450,0.2450,229,0
D,2013-03-18,0.2500,0.2550,0.2450,0.2450,6000,0
D,2013-03-15,0.2550,0.2550,0.2500,0.2500,679,0
D,2013-03-14,0.2550,0.2550,0.2500,0.2550,2300,0
D,2013-03-13,0.2500,0.2500,0.2450,0.2500,14253,0
D,2013-03-12,0.2550,0.2550,0.2500,0.2500,10761,0
D,2013-03-11,0.2650,0.2650,0.2550,0.2600,4478,0
D,2013-03-08,0.2800,0.2850,0.2650,0.2750,3039,0
D,2013-03-07,0.2650,0.2850,0.2650,0.2850,199,0
D,2013-03-06,0.2750,0.2750,0.2700,0.2750,2514,0
D,2013-03-05,0.2800,0.3000,0.2750,0.3000,474,0
D,2013-03-04,0.2800,0.3000,0.2800,0.3000,154,0
D,2013-03-01,0.2800,0.3000,0.2800,0.3000,349,0
D,2013-02-28,0.2800,0.3000,0.2800,0.3000,32,0
D,2013-02-27,0.3050,0.3150,0.2800,0.3050,684,0
D,2013-02-26,0.2900,0.3050,0.2900,0.3050,3903,0
D,2013-02-25,0.2900,0.3000,0.2900,0.3000,5127,0
D,2013-02-22,0.2800,0.2900,0.2800,0.2900,804,0
D,2013-02-21,0.2850,0.2850,0.2800,0.2800,1470,0
D,2013-02-20,0.2750,0.2850,0.2750,0.2850,700,0
D,2013-02-19,0.2800,0.2900,0.2700,0.2900,7339,0
D,2013-02-18,0.2750,0.2850,0.2700,0.2850,4791,0
D,2013-02-15,0.2750,0.2800,0.2750,0.2800,314,0
D,2013-02-14,0.2750,0.2750,0.2750,0.2750,1081,0
D,2013-02-13,0.2750,0.2750,0.2750,0.2750,2160,0
D,2013-02-08,0.2700,0.2800,0.2700,0.2800,2417,0
D,2013-02-07,0.2650,0.2750,0.2650,0.2750,8042,0
D,2013-02-06,0.2600,0.2750,0.2600,0.2650,2064,0
D,2013-02-05,0.2600,0.2600,0.2600,0.2600,674,0
D,2013-02-04,0.2600,0.2650,0.2600,0.2650,347,0
D,2013-01-31,0.2650,0.2750,0.2650,0.2750,272,0
D,2013-01-30,0.2650,0.2750,0.2600,0.2750,552,0
D,2013-01-29,0.2650,0.2750,0.2650,0.2650,266,0
D,2013-01-25,0.2650,0.2750,0.2650,0.2750,2696,0
D,2013-01-23,0.2700,0.2700,0.2650,0.2700,1132,0
D,2013-01-22,0.2700,0.2800,0.2700,0.2800,873,0
D,2013-01-21,0.2750,0.2750,0.2700,0.2700,525,0
D,2013-01-18,0.2750,0.2850,0.2750,0.2800,1801,0
D,2013-01-17,0.2750,0.2800,0.2700,0.2800,3728,0
D,2013-01-16,0.2800,0.2850,0.2750,0.2850,761,0
D,2013-01-15,0.2800,0.2850,0.2800,0.2850,393,0
D,2013-01-14,0.2850,0.2900,0.2800,0.2900,740,0
D,2013-01-11,0.2800,0.2900,0.2800,0.2900,390,0
D,2013-01-10,0.2900,0.2900,0.2800,0.2900,643,0
D,2013-01-09,0.2900,0.2950,0.2900,0.2950,684,0
D,2013-01-08,0.2950,0.3000,0.2900,0.3000,215,0
D,2013-01-07,0.2950,0.3000,0.2950,0.3000,72,0
D,2013-01-04,0.3000,0.3000,0.2950,0.3000,915,0
D,2013-01-03,0.3000,0.3000,0.3000,0.3000,1935,0
D,2013-01-02,0.2900,0.3000,0.2850,0.3000,670,0
D,2012-12-31,0.2750,0.2900,0.2750,0.2900,1144,0
D,2012-12-28,0.2700,0.2900,0.2700,0.2900,299,0
D,2012-12-27,0.2650,0.2900,0.2650,0.2900,125,0
D,2012-12-26,0.2800,0.2800,0.2800,0.2800,0,0
D,2012-12-24,0.2600,0.2800,0.2600,0.2800,37,0
D,2012-12-21,0.2800,0.2800,0.2800,0.2800,1,0
D,2012-12-20,0.2800,0.2800,0.2650,0.2650,89,0
D,2012-12-19,0.2700,0.2800,0.2650,0.2800,510,0
D,2012-12-18,0.2700,0.2800,0.2700,0.2800,60,0
D,2012-12-17,0.2650,0.2800,0.2650,0.2800,42,0
D,2012-12-14,0.2650,0.2750,0.2650,0.2750,670,0
D,2012-12-13,0.2650,0.2800,0.2650,0.2800,185,0
D,2012-12-12,0.2700,0.2800,0.2700,0.2800,531,0
D,2012-12-11,0.2700,0.2750,0.2700,0.2750,260,0
D,2012-12-10,0.2650,0.2750,0.2500,0.2750,8812,0
D,2012-12-07,0.2700,0.2850,0.2700,0.2750,1438,0
D,2012-12-06,0.2750,0.2900,0.2700,0.2900,642,0
D,2012-12-05,0.2700,0.2850,0.2700,0.2850,660,0
D,2012-12-04,0.2650,0.2750,0.2650,0.2750,169,0
D,2012-12-03,0.2700,0.2800,0.2700,0.2800,546,0
D,2012-11-30,0.2750,0.2750,0.2700,0.2700,687,0
D,2012-11-29,0.2800,0.2850,0.2800,0.2850,931,0
D,2012-11-28,0.2800,0.2900,0.2800,0.2900,586,0
D,2012-11-27,0.2850,0.2900,0.2800,0.2850,722,0
D,2012-11-26,0.2900,0.3000,0.2850,0.3000,314,0
D,2012-11-23,0.2900,0.3000,0.2900,0.3000,101,0
D,2012-11-22,0.2950,0.2950,0.2950,0.2950,74,0
D,2012-11-21,0.2900,0.3050,0.2900,0.3050,5,0
D,2012-11-20,0.2950,0.3050,0.2950,0.3050,183,0
D,2012-11-19,0.2900,0.3000,0.2900,0.3000,302,0
D,2012-11-16,0.3000,0.3050,0.2900,0.3050,723,0
D,2012-11-14,0.3050,0.3200,0.3050,0.3200,568,0
D,2012-11-12,0.3200,0.3200,0.3200,0.3200,0,0
D,2012-11-09,0.3100,0.3250,0.3100,0.3200,469,0
D,2012-11-08,0.3400,0.3400,0.3400,0.3400,0,0
D,2012-11-07,0.3100,0.3400,0.3100,0.3400,34,0
D,2012-11-06,0.3100,0.3200,0.3100,0.3200,89,0
D,2012-11-05,0.3200,0.3200,0.3200,0.3200,0,0
D,2012-11-02,0.3200,0.3200,0.3200,0.3200,369,0
D,2012-11-01,0.3150,0.3250,0.3150,0.3250,316,0
D,2012-10-31,0.3150,0.3250,0.3150,0.3250,180,0
D,2012-10-30,0.3150,0.3200,0.3150,0.3150,571,0
D,2012-10-29,0.3150,0.3250,0.3100,0.3100,383,0
D,2012-10-25,0.3150,0.3350,0.3150,0.3350,158,0
D,2012-10-24,0.3150,0.3350,0.3150,0.3350,203,0
D,2012-10-23,0.3150,0.3300,0.3150,0.3300,376,0
D,2012-10-22,0.3200,0.3400,0.3200,0.3300,489,0
D,2012-10-19,0.3150,0.3300,0.3150,0.3300,240,0
D,2012-10-18,0.3200,0.3300,0.3150,0.3300,128,0
D,2012-10-17,0.3200,0.3350,0.3200,0.3350,11,0
D,2012-10-16,0.3150,0.3200,0.3100,0.3200,1123,0
D,2012-10-15,0.3150,0.3150,0.3150,0.3150,100,0
D,2012-10-12,0.3100,0.3350,0.3100,0.3350,345,0
D,2012-10-11,0.3200,0.3200,0.3200,0.3200,76,0
D,2012-10-10,0.3200,0.3300,0.3200,0.3250,492,0
D,2012-10-09,0.3150,0.3300,0.3150,0.3300,697,0
D,2012-10-08,0.3100,0.3250,0.3050,0.3250,580,0
D,2012-10-05,0.3250,0.3400,0.3200,0.3400,214,0
D,2012-10-04,0.3200,0.3400,0.3200,0.3400,913,0
D,2012-10-03,0.3150,0.3200,0.3150,0.3200,1115,0
D,2012-05-03,0.4100,0.4200,0.4100,0.4150,731,0
D,2012-05-02,0.4100,0.4100,0.4100,0.4100,200,0
