D,2014-10-14,0.4900,0.4900,0.4750,0.4800,16733,0
D,2014-10-13,0.5000,0.5050,0.5000,0.5000,6875,0
D,2014-10-10,0.5100,0.5100,0.4900,0.5000,4440,0
D,2014-10-09,0.5150,0.5200,0.5100,0.5100,1300,0
D,2014-10-08,0.5150,0.5150,0.5100,0.5150,1829,0
D,2014-10-07,0.5300,0.5350,0.5200,0.5300,1943,0
D,2014-10-03,0.5350,0.5400,0.5300,0.5300,1598,0
D,2014-10-02,0.5350,0.5400,0.5300,0.5300,2600,0
D,2014-10-01,0.5500,0.5550,0.5400,0.5450,2729,0
D,2014-09-30,0.5650,0.5650,0.5550,0.5550,2548,0
D,2014-09-29,0.5650,0.5650,0.5500,0.5650,5452,0
D,2014-09-26,0.5750,0.5750,0.5600,0.5650,3497,0
D,2014-09-25,0.5750,0.5800,0.5750,0.5800,5709,0
D,2014-09-24,0.5750,0.5750,0.5650,0.5700,3312,0
D,2014-09-23,0.5550,0.5800,0.5500,0.5750,14595,0
D,2014-09-22,0.5500,0.5550,0.5500,0.5500,2600,0
D,2014-09-19,0.5500,0.5550,0.5450,0.5500,5334,0
D,2014-09-18,0.5700,0.5700,0.5450,0.5500,5455,0
D,2014-09-17,0.5750,0.5750,0.5700,0.5750,1294,0
D,2014-09-15,0.5800,0.5800,0.5700,0.5750,1950,0
D,2014-09-12,0.5750,0.5800,0.5750,0.5800,1470,0
D,2014-09-11,0.5750,0.5800,0.5750,0.5750,1021,0
D,2014-09-10,0.5750,0.5750,0.5750,0.5750,1234,0
D,2014-09-09,0.5850,0.5850,0.5700,0.5750,5106,0
D,2014-09-08,0.5850,0.5900,0.5800,0.5800,5214,0
D,2014-09-05,0.5850,0.5850,0.5800,0.5850,4021,0
D,2014-09-04,0.5850,0.5900,0.5800,0.5800,4150,0
D,2014-09-03,0.5900,0.5900,0.5850,0.5850,4646,0
D,2014-09-02,0.5900,0.5950,0.5900,0.5900,6280,0
D,2014-08-29,0.5950,0.5950,0.5900,0.5900,4780,0
D,2014-08-28,0.5950,0.6000,0.5950,0.5950,2145,0
D,2014-08-27,0.6100,0.6100,0.5950,0.6000,11498,0
D,2014-08-26,0.6100,0.6100,0.6050,0.6100,1009,0
D,2014-08-25,0.6100,0.6150,0.6050,0.6100,2370,0
D,2014-08-22,0.6200,0.6200,0.6100,0.6100,6761,0
D,2014-08-21,0.6200,0.6200,0.6150,0.6200,6290,0
D,2014-08-20,0.6250,0.6300,0.6150,0.6300,5869,0
D,2014-08-19,0.6300,0.6350,0.6300,0.6300,3525,0
D,2014-08-18,0.6400,0.6400,0.6300,0.6350,3207,0
D,2014-08-15,0.6400,0.6400,0.6300,0.6400,6430,0
D,2014-08-14,0.6500,0.6500,0.6350,0.6400,13794,0
D,2014-08-13,0.6150,0.6500,0.6150,0.6450,12406,0
D,2014-08-12,0.6200,0.6200,0.6100,0.6150,8768,0
D,2014-08-11,0.6250,0.6300,0.6200,0.6200,7302,0
D,2014-08-08,0.6500,0.6500,0.6250,0.6300,5825,0
D,2014-08-07,0.6500,0.6500,0.6450,0.6450,3478,0
D,2014-08-06,0.6500,0.6600,0.6450,0.6500,6926,0
D,2014-08-05,0.6450,0.6550,0.6450,0.6550,10034,0
D,2014-08-04,0.6400,0.6450,0.6350,0.6400,4178,0
D,2014-08-01,0.6300,0.6400,0.6250,0.6400,5341,0
D,2014-07-31,0.6550,0.6550,0.6300,0.6450,8553,0
D,2014-07-30,0.6400,0.6450,0.6350,0.6400,4638,0
D,2014-07-25,0.6350,0.6400,0.6350,0.6400,1940,0
D,2014-07-24,0.6500,0.6500,0.6400,0.6400,3770,0
D,2014-07-23,0.6500,0.6550,0.6400,0.6400,6970,0
D,2014-07-22,0.6600,0.6600,0.6450,0.6500,7943,0
D,2014-07-21,0.6550,0.6650,0.6550,0.6600,2903,0
D,2014-07-18,0.6550,0.6600,0.6550,0.6550,817,0
D,2014-07-17,0.6550,0.6650,0.6550,0.6550,2610,0
D,2014-07-16,0.6550,0.6650,0.6550,0.6550,1970,0
D,2014-07-14,0.6550,0.6600,0.6550,0.6600,1350,0
D,2014-07-11,0.6650,0.6650,0.6550,0.6550,5362,0
D,2014-07-10,0.6600,0.6700,0.6600,0.6650,532,0
D,2014-07-09,0.6650,0.6700,0.6550,0.6550,4774,0
D,2014-07-08,0.6800,0.6850,0.6700,0.6700,2280,0
D,2014-07-07,0.6750,0.6800,0.6750,0.6800,2733,0
D,2014-07-04,0.6650,0.6800,0.6650,0.6700,3297,0
D,2014-07-03,0.6600,0.6650,0.6600,0.6650,3420,0
D,2014-07-02,0.6600,0.6700,0.6600,0.6600,3998,0
D,2014-07-01,0.6600,0.6600,0.6550,0.6600,2393,0
D,2014-06-30,0.6650,0.6650,0.6550,0.6550,2052,0
D,2014-06-27,0.6550,0.6650,0.6550,0.6650,3533,0
D,2014-06-26,0.6500,0.6550,0.6500,0.6500,2118,0
D,2014-06-25,0.6550,0.6700,0.6500,0.6550,11815,0
D,2014-06-24,0.6650,0.6700,0.6600,0.6600,3064,0
D,2014-06-23,0.6700,0.6700,0.6650,0.6650,3630,0
D,2014-06-20,0.6800,0.6850,0.6650,0.6700,4328,0
D,2014-06-19,0.6900,0.6900,0.6800,0.6800,4075,0
D,2014-06-18,0.6900,0.7000,0.6900,0.7000,2860,0
D,2014-06-17,0.7050,0.7100,0.6800,0.6800,3552,0
D,2014-06-16,0.6700,0.7250,0.6700,0.7050,12998,0
D,2014-06-13,0.6500,0.6850,0.6500,0.6800,4428,0
D,2014-06-12,0.6500,0.6550,0.6500,0.6500,2390,0
D,2014-06-11,0.6500,0.6550,0.6450,0.6500,4439,0
D,2014-06-10,0.6400,0.6500,0.6300,0.6450,2834,0
D,2014-06-09,0.6450,0.6450,0.6250,0.6250,1982,0
D,2014-06-06,0.6450,0.6450,0.6450,0.6450,740,0
D,2014-06-05,0.6450,0.6550,0.6450,0.6450,1519,0
D,2014-06-04,0.6600,0.6600,0.6450,0.6450,3083,0
D,2014-06-03,0.6450,0.6600,0.6450,0.6550,6815,0
D,2014-06-02,0.6600,0.6600,0.6400,0.6450,6755,0
D,2014-05-30,0.6650,0.6650,0.6600,0.6650,625,0
D,2014-05-29,0.6650,0.6800,0.6650,0.6650,1240,0
D,2014-05-28,0.6650,0.6650,0.6550,0.6650,1850,0
D,2014-05-27,0.6600,0.6700,0.6600,0.6600,1378,0
D,2014-05-26,0.6750,0.6750,0.6550,0.6550,2542,0
D,2014-05-23,0.6800,0.6950,0.6800,0.6800,1650,0
D,2014-05-22,0.6800,0.6850,0.6800,0.6850,2247,0
D,2014-05-21,0.6850,0.6850,0.6800,0.6850,2239,0
D,2014-05-20,0.7000,0.7050,0.6850,0.6850,3072,0
D,2014-05-19,0.7100,0.7100,0.7050,0.7050,770,0
D,2014-05-16,0.7200,0.7300,0.7050,0.7050,4868,0
D,2014-05-15,0.7000,0.7250,0.7000,0.7150,15506,0
D,2014-05-14,0.7000,0.7000,0.6900,0.7000,3529,0
D,2014-05-12,0.6950,0.6950,0.6900,0.6950,2955,0
D,2014-05-09,0.6750,0.7050,0.6750,0.7000,8182,0
D,2014-05-08,0.6750,0.6800,0.6700,0.6750,1795,0
D,2014-05-07,0.6850,0.6850,0.6750,0.6750,2771,0
D,2014-05-06,0.6550,0.6850,0.6550,0.6850,4992,0
D,2014-05-05,0.6700,0.6750,0.6550,0.6550,8567,0
D,2014-05-02,0.6850,0.6850,0.6750,0.6750,9970,0
D,2014-04-30,0.7000,0.7050,0.6850,0.6850,8109,0
D,2014-04-29,0.7050,0.7150,0.6900,0.7000,12262,0
D,2014-04-28,0.7150,0.7300,0.7050,0.7050,24718,0
D,2014-04-25,0.7250,0.7350,0.7150,0.7150,12711,0
D,2014-04-24,0.7350,0.7400,0.7150,0.7300,24782,0
D,2014-04-23,0.7300,0.7450,0.7250,0.7350,8753,0
D,2014-04-22,0.7400,0.7450,0.7200,0.7250,33614,0
D,2014-04-21,0.7850,0.7850,0.7350,0.7400,58309,0
D,2014-04-18,0.8100,0.8250,0.7750,0.7850,55002,0
D,2014-04-17,0.7700,0.8050,0.7700,0.7950,42257,0
D,2014-04-16,0.7700,0.7750,0.7600,0.7700,8671,0
D,2014-04-15,0.7800,0.7800,0.7600,0.7650,16423,0
D,2014-04-14,0.7500,0.7800,0.7500,0.7700,28514,0
D,2014-04-11,0.7450,0.7650,0.7350,0.7500,63069,0
D,2014-04-10,0.6950,0.7600,0.6950,0.7450,79260,0
D,2014-04-09,0.6700,0.7000,0.6700,0.6950,18964,0
D,2014-04-08,0.6650,0.6700,0.6650,0.6700,2423,0
D,2014-04-07,0.6700,0.6750,0.6700,0.6750,3000,0
D,2014-04-04,0.6750,0.6800,0.6700,0.6750,3320,0
D,2014-04-03,0.6700,0.6800,0.6700,0.6750,2549,0
D,2014-04-02,0.6700,0.6800,0.6700,0.6750,6418,0
D,2014-04-01,0.6750,0.6800,0.6700,0.6750,6060,0
D,2014-03-31,0.6650,0.6850,0.6650,0.6750,7400,0
D,2014-03-28,0.6850,0.6850,0.6650,0.6700,4217,0
D,2014-03-27,0.6900,0.6950,0.6750,0.6850,17904,0
D,2014-03-26,0.6500,0.6800,0.6450,0.6800,37478,0
D,2014-03-25,0.6250,0.6550,0.6250,0.6500,23041,0
D,2014-03-24,0.6350,0.6400,0.6250,0.6350,14623,0
D,2014-03-21,0.6300,0.6350,0.6250,0.6250,12950,0
D,2014-03-20,0.6350,0.6350,0.6200,0.6350,7335,0
D,2014-03-19,0.6400,0.6450,0.6350,0.6350,1100,0
D,2014-03-18,0.6550,0.6550,0.6350,0.6400,10256,0
D,2014-03-17,0.6300,0.6550,0.6300,0.6500,20646,0
D,2014-03-14,0.6400,0.6400,0.6300,0.6300,3411,0
D,2014-03-13,0.6500,0.6550,0.6400,0.6400,3446,0
D,2014-03-12,0.6350,0.6650,0.6350,0.6500,21255,0
D,2014-03-11,0.6450,0.6500,0.6400,0.6400,4240,0
D,2014-03-10,0.6350,0.6550,0.6350,0.6450,12203,0
D,2014-03-07,0.6450,0.6500,0.6350,0.6350,3944,0
D,2014-03-06,0.6350,0.6550,0.6250,0.6450,19156,0
D,2014-03-05,0.6400,0.6400,0.6250,0.6300,6303,0
D,2014-03-04,0.6150,0.6350,0.6150,0.6350,5968,0
D,2014-03-03,0.6600,0.6600,0.6200,0.6200,20737,0
D,2014-02-28,0.6650,0.6750,0.6550,0.6650,18970,0
D,2014-02-27,0.6500,0.6700,0.6500,0.6650,10641,0
D,2014-02-26,0.6750,0.6750,0.6500,0.6500,15084,0
D,2014-02-25,0.6800,0.6850,0.6600,0.6750,25258,0
D,2014-02-24,0.6850,0.6900,0.6650,0.6750,26597,0
D,2014-02-21,0.6700,0.6750,0.6550,0.6600,7743,0
D,2014-02-20,0.6800,0.7100,0.6650,0.6750,78712,0
D,2014-02-19,0.6250,0.6800,0.6250,0.6750,45555,0
D,2014-02-18,0.6350,0.6400,0.6250,0.6250,8137,0
D,2014-02-17,0.6250,0.6400,0.6250,0.6350,31296,0
D,2014-02-14,0.5800,0.6150,0.5800,0.6150,54785,0
D,2014-02-13,0.5750,0.5800,0.5750,0.5800,4863,0
D,2014-02-12,0.5850,0.5850,0.5800,0.5800,3675,0
D,2014-02-11,0.5900,0.5900,0.5800,0.5850,14549,0
D,2014-02-10,0.5800,0.5950,0.5800,0.5900,20719,0
D,2014-02-07,0.5750,0.5850,0.5700,0.5750,16646,0
D,2014-02-06,0.5800,0.5800,0.5700,0.5750,4685,0
D,2014-02-05,0.5700,0.5850,0.5650,0.5800,9964,0
D,2014-02-04,0.5600,0.5750,0.5500,0.5650,12463,0
D,2014-01-30,0.5750,0.5750,0.5650,0.5650,6729,0
D,2014-01-29,0.5800,0.5800,0.5750,0.5750,25310,0
D,2014-01-28,0.5800,0.6000,0.5750,0.5800,35824,0
D,2014-01-27,0.5800,0.6050,0.5750,0.5800,63159,0
D,2014-01-24,0.5700,0.5900,0.5650,0.5850,34799,0
D,2014-01-23,0.5750,0.5900,0.5650,0.5750,72121,0
D,2014-01-22,0.5750,0.5850,0.5750,0.5750,19096,0
D,2014-01-21,0.5800,0.5800,0.5650,0.5800,9848,0
D,2014-01-20,0.6150,0.6200,0.5900,0.5900,28875,0
D,2014-01-16,0.6750,0.6750,0.6600,0.6600,588,0
D,2014-01-15,0.6750,0.6850,0.6750,0.6850,350,0
D,2014-01-13,0.6850,0.6850,0.6750,0.6750,950,0
D,2014-01-10,0.6750,0.6850,0.6750,0.6850,787,0
D,2014-01-09,0.6600,0.6950,0.6600,0.6750,861,0
D,2014-01-08,0.6650,0.6850,0.6600,0.6600,1667,0
D,2014-01-07,0.6900,0.7000,0.6600,0.6650,1893,0
D,2014-01-06,0.6800,0.6900,0.6750,0.6850,1092,0
D,2014-01-03,0.6850,0.7000,0.6800,0.6900,802,0
D,2014-01-02,0.7350,0.7350,0.7000,0.7050,1510,0
D,2013-12-31,0.7400,0.7650,0.7250,0.7300,2941,0
D,2013-12-30,0.6900,0.7400,0.6900,0.7350,3700,0
D,2013-12-27,0.6750,0.6800,0.6600,0.6750,1893,0
D,2013-12-26,0.6500,0.6750,0.6500,0.6750,1057,0
D,2013-12-24,0.6700,0.6900,0.6600,0.6750,1325,0
D,2013-12-23,0.6500,0.7000,0.6500,0.6650,2256,0
D,2013-12-20,0.7300,0.7300,0.6700,0.6750,3678,0
D,2013-12-19,0.7450,0.7450,0.7300,0.7300,1413,0
D,2013-12-18,0.7350,0.7550,0.7300,0.7450,3137,0
D,2013-12-17,0.7500,0.7600,0.7300,0.7350,5911,0
D,2013-12-17,0.7500,0.7600,0.7300,0.7350,5911,0
D,2013-12-16,1.2700,1.3400,1.2100,1.2900,19060,0
D,2013-12-13,1.3600,1.3900,1.2100,1.2500,13767,0
D,2013-12-12,1.3800,1.4100,1.3500,1.3700,4246,0
D,2013-12-11,1.4100,1.4500,1.3500,1.3800,5102,0
D,2013-12-10,1.4400,1.4500,1.4000,1.4000,5448,0
D,2013-12-09,0.0000,1.4900,1.4300,1.4500,2409,0
D,2013-12-06,1.4000,1.5500,1.4000,1.4500,16048,0
D,2013-12-05,1.3400,1.3500,1.3400,1.3500,532,0
D,2013-12-04,1.3400,1.3700,1.3300,1.3300,1996,0
D,2013-12-03,1.3900,1.3900,1.3900,1.3900,1,0
D,2013-12-02,1.3900,1.3900,1.3400,1.3500,1026,0
D,2013-11-29,1.3300,1.3700,1.3300,1.3600,1052,0
D,2013-11-28,1.3900,1.3900,1.3400,1.3400,561,0
D,2013-11-27,1.3700,1.3900,1.3400,1.3500,1050,0
D,2013-11-26,1.3600,1.3800,1.3200,1.3800,947,0
D,2013-11-25,1.3700,1.3700,1.3400,1.3400,871,0
D,2013-11-22,1.3200,1.3700,1.3000,1.3500,1116,0
D,2013-11-21,1.4000,1.4000,1.3000,1.3400,483,0
D,2013-11-20,1.4200,1.4200,1.3500,1.3600,493,0
D,2013-11-19,1.3800,1.4400,1.3800,1.3900,767,0
D,2013-11-18,1.4100,1.4600,1.4000,1.4600,3380,0
D,2013-11-15,1.4100,1.4100,1.4100,1.4100,50,0
D,2013-11-14,1.4200,1.4200,1.4000,1.4000,370,0
D,2013-11-13,1.4300,1.4300,1.4300,1.4300,110,0
D,2013-11-12,1.4400,1.4400,1.4300,1.4300,450,0
D,2013-11-11,1.4300,1.4500,1.4300,1.4400,1270,0
D,2013-11-08,1.4400,1.4400,1.4400,1.4400,46,0
D,2013-11-07,1.4700,1.4700,1.4500,1.4500,280,0
D,2013-11-06,1.4700,1.4800,1.4700,1.4700,369,0
D,2013-11-04,1.4700,1.4800,1.4700,1.4800,302,0
D,2013-11-01,1.5000,1.5000,1.4200,1.4500,1309,0
D,2013-10-31,1.4400,1.4400,1.4200,1.4200,252,0
D,2013-10-30,1.4700,1.4700,1.4300,1.4300,986,0
D,2013-10-29,1.4800,1.4800,1.4500,1.4700,1177,0
D,2013-10-28,1.4600,1.4800,1.4500,1.4800,261,0
D,2013-10-25,1.4800,1.5300,1.4600,1.4800,2556,0
D,2013-10-24,1.5000,1.5000,1.4400,1.4600,642,0
D,2013-10-23,1.5200,1.5200,1.4200,1.4400,194,0
D,2013-10-22,1.4100,1.5600,1.4100,1.4400,4426,0
D,2013-10-21,1.4400,1.4400,1.3900,1.4100,1386,0
D,2013-10-18,1.4300,1.4400,1.4000,1.4400,796,0
D,2013-10-17,1.4900,1.4900,1.4400,1.4400,1606,0
D,2013-10-16,1.2800,1.5300,1.2800,1.4600,8713,0
D,2013-10-14,1.2000,1.2500,1.1800,1.2500,598,0
D,2013-10-11,1.1900,1.2500,1.1900,1.2200,1316,0
D,2013-10-10,1.0100,1.1800,1.0100,1.1600,55332,0
D,2013-10-09,1.0800,1.0800,1.0800,1.0800,0,0
D,2013-10-08,1.0800,1.0800,1.0800,1.0800,0,0
D,2013-10-07,1.0800,1.0800,1.0800,1.0800,119,0
D,2013-10-04,1.0300,1.1200,0.9900,1.1200,436,0
D,2013-10-03,0.9800,1.0500,0.9800,1.0500,90,0
D,2013-10-02,1.0200,1.0200,1.0100,1.0100,70,0
D,2013-10-01,0.9950,0.9950,0.9950,0.9950,131,0
D,2013-09-30,1.0200,1.0200,1.0100,1.0100,165,0
D,2013-09-27,1.0300,1.0300,1.0200,1.0200,70,0
D,2013-09-26,1.0100,1.0300,1.0100,1.0300,113,0
D,2013-09-25,1.0000,1.0000,1.0000,1.0000,30,0
D,2013-09-24,0.9900,0.9900,0.9900,0.9900,200,0
D,2013-09-23,1.0100,1.0100,1.0000,1.0000,243,0
D,2013-09-20,1.0200,1.0200,1.0000,1.0000,139,0
D,2013-09-19,0.9350,0.9700,0.9350,0.9600,100,0
D,2013-09-18,0.9700,0.9700,0.9700,0.9700,50,0
D,2013-09-17,1.0000,1.0000,0.9700,0.9700,149,0
D,2013-09-13,1.0000,1.0000,1.0000,1.0000,0,0
D,2013-09-12,1.0000,1.0000,1.0000,1.0000,0,0
D,2013-09-11,1.0000,1.0000,1.0000,1.0000,0,0
D,2013-09-10,1.0000,1.0000,1.0000,1.0000,90,0
D,2013-09-09,1.0000,1.0000,1.0000,1.0000,0,0
D,2013-09-06,1.0000,1.0000,1.0000,1.0000,20,0
D,2013-09-05,1.0300,1.0300,1.0300,1.0300,0,0
D,2013-09-04,1.0300,1.0300,1.0300,1.0300,0,0
D,2013-09-03,1.0300,1.0300,1.0300,1.0300,0,0
D,2013-09-02,1.0300,1.0300,1.0300,1.0300,0,0
D,2013-08-30,0.9500,1.0300,0.9500,1.0300,205,0
D,2013-08-29,1.0100,1.0500,1.0100,1.0500,40,0
D,2013-08-28,1.0100,1.0100,1.0100,1.0100,100,0
D,2013-08-27,1.0300,1.0300,1.0200,1.0200,320,0
D,2013-08-26,1.0500,1.0900,1.0500,1.0900,61,0
D,2013-08-23,1.0700,1.0700,1.0500,1.0500,280,0
D,2013-08-22,1.0600,1.0600,1.0500,1.0600,250,0
D,2013-08-21,1.1500,1.1500,1.0900,1.0900,110,0
D,2013-08-20,1.0600,1.0700,1.0600,1.0700,606,0
D,2013-08-19,1.0800,1.1200,1.0800,1.1200,11,0
D,2013-08-16,1.0300,1.1300,1.0300,1.1300,71,0
D,2013-08-15,1.1200,1.1300,1.1200,1.1300,102,0
D,2013-08-14,1.1200,1.1200,1.1200,1.1200,10,0
D,2013-08-13,1.1500,1.1500,1.1500,1.1500,48,0
D,2013-08-12,1.1000,1.1000,1.1000,1.1000,0,0
D,2013-08-07,1.0900,1.1000,1.0900,1.1000,50,0
D,2013-08-06,1.0800,1.0800,1.0800,1.0800,0,0
D,2013-08-05,1.0800,1.0800,1.0800,1.0800,0,0
D,2013-08-02,1.0800,1.0800,1.0800,1.0800,0,0
D,2013-08-01,1.0800,1.0800,1.0800,1.0800,30,0
D,2013-07-31,1.0600,1.1000,1.0600,1.0800,171,0
D,2013-07-30,1.1200,1.1200,1.1000,1.1000,314,0
D,2013-07-29,1.1200,1.1300,1.1200,1.1300,160,0
D,2013-07-26,1.1300,1.1400,1.1300,1.1400,130,0
D,2013-07-25,1.0600,1.1400,1.0600,1.1400,75,0
D,2013-07-24,1.1500,1.1500,1.1500,1.1500,0,0
D,2013-07-23,1.1500,1.1500,1.1500,1.1500,30,0
D,2013-07-22,1.1600,1.1800,1.1300,1.1300,351,0
D,2013-07-19,1.2100,1.2100,1.1600,1.1600,130,0
D,2013-07-18,1.1600,1.1600,1.1300,1.1600,780,0
D,2013-07-17,1.1600,1.2000,1.1600,1.1900,520,0
D,2013-07-16,1.1100,1.1800,1.1000,1.1500,429,0
D,2013-07-15,1.0700,1.1600,1.0700,1.1600,403,0
D,2013-07-12,1.1300,1.1300,1.1200,1.1200,265,0
D,2013-07-11,1.1700,1.1700,1.1700,1.1700,0,0
D,2013-07-10,1.1800,1.2500,1.1700,1.1700,350,0
D,2013-07-09,1.0800,1.2000,1.0800,1.2000,1396,0
D,2013-07-08,1.0500,1.0500,1.0500,1.0500,122,0
D,2013-07-05,1.0300,1.0800,1.0300,1.0500,94,0
D,2013-07-04,1.0400,1.0400,1.0300,1.0300,120,0
D,2013-07-03,1.0200,1.0600,1.0200,1.0400,330,0
D,2013-07-02,1.0600,1.0600,1.0600,1.0600,78,0
D,2013-07-01,1.0700,1.0700,1.0200,1.0300,370,0
D,2013-06-28,1.0500,1.0800,1.0200,1.0800,920,0
D,2013-06-27,1.0200,1.0800,1.0200,1.0500,815,0
D,2013-06-26,1.0600,1.1000,1.0400,1.0500,218,0
D,2013-06-25,1.0500,1.0500,0.9950,1.0200,1764,0
D,2013-06-24,1.1300,1.1300,1.0600,1.0600,1757,0
D,2013-06-21,1.1800,1.1800,1.1500,1.1500,702,0
D,2013-06-20,1.1200,1.1600,1.1200,1.1400,356,0
D,2013-06-19,1.3200,1.3200,1.1600,1.1600,8533,0
D,2013-06-18,1.3200,1.3300,1.3200,1.3200,761,0
D,2013-06-17,1.3800,1.4000,1.3800,1.4000,100,0
D,2013-06-14,1.3700,1.3700,1.3400,1.3400,1615,0
D,2013-06-13,1.4000,1.4500,1.3200,1.4300,5775,0
D,2013-06-12,1.4400,1.4400,1.3700,1.3700,446,0
D,2013-06-11,1.4600,1.4600,1.4600,1.4600,150,0
D,2013-06-10,1.4600,1.4800,1.4500,1.4800,1917,0
D,2013-06-07,1.4400,1.5000,1.4400,1.4800,5152,0
D,2013-06-06,1.4400,1.4700,1.4400,1.4500,310,0
D,2013-06-05,1.4600,1.4600,1.4400,1.4400,266,0
D,2013-06-04,1.5000,1.5200,1.4400,1.5100,1724,0
D,2013-06-03,1.4500,1.5200,1.4200,1.5000,4840,0
D,2013-05-31,1.4400,1.4800,1.4400,1.4800,134,0
D,2013-05-30,1.5100,1.5100,1.4800,1.4800,260,0
D,2013-05-29,1.5200,1.5700,1.5000,1.5300,2906,0
D,2013-05-28,1.4200,1.5000,1.4200,1.5000,5205,0
D,2013-05-27,1.4200,1.4800,1.4200,1.4200,313,0
D,2013-05-23,1.4400,1.5000,1.4100,1.4100,1364,0
D,2013-05-22,1.5000,1.5000,1.4300,1.4400,1142,0
D,2013-05-21,1.5400,1.6000,1.4800,1.4900,19603,0
D,2013-05-20,1.4000,1.6000,1.4000,1.5300,22241,0
D,2013-05-17,1.2700,1.3600,1.2600,1.3600,4980,0
D,2013-05-16,1.2400,1.2900,1.1300,1.2900,2356,0
D,2013-05-15,1.2800,1.3200,1.2400,1.2400,1646,0
D,2013-05-14,1.1400,1.2500,1.1400,1.2500,8465,0
D,2013-05-13,1.0400,1.1300,1.0400,1.1300,3629,0
D,2013-05-10,1.0100,1.0500,1.0000,1.0400,1259,0
D,2013-05-09,1.0000,1.0000,0.9900,0.9900,2696,0
D,2013-05-08,1.0100,1.0300,0.9950,0.9950,9591,0
D,2013-05-07,1.0100,1.0500,1.0000,1.0000,9994,0
D,2013-05-06,1.0200,1.0500,1.0000,1.0000,7367,0
D,2013-05-03,1.0100,1.0600,0.9900,1.0000,7601,0
D,2013-05-02,0.9950,1.1000,0.9950,1.0500,13944,0
D,2013-04-30,1.0200,1.0200,0.9900,0.9950,1230,0
D,2013-04-29,1.0300,1.0300,1.0000,1.0200,346,0
D,2013-04-26,1.0900,1.1300,1.0600,1.0600,20853,0
D,2013-04-25,0.8950,1.1100,0.8950,1.0700,42569,0
D,2013-04-24,0.8350,0.9000,0.7750,0.9000,9221,0
D,2013-04-23,0.9500,0.9500,0.8200,0.8600,3456,0
D,2013-04-22,1.0300,1.0300,0.9500,0.9550,9381,0
D,2013-04-19,1.0600,1.0900,1.0200,1.0500,39046,0
D,2013-04-18,1.0800,1.0900,1.0400,1.0400,3301,0
D,2013-04-17,1.0900,1.0900,1.0400,1.0600,474,0
D,2013-04-16,1.1000,1.1000,1.0800,1.1000,236,0
D,2013-04-15,1.0300,1.1200,1.0300,1.1000,49790,0
D,2013-04-12,1.0700,1.0700,1.0400,1.0400,2244,0
D,2013-04-11,1.0600,1.0900,1.0400,1.0700,783,0
D,2013-04-10,1.1000,1.1000,1.0700,1.0900,4714,0
D,2013-04-09,1.1100,1.1500,1.0700,1.0800,50244,0
D,2013-04-08,1.0900,1.1400,1.0800,1.0800,6465,0
D,2013-04-05,1.0900,1.0900,1.0700,1.0900,1317,0
D,2013-04-04,1.1400,1.1600,1.1100,1.1100,4857,0
D,2013-04-03,1.1700,1.1700,1.1200,1.1500,20085,0
D,2013-04-02,1.1700,1.2400,1.1600,1.1600,10364,0
D,2013-04-01,1.2000,1.2200,1.1300,1.1700,3412,0
D,2013-03-29,1.2200,1.2500,1.2100,1.2500,371,0
D,2013-03-28,1.2800,1.2800,1.2400,1.2600,20321,0
D,2013-03-27,1.3000,1.3000,1.2600,1.3000,13143,0
D,2013-03-26,1.2500,1.2700,1.2500,1.2600,11925,0
D,2013-03-25,1.4500,1.4500,1.2300,1.2600,1155,0
D,2013-03-22,1.4800,1.4800,1.4500,1.4700,9213,0
D,2013-03-21,1.4600,1.4800,1.4400,1.4700,19755,0
D,2013-03-20,1.6300,1.6400,1.4500,1.4600,10692,0
D,2013-03-19,1.6300,1.6500,1.4800,1.6000,12716,0
D,2013-03-18,2.1000,2.1000,1.6000,1.7000,19754,0
D,2013-03-15,2.0700,2.1300,2.0300,2.0300,20974,0
D,2013-03-14,2.1200,2.1200,2.0700,2.0700,16902,0
D,2013-03-13,2.1400,2.1600,2.0700,2.1200,19284,0
D,2013-03-12,2.1400,2.1600,2.1300,2.1400,18654,0
D,2013-03-11,2.1400,2.1500,2.1300,2.1400,21740,0
D,2013-03-08,2.1300,2.1400,2.1200,2.1300,11927,0
D,2013-03-07,2.1300,2.1500,2.1100,2.1100,8572,0
D,2013-03-06,2.1400,2.1600,2.1200,2.1200,18067,0
D,2013-03-05,2.1000,2.1500,2.1000,2.1300,20895,0
D,2013-03-04,2.1100,2.1200,2.0900,2.0900,9500,0
D,2013-03-01,2.1200,2.1300,2.1200,2.1200,9844,0
D,2013-02-28,2.1100,2.1500,2.1100,2.1100,19036,0
D,2013-02-27,2.0900,2.1400,2.0900,2.1000,22143,0
D,2013-02-26,2.0800,2.1200,2.0800,2.1100,8724,0
D,2013-02-25,2.0700,2.1300,2.0400,2.1000,3660,0
D,2013-02-22,2.0900,2.1400,2.0900,2.1100,26462,0
D,2013-02-21,2.0800,2.1200,2.0800,2.0900,29633,0
D,2013-02-20,2.1000,2.1000,2.0600,2.0700,6950,0
D,2013-02-19,2.1500,2.1600,2.0600,2.0700,9532,0
D,2013-02-18,2.0600,2.1800,2.0600,2.1500,33878,0
D,2013-02-15,2.0300,2.0900,2.0300,2.0500,22779,0
D,2013-02-14,2.0900,2.0900,1.9900,2.0000,10155,0
D,2013-02-13,2.1500,2.1500,2.0300,2.1000,1896,0
D,2013-02-08,2.1500,2.1600,2.0900,2.1300,22905,0
D,2013-02-07,2.0900,2.1700,2.0000,2.1500,25463,0
D,2013-02-06,2.0400,2.1300,2.0000,2.1000,7684,0
D,2013-02-05,2.0200,2.0900,2.0200,2.0500,17026,0
D,2013-02-04,1.9500,2.0200,1.9500,2.0200,36309,0
D,2013-01-31,1.8500,1.8500,1.8500,1.8500,0,0
D,2013-01-30,1.8500,2.0200,1.8500,1.8500,3975,0
D,2013-01-29,1.9500,1.9500,1.7300,1.9500,22088,0
D,2013-01-25,1.9400,2.0100,1.9400,1.9400,1195,0
D,2013-01-23,1.9400,1.9400,1.9400,1.9400,0,0
D,2013-01-22,1.8300,2.0000,1.5500,1.9400,2420,0
D,2013-01-21,1.8100,1.8300,1.8100,1.8300,480,0
D,2013-01-18,1.7900,1.7900,1.7000,1.7800,82,0
D,2013-01-17,1.6500,1.6800,1.6500,1.6500,64,0
D,2013-01-16,1.8000,1.8000,1.6500,1.7400,920,0
D,2013-01-15,2.0000,2.0200,1.8500,1.8500,8301,0
D,2013-01-14,2.0000,2.0000,2.0000,2.0000,5965,0
D,2013-01-11,2.0100,2.0100,2.0000,2.0000,3674,0
D,2013-01-10,2.0000,2.0000,2.0000,2.0000,628,0
D,2013-01-09,2.0000,2.0000,2.0000,2.0000,2215,0
D,2013-01-08,1.9900,2.0000,1.9900,2.0000,3227,0
D,2013-01-07,2.0000,2.0500,2.0000,2.0100,2926,0
D,2013-01-04,2.0000,2.0500,1.9000,2.0000,1853,0
D,2013-01-03,2.1000,2.1100,2.1000,2.1000,2350,0
D,2013-01-02,1.9500,2.0700,1.9200,2.0500,4641,0
D,2012-12-31,1.8500,2.0000,1.7500,2.0000,4447,0
D,2012-12-28,1.8300,1.8500,1.8300,1.8300,330,0
D,2012-12-27,1.8000,1.9000,1.7900,1.8500,3986,0
D,2012-12-26,1.8000,1.9000,1.7900,1.8300,4926,0
D,2012-12-24,1.4500,1.8300,1.4100,1.8300,2682,0
D,2012-12-21,1.2700,1.5500,1.2400,1.5500,4304,0
D,2012-12-20,1.4900,1.5000,0.9500,1.2000,121511,0
D,2012-12-19,1.7000,1.7000,1.3000,1.3000,2345,0
D,2012-12-18,1.7500,1.7900,1.7000,1.7700,15114,0
D,2012-12-17,1.7700,1.8000,1.7600,1.7900,23192,0
D,2012-12-14,1.7600,1.7700,1.7600,1.7700,12016,0
D,2012-12-13,1.7500,1.7600,1.7400,1.7600,14969,0
D,2012-12-12,1.7600,1.7800,1.7500,1.7600,12472,0
D,2012-12-11,1.5100,1.8000,1.5100,1.7800,16945,0
D,2012-12-10,1.4900,1.5100,1.4700,1.5100,15522,0
D,2012-12-07,1.6300,1.6300,1.5000,1.5000,19862,0
D,2012-12-06,1.7200,1.7300,1.6300,1.6300,16233,0
D,2012-12-05,1.7500,1.7500,1.7100,1.7200,13322,0
D,2012-12-04,1.7400,1.7700,1.7400,1.7700,12771,0
D,2012-12-03,1.7100,1.7400,1.7100,1.7300,24261,0
D,2012-11-30,1.7100,1.7200,1.6900,1.7200,16686,0
D,2012-11-29,1.7200,1.7200,1.7200,1.7200,12332,0
D,2012-11-28,1.6800,1.7200,1.6700,1.7200,11761,0
D,2012-11-27,1.6500,1.6900,1.6500,1.6800,28981,0
D,2012-11-26,1.6900,1.7300,1.6600,1.6600,14791,0
D,2012-11-23,1.7000,1.7100,1.6900,1.7000,15013,0
D,2012-11-22,1.6800,1.7000,1.6700,1.6900,11946,0
D,2012-11-21,1.6800,1.7000,1.6800,1.6900,30153,0
D,2012-11-20,1.6500,1.6800,1.6400,1.6800,12657,0
D,2012-11-19,1.6500,1.6600,1.6500,1.6500,15973,0
D,2012-11-16,1.6600,1.6600,1.6500,1.6500,2576,0
D,2012-11-14,1.6600,1.6600,1.6400,1.6600,25905,0
D,2012-11-12,1.6700,1.6700,1.6100,1.6600,6822,0
D,2012-11-09,1.6000,1.6700,1.6000,1.6700,11452,0
D,2012-11-08,1.6200,1.6300,1.5600,1.6100,21434,0
D,2012-11-07,1.5500,1.6600,1.5500,1.6100,20992,0
D,2012-11-06,1.6300,1.6500,1.5200,1.5400,11063,0
D,2012-11-05,1.5100,1.6300,1.5100,1.6300,23754,0
D,2012-11-02,1.3800,1.5100,1.3800,1.5100,4738,0
D,2012-11-01,1.3700,1.3700,1.3700,1.3700,1,0
D,2012-10-31,1.4200,1.4200,1.3700,1.3700,7398,0
D,2012-10-30,1.4100,1.4300,1.4100,1.4200,18444,0
D,2012-10-29,1.4200,1.4200,1.4100,1.4100,11078,0
D,2012-10-25,1.4100,1.4100,1.4100,1.4100,12278,0
D,2012-10-24,1.4100,1.4100,1.4100,1.4100,1780,0
D,2012-10-23,1.4400,1.4400,1.4100,1.4200,4180,0
D,2012-10-22,1.4600,1.4600,1.4600,1.4600,202,0
D,2012-10-19,1.4400,1.4700,1.4400,1.4600,17303,0
D,2012-10-18,1.4600,1.4700,1.4600,1.4600,21380,0
D,2012-10-17,1.4700,1.4900,1.4300,1.4500,23510,0
D,2012-10-16,1.4700,1.4800,1.4500,1.4600,14364,0
D,2012-10-15,1.4800,1.4800,1.4700,1.4700,11686,0
D,2012-10-12,1.4800,1.4800,1.4600,1.4800,25694,0
D,2012-10-11,1.5100,1.5100,1.5000,1.5000,41493,0
D,2012-10-10,1.5100,1.5100,1.5000,1.5100,30234,0
D,2012-10-09,1.5300,1.5300,1.5100,1.5100,28040,0
D,2012-10-08,1.5400,1.5400,1.5300,1.5300,16738,0
D,2012-10-05,1.6300,1.6300,1.5300,1.5500,37865,0
D,2012-10-04,1.5400,1.5400,1.5200,1.5400,37140,0
D,2012-10-03,1.5300,1.5400,1.5200,1.5400,25126,0
D,2012-05-03,0.7000,0.7300,0.7000,0.7300,11,0
D,2012-05-02,0.7250,0.7250,0.7250,0.7250,0,0
