D,2014-10-14,0.0550,0.0550,0.0550,0.0550,2539,0
D,2014-10-13,0.0700,0.0700,0.0600,0.0600,1121,0
D,2014-10-10,0.0700,0.0700,0.0600,0.0700,10889,0
D,2014-10-09,0.0750,0.0750,0.0650,0.0750,14070,0
D,2014-10-08,0.0750,0.0750,0.0750,0.0750,68,0
D,2014-10-07,0.0800,0.0800,0.0750,0.0750,3460,0
D,2014-10-03,0.0800,0.0950,0.0800,0.0850,40534,0
D,2014-10-02,0.0750,0.0950,0.0700,0.0800,21064,0
D,2014-10-01,0.0800,0.0800,0.0700,0.0700,1783,0
D,2014-09-30,0.0800,0.0850,0.0800,0.0800,2303,0
D,2014-09-29,0.0950,0.0950,0.0950,0.0950,200,0
D,2014-09-26,0.0900,0.0950,0.0850,0.0950,2919,0
D,2014-09-25,0.1000,0.1050,0.0900,0.1000,4205,0
D,2014-09-25,0.1000,0.1050,0.0900,0.1000,4205,0
D,2014-09-24,0.1000,0.1050,0.0950,0.1050,4348,0
D,2014-09-23,0.1050,0.1100,0.1000,0.1050,4710,0
D,2014-09-22,0.0850,0.1150,0.0850,0.1100,13389,0
D,2014-09-19,0.1050,0.1050,0.1050,0.1050,0,0
D,2014-09-18,0.1050,0.1050,0.1050,0.1050,0,0
D,2014-09-17,0.1050,0.1050,0.0900,0.1050,2248,0
D,2014-09-15,0.1050,0.1050,0.1050,0.1050,20,0
D,2014-09-12,0.1000,0.1000,0.1000,0.1000,0,0
D,2014-09-11,0.0950,0.1000,0.0950,0.1000,572,0
D,2014-09-10,0.1000,0.1000,0.1000,0.1000,0,0
D,2014-09-09,0.1000,0.1000,0.1000,0.1000,0,0
D,2014-09-08,0.1000,0.1000,0.1000,0.1000,0,0
D,2014-09-05,0.1000,0.1000,0.1000,0.1000,292,0
D,2014-09-04,0.1000,0.1000,0.0950,0.0950,5,0
D,2014-09-03,0.0900,0.0900,0.0900,0.0900,0,0
D,2014-09-02,0.0900,0.0900,0.0900,0.0900,0,0
D,2014-08-29,0.0900,0.0900,0.0900,0.0900,0,0
D,2014-08-28,0.0900,0.0900,0.0900,0.0900,0,0
D,2014-08-27,0.0900,0.0900,0.0900,0.0900,0,0
D,2014-08-26,0.0900,0.0900,0.0900,0.0900,0,0
D,2014-08-25,0.0900,0.0900,0.0900,0.0900,300,0
D,2014-08-22,0.0900,0.0900,0.0900,0.0900,0,0
D,2014-08-21,0.0900,0.0900,0.0900,0.0900,0,0
D,2014-08-20,0.0900,0.0900,0.0900,0.0900,200,0
D,2014-08-19,0.0900,0.0900,0.0900,0.0900,0,0
D,2014-08-18,0.0900,0.0900,0.0900,0.0900,0,0
D,2014-08-15,0.0900,0.0900,0.0900,0.0900,0,0
D,2014-08-14,0.1050,0.1050,0.0900,0.0900,562,0
D,2014-08-13,0.1050,0.1050,0.1050,0.1050,230,0
D,2014-08-12,0.0800,0.0800,0.0800,0.0800,0,0
D,2014-08-11,0.0800,0.0800,0.0800,0.0800,0,0
D,2014-08-08,0.0800,0.0800,0.0800,0.0800,0,0
D,2014-08-07,0.0800,0.0800,0.0800,0.0800,0,0
D,2014-08-06,0.0800,0.0800,0.0800,0.0800,20,0
D,2014-08-05,0.0900,0.0900,0.0900,0.0900,0,0
D,2014-08-04,0.0900,0.0900,0.0900,0.0900,450,0
D,2014-08-01,0.1050,0.1050,0.1050,0.1050,0,0
D,2014-07-31,0.1050,0.1050,0.1050,0.1050,0,0
D,2014-07-30,0.1050,0.1050,0.1050,0.1050,0,0
D,2014-07-25,0.1050,0.1050,0.1050,0.1050,0,0
D,2014-07-24,0.1050,0.1050,0.1050,0.1050,0,0
D,2014-07-23,0.1050,0.1050,0.1050,0.1050,0,0
D,2014-07-22,0.1050,0.1050,0.1050,0.1050,0,0
D,2014-07-21,0.1050,0.1050,0.1050,0.1050,0,0
D,2014-07-18,0.0900,0.1050,0.0900,0.1050,99,0
D,2014-07-17,0.1000,0.1000,0.1000,0.1000,0,0
D,2014-07-16,0.1000,0.1000,0.1000,0.1000,0,0
D,2014-07-14,0.1000,0.1000,0.1000,0.1000,0,0
D,2014-07-11,0.1000,0.1000,0.1000,0.1000,500,0
D,2014-07-10,0.1050,0.1050,0.1050,0.1050,0,0
D,2014-07-09,0.1050,0.1050,0.1050,0.1050,0,0
D,2014-07-08,0.1050,0.1050,0.1050,0.1050,0,0
D,2014-07-07,0.1050,0.1100,0.1050,0.1050,1230,0
D,2014-07-04,0.1000,0.1000,0.1000,0.1000,0,0
D,2014-07-03,0.1000,0.1000,0.1000,0.1000,0,0
D,2014-07-02,0.1000,0.1000,0.1000,0.1000,0,0
D,2014-07-01,0.1000,0.1000,0.1000,0.1000,25,0
D,2014-06-30,0.0900,0.0900,0.0900,0.0900,0,0
D,2014-06-27,0.0900,0.0900,0.0900,0.0900,100,0
D,2014-06-26,0.0950,0.0950,0.0950,0.0950,500,0
D,2014-06-25,0.0900,0.0900,0.0900,0.0900,0,0
D,2014-06-24,0.0950,0.0950,0.0900,0.0900,1175,0
D,2014-06-23,0.1000,0.1000,0.1000,0.1000,0,0
D,2014-06-20,0.1000,0.1000,0.1000,0.1000,0,0
D,2014-06-19,0.1000,0.1000,0.1000,0.1000,100,0
D,2014-06-18,0.1050,0.1050,0.1050,0.1050,0,0
D,2014-06-17,0.0950,0.1050,0.0950,0.1050,610,0
D,2014-06-16,0.0850,0.0850,0.0850,0.0850,0,0
D,2014-06-13,0.0850,0.0850,0.0850,0.0850,0,0
D,2014-06-12,0.0850,0.0850,0.0850,0.0850,0,0
D,2014-06-11,0.0850,0.0850,0.0850,0.0850,0,0
D,2014-06-10,0.0850,0.0850,0.0850,0.0850,0,0
D,2014-06-09,0.0850,0.0850,0.0850,0.0850,0,0
D,2014-06-06,0.0850,0.0850,0.0850,0.0850,0,0
D,2014-06-05,0.0850,0.0850,0.0850,0.0850,0,0
D,2014-06-04,0.0850,0.0850,0.0850,0.0850,0,0
D,2014-06-03,0.0850,0.0850,0.0850,0.0850,200,0
D,2014-06-02,0.0900,0.0900,0.0900,0.0900,43,0
D,2014-05-30,0.0800,0.0850,0.0800,0.0800,457,0
D,2014-05-29,0.0800,0.0800,0.0800,0.0800,0,0
D,2014-05-28,0.0800,0.0800,0.0800,0.0800,0,0
D,2014-05-27,0.0800,0.0800,0.0800,0.0800,100,0
D,2014-05-26,0.0800,0.0850,0.0800,0.0850,1202,0
D,2014-05-23,0.0800,0.0800,0.0800,0.0800,1100,0
D,2014-05-22,0.0750,0.0750,0.0750,0.0750,0,0
D,2014-05-21,0.0750,0.0750,0.0750,0.0750,583,0
D,2014-05-20,0.0850,0.0950,0.0750,0.0800,8536,0
D,2014-05-19,0.0850,0.0850,0.0850,0.0850,100,0
D,2014-05-16,0.0800,0.0850,0.0800,0.0850,1000,0
D,2014-05-15,0.0800,0.0850,0.0800,0.0850,140,0
D,2014-05-14,0.1100,0.1100,0.1100,0.1100,0,0
D,2014-05-12,0.1100,0.1100,0.1100,0.1100,0,0
D,2014-05-09,0.1100,0.1100,0.1100,0.1100,0,0
D,2014-05-08,0.1100,0.1100,0.1100,0.1100,0,0
D,2014-05-07,0.1100,0.1100,0.1100,0.1100,0,0
D,2014-05-06,0.1100,0.1100,0.1100,0.1100,0,0
D,2014-05-05,0.0900,0.1100,0.0900,0.1100,800,0
D,2014-05-02,0.1100,0.1100,0.1100,0.1100,0,0
D,2014-04-30,0.1100,0.1100,0.1100,0.1100,0,0
D,2014-04-29,0.1100,0.1100,0.1100,0.1100,600,0
D,2014-04-28,0.0900,0.0900,0.0900,0.0900,700,0
D,2014-04-25,0.0950,0.0950,0.0950,0.0950,0,0
D,2014-04-24,0.0950,0.0950,0.0950,0.0950,0,0
D,2014-04-23,0.0950,0.0950,0.0950,0.0950,0,0
D,2014-04-22,0.0950,0.0950,0.0950,0.0950,100,0
D,2014-04-21,0.1100,0.1100,0.0900,0.0900,582,0
D,2014-04-18,0.0900,0.0900,0.0900,0.0900,0,0
D,2014-04-17,0.0900,0.0900,0.0900,0.0900,0,0
D,2014-04-16,0.0900,0.0900,0.0900,0.0900,100,0
D,2014-04-15,0.1050,0.1050,0.1050,0.1050,0,0
D,2014-04-14,0.1050,0.1050,0.1050,0.1050,0,0
D,2014-04-11,0.0900,0.1050,0.0900,0.1050,201,0
D,2014-04-10,0.0900,0.0900,0.0900,0.0900,600,0
D,2014-04-09,0.0950,0.0950,0.0900,0.0900,400,0
D,2014-04-08,0.0800,0.0800,0.0800,0.0800,40,0
D,2014-04-07,0.0850,0.0850,0.0850,0.0850,0,0
D,2014-04-04,0.0850,0.0850,0.0850,0.0850,350,0
D,2014-04-03,0.0850,0.0850,0.0850,0.0850,0,0
D,2014-04-02,0.0850,0.0850,0.0850,0.0850,200,0
D,2014-04-01,0.0750,0.0750,0.0750,0.0750,0,0
D,2014-03-31,0.0750,0.0750,0.0750,0.0750,0,0
D,2014-03-28,0.0750,0.0750,0.0750,0.0750,0,0
D,2014-03-27,0.0750,0.0750,0.0750,0.0750,0,0
D,2014-03-26,0.0750,0.0750,0.0750,0.0750,0,0
D,2014-03-25,0.0750,0.0750,0.0750,0.0750,0,0
D,2014-03-24,0.0750,0.0750,0.0750,0.0750,0,0
D,2014-03-21,0.0750,0.0750,0.0750,0.0750,0,0
D,2014-03-20,0.0750,0.0750,0.0750,0.0750,0,0
D,2014-03-19,0.0750,0.0750,0.0750,0.0750,0,0
D,2014-03-18,0.0750,0.0750,0.0750,0.0750,0,0
D,2014-03-17,0.0750,0.0750,0.0750,0.0750,500,0
D,2014-03-14,0.0750,0.0750,0.0750,0.0750,0,0
D,2014-03-13,0.0750,0.0750,0.0750,0.0750,0,0
D,2014-03-12,0.0750,0.0750,0.0750,0.0750,30,0
D,2014-03-11,0.0900,0.0900,0.0900,0.0900,0,0
D,2014-03-10,0.0900,0.0900,0.0900,0.0900,0,0
D,2014-03-07,0.0900,0.0900,0.0900,0.0900,0,0
D,2014-03-06,0.0900,0.0900,0.0900,0.0900,0,0
D,2014-03-05,0.0900,0.0900,0.0900,0.0900,0,0
D,2014-03-04,0.0900,0.0900,0.0900,0.0900,0,0
D,2014-03-03,0.0900,0.0900,0.0900,0.0900,0,0
D,2014-02-28,0.0900,0.0900,0.0900,0.0900,467,0
D,2014-02-27,0.0950,0.0950,0.0950,0.0950,0,0
D,2014-02-26,0.0950,0.0950,0.0950,0.0950,0,0
D,2014-02-25,0.1200,0.1200,0.0950,0.0950,230,0
D,2014-02-24,0.0900,0.0900,0.0900,0.0900,0,0
D,2014-02-21,0.0900,0.0900,0.0900,0.0900,0,0
D,2014-02-20,0.0900,0.0900,0.0900,0.0900,200,0
D,2014-02-19,0.0900,0.0900,0.0900,0.0900,0,0
D,2014-02-18,0.0900,0.0900,0.0900,0.0900,51,0
D,2014-02-17,0.0850,0.0850,0.0850,0.0850,0,0
D,2014-02-14,0.0850,0.0850,0.0850,0.0850,0,0
D,2014-02-13,0.0850,0.0850,0.0850,0.0850,0,0
D,2014-02-12,0.0850,0.0850,0.0850,0.0850,0,0
D,2014-02-11,0.0850,0.0850,0.0850,0.0850,0,0
D,2014-02-10,0.0850,0.0850,0.0850,0.0850,0,0
D,2014-02-07,0.0850,0.0850,0.0850,0.0850,0,0
D,2014-02-06,0.0850,0.0850,0.0850,0.0850,199,0
D,2014-02-05,0.0850,0.0850,0.0850,0.0850,0,0
D,2014-02-04,0.0850,0.0850,0.0850,0.0850,0,0
D,2014-01-30,0.0850,0.0850,0.0850,0.0850,0,0
D,2014-01-29,0.0850,0.0850,0.0850,0.0850,0,0
D,2014-01-28,0.0850,0.0850,0.0850,0.0850,0,0
D,2014-01-27,0.0850,0.0850,0.0850,0.0850,0,0
D,2014-01-24,0.0850,0.0850,0.0850,0.0850,0,0
D,2014-01-23,0.0850,0.0850,0.0850,0.0850,0,0
D,2014-01-22,0.0850,0.0850,0.0850,0.0850,0,0
D,2014-01-21,0.0850,0.0850,0.0850,0.0850,0,0
D,2014-01-20,0.0850,0.0850,0.0850,0.0850,0,0
D,2014-01-16,0.0850,0.0850,0.0850,0.0850,100,0
D,2014-01-15,0.1050,0.1050,0.1050,0.1050,0,0
D,2014-01-13,0.1000,0.1050,0.1000,0.1050,400,0
D,2014-01-10,0.1100,0.1100,0.1000,0.1000,445,0
D,2014-01-09,0.1000,0.1100,0.1000,0.1100,130,0
D,2014-01-08,0.1150,0.1150,0.1000,0.1000,750,0
D,2014-01-07,0.1000,0.1250,0.1000,0.1150,3790,0
D,2014-01-06,0.0700,0.0700,0.0700,0.0700,0,0
D,2014-01-03,0.0700,0.0700,0.0700,0.0700,902,0
D,2014-01-02,0.0700,0.0700,0.0700,0.0700,0,0
D,2013-12-31,0.0700,0.0700,0.0700,0.0700,1500,0
D,2013-12-30,0.0800,0.0800,0.0700,0.0700,1780,0
D,2013-12-27,0.1300,0.1300,0.0800,0.0800,250,0
D,2013-12-26,0.0800,0.0800,0.0800,0.0800,0,0
D,2013-12-24,0.0800,0.0800,0.0800,0.0800,0,0
D,2013-12-23,0.0800,0.0800,0.0800,0.0800,0,0
D,2013-12-20,0.0800,0.0800,0.0800,0.0800,500,0
D,2013-12-19,0.0800,0.0800,0.0800,0.0800,0,0
D,2013-12-18,0.0800,0.0800,0.0800,0.0800,300,0
D,2013-12-17,0.0800,0.0800,0.0800,0.0800,500,0
D,2013-12-16,0.0800,0.0800,0.0800,0.0800,0,0
D,2013-12-13,0.0800,0.0800,0.0800,0.0800,0,0
D,2013-12-12,0.0800,0.0800,0.0800,0.0800,500,0
D,2013-12-11,0.0850,0.0850,0.0850,0.0850,0,0
D,2013-12-10,0.0850,0.0850,0.0850,0.0850,360,0
D,2013-12-09,0.0850,0.0850,0.0850,0.0850,0,0
D,2013-12-06,0.0850,0.0850,0.0850,0.0850,0,0
D,2013-12-05,0.0850,0.0850,0.0850,0.0850,500,0
D,2013-12-04,0.0750,0.0750,0.0750,0.0750,0,0
D,2013-12-03,0.0750,0.0750,0.0750,0.0750,0,0
D,2013-12-02,0.0750,0.0750,0.0750,0.0750,0,0
D,2013-11-29,0.0750,0.0750,0.0750,0.0750,0,0
D,2013-11-28,0.0750,0.0750,0.0750,0.0750,0,0
D,2013-11-27,0.0750,0.0750,0.0750,0.0750,0,0
D,2013-11-26,0.0750,0.0750,0.0750,0.0750,0,0
D,2013-11-25,0.0750,0.0750,0.0750,0.0750,0,0
D,2013-11-22,0.0750,0.0750,0.0750,0.0750,0,0
D,2013-11-21,0.0750,0.0750,0.0750,0.0750,0,0
D,2013-11-20,0.0750,0.0750,0.0750,0.0750,1450,0
D,2013-11-19,0.0750,0.0750,0.0700,0.0700,305,0
D,2013-11-18,0.0650,0.1200,0.0650,0.1200,151,0
D,2013-11-15,0.0700,0.0700,0.0700,0.0700,0,0
D,2013-11-14,0.0700,0.0700,0.0700,0.0700,351,0
D,2013-11-13,0.0700,0.0700,0.0700,0.0700,0,0
D,2013-11-12,0.0700,0.0700,0.0700,0.0700,0,0
D,2013-11-11,0.0700,0.0700,0.0700,0.0700,0,0
D,2013-11-08,0.0700,0.0700,0.0700,0.0700,0,0
D,2013-11-07,0.0700,0.0700,0.0700,0.0700,100,0
D,2013-11-06,0.0800,0.0800,0.0800,0.0800,0,0
D,2013-11-04,0.0800,0.0800,0.0800,0.0800,0,0
D,2013-11-01,0.0800,0.0800,0.0800,0.0800,0,0
D,2013-10-31,0.1000,0.1000,0.0800,0.0800,600,0
D,2013-10-30,0.0900,0.0900,0.0900,0.0900,0,0
D,2013-10-29,0.0900,0.0900,0.0900,0.0900,0,0
D,2013-10-28,0.0900,0.0900,0.0900,0.0900,0,0
D,2013-10-25,0.0900,0.0900,0.0900,0.0900,0,0
D,2013-10-24,0.0900,0.0900,0.0900,0.0900,0,0
D,2013-10-23,0.0900,0.0900,0.0900,0.0900,0,0
D,2013-10-22,0.0900,0.0900,0.0900,0.0900,0,0
D,2013-10-21,0.0900,0.0900,0.0900,0.0900,0,0
D,2013-10-18,0.0900,0.0900,0.0900,0.0900,0,0
D,2013-10-17,0.0900,0.0900,0.0900,0.0900,0,0
D,2013-10-16,0.0900,0.0900,0.0900,0.0900,0,0
D,2013-10-14,0.0900,0.0900,0.0900,0.0900,0,0
D,2013-10-11,0.0900,0.0900,0.0900,0.0900,0,0
D,2013-10-10,0.0900,0.0900,0.0900,0.0900,0,0
D,2013-10-09,0.0900,0.0900,0.0900,0.0900,0,0
D,2013-10-08,0.0900,0.0900,0.0900,0.0900,0,0
D,2013-10-07,0.0900,0.0900,0.0900,0.0900,0,0
D,2013-10-04,0.0900,0.0900,0.0900,0.0900,0,0
D,2013-10-03,0.0900,0.0900,0.0900,0.0900,0,0
D,2013-10-02,0.0900,0.0900,0.0900,0.0900,100,0
D,2013-10-01,0.1000,0.1000,0.1000,0.1000,0,0
D,2013-09-30,0.1000,0.1000,0.1000,0.1000,376,0
D,2013-09-27,0.0900,0.1500,0.0900,0.1200,9013,0
D,2013-09-26,0.1000,0.1000,0.1000,0.1000,0,0
D,2013-09-25,0.1100,0.1100,0.1000,0.1000,1500,0
D,2013-09-24,0.1250,0.1300,0.0900,0.1250,6895,0
D,2013-09-23,0.1250,0.1250,0.1250,0.1250,0,0
D,2013-09-20,0.1250,0.1250,0.1250,0.1250,0,0
D,2013-09-19,0.1250,0.1250,0.1250,0.1250,0,0
D,2013-09-18,0.1250,0.1250,0.1250,0.1250,0,0
D,2013-09-17,0.1250,0.1250,0.1250,0.1250,0,0
D,2013-09-13,0.1250,0.1250,0.1250,0.1250,0,0
D,2013-09-12,0.1250,0.1250,0.1250,0.1250,0,0
D,2013-09-11,0.1250,0.1250,0.1250,0.1250,0,0
D,2013-09-10,0.1250,0.1250,0.1250,0.1250,0,0
D,2013-09-09,0.1250,0.1250,0.1250,0.1250,0,0
D,2013-09-06,0.1250,0.1250,0.1250,0.1250,0,0
D,2013-09-05,0.1250,0.1250,0.1250,0.1250,0,0
D,2013-09-04,0.1250,0.1250,0.1250,0.1250,0,0
D,2013-09-03,0.1250,0.1250,0.1250,0.1250,0,0
D,2013-09-02,0.1250,0.1250,0.1250,0.1250,0,0
D,2013-08-30,0.1250,0.1250,0.1250,0.1250,0,0
D,2013-08-29,0.1250,0.1250,0.1250,0.1250,0,0
D,2013-08-28,0.1250,0.1250,0.1250,0.1250,0,0
D,2013-08-27,0.1250,0.1250,0.1250,0.1250,0,0
D,2013-08-26,0.1250,0.1250,0.1250,0.1250,0,0
D,2013-08-23,0.1250,0.1250,0.1250,0.1250,0,0
D,2013-08-22,0.1250,0.1250,0.1250,0.1250,0,0
D,2013-08-21,0.1250,0.1250,0.1250,0.1250,0,0
D,2013-08-20,0.1250,0.1250,0.1250,0.1250,0,0
D,2013-08-19,0.1250,0.1250,0.1250,0.1250,0,0
D,2013-08-16,0.1250,0.1250,0.1250,0.1250,0,0
D,2013-08-15,0.1250,0.1250,0.1250,0.1250,0,0
D,2013-08-14,0.0700,0.1250,0.0700,0.1250,201,0
D,2013-08-13,0.0700,0.0700,0.0700,0.0700,0,0
D,2013-08-12,0.0700,0.0700,0.0700,0.0700,0,0
D,2013-08-07,0.0700,0.0700,0.0700,0.0700,0,0
D,2013-08-06,0.0700,0.0700,0.0700,0.0700,0,0
D,2013-08-05,0.0700,0.0700,0.0700,0.0700,0,0
D,2013-08-02,0.0700,0.0700,0.0700,0.0700,100,0
D,2013-08-01,0.1450,0.1450,0.1450,0.1450,0,0
D,2013-07-31,0.1450,0.1450,0.1450,0.1450,0,0
D,2013-07-30,0.1450,0.1450,0.1450,0.1450,0,0
D,2013-07-29,0.1450,0.1450,0.1450,0.1450,0,0
D,2013-07-26,0.1450,0.1450,0.1450,0.1450,0,0
D,2013-07-25,0.1450,0.1450,0.1450,0.1450,0,0
D,2013-07-24,0.1450,0.1450,0.1450,0.1450,0,0
D,2013-07-23,0.0800,0.1450,0.0800,0.1450,330,0
D,2013-07-22,0.0900,0.2000,0.0750,0.0750,702,0
D,2013-07-19,0.0950,0.0950,0.0950,0.0950,0,0
D,2013-07-18,0.0800,0.0950,0.0800,0.0950,638,0
D,2013-07-17,0.0800,0.0800,0.0800,0.0800,0,0
D,2013-07-16,0.0800,0.0800,0.0800,0.0800,0,0
D,2013-07-15,0.0800,0.0800,0.0800,0.0800,0,0
D,2013-07-12,0.0800,0.0800,0.0800,0.0800,0,0
D,2013-07-11,0.0800,0.0800,0.0800,0.0800,0,0
D,2013-07-10,0.0650,0.0800,0.0550,0.0800,651,0
D,2013-07-09,0.0550,0.0550,0.0550,0.0550,0,0
D,2013-07-08,0.0550,0.0550,0.0550,0.0550,0,0
D,2013-07-05,0.0550,0.0550,0.0550,0.0550,0,0
D,2013-07-04,0.0550,0.0550,0.0550,0.0550,0,0
D,2013-07-03,0.0550,0.0550,0.0550,0.0550,0,0
D,2013-07-02,0.0550,0.0550,0.0550,0.0550,0,0
D,2013-07-01,0.0550,0.0550,0.0550,0.0550,0,0
D,2013-06-28,0.0550,0.0550,0.0550,0.0550,0,0
D,2013-06-27,0.0550,0.0550,0.0550,0.0550,0,0
D,2013-06-26,0.0600,0.0600,0.0550,0.0550,200,0
D,2013-06-25,0.0700,0.0700,0.0700,0.0700,0,0
D,2013-06-24,0.0700,0.0700,0.0700,0.0700,0,0
D,2013-06-21,0.0700,0.0700,0.0700,0.0700,0,0
D,2013-06-20,0.0700,0.0700,0.0700,0.0700,0,0
D,2013-06-19,0.0700,0.0700,0.0700,0.0700,0,0
D,2013-06-18,0.0700,0.0700,0.0700,0.0700,0,0
D,2013-06-17,0.0700,0.0700,0.0700,0.0700,0,0
D,2013-06-14,0.0700,0.0700,0.0700,0.0700,0,0
D,2013-06-13,0.0700,0.0700,0.0700,0.0700,0,0
D,2013-06-12,0.0700,0.0700,0.0700,0.0700,0,0
D,2013-06-11,0.0700,0.0700,0.0700,0.0700,69,0
D,2013-06-10,0.0650,0.0650,0.0650,0.0650,0,0
D,2013-06-07,0.0650,0.0650,0.0650,0.0650,0,0
D,2013-06-06,0.0650,0.0650,0.0650,0.0650,0,0
D,2013-06-05,0.0650,0.0650,0.0650,0.0650,0,0
D,2013-06-04,0.0650,0.0650,0.0650,0.0650,0,0
D,2013-06-03,0.0650,0.0650,0.0650,0.0650,0,0
D,2013-05-31,0.0650,0.0650,0.0650,0.0650,0,0
D,2013-05-30,0.0650,0.0650,0.0650,0.0650,0,0
D,2013-05-29,0.0650,0.0650,0.0650,0.0650,0,0
D,2013-05-28,0.0650,0.0650,0.0650,0.0650,100,0
D,2013-05-27,0.0700,0.0700,0.0700,0.0700,0,0
D,2013-05-23,0.0700,0.0700,0.0700,0.0700,0,0
D,2013-05-22,0.0650,0.0700,0.0650,0.0700,129,0
D,2013-05-21,0.0550,0.0550,0.0550,0.0550,0,0
D,2013-05-20,0.0550,0.0550,0.0550,0.0550,0,0
D,2013-05-17,0.0550,0.0550,0.0550,0.0550,0,0
D,2013-05-16,0.0550,0.0550,0.0550,0.0550,0,0
D,2013-05-15,0.0550,0.0550,0.0550,0.0550,0,0
D,2013-05-14,0.0550,0.0550,0.0550,0.0550,0,0
D,2013-05-13,0.0550,0.0550,0.0550,0.0550,232,0
D,2013-05-10,0.0650,0.0650,0.0650,0.0650,0,0
D,2013-05-09,0.0450,0.0650,0.0450,0.0650,132,0
D,2013-05-08,0.0500,0.0500,0.0500,0.0500,0,0
D,2013-05-07,0.0500,0.0500,0.0500,0.0500,0,0
D,2013-05-06,0.0400,0.0500,0.0400,0.0500,500,0
D,2013-05-03,0.0350,0.0350,0.0350,0.0350,100,0
D,2013-05-02,0.0500,0.0500,0.0500,0.0500,30,0
D,2013-04-30,0.0500,0.0500,0.0500,0.0500,0,0
D,2013-04-29,0.0500,0.0500,0.0500,0.0500,100,0
D,2013-04-26,0.0450,0.0450,0.0450,0.0450,0,0
D,2013-04-25,0.0450,0.0450,0.0450,0.0450,0,0
D,2013-04-24,0.0450,0.0450,0.0450,0.0450,0,0
D,2013-04-23,0.0450,0.0450,0.0450,0.0450,0,0
D,2013-04-22,0.0450,0.0450,0.0450,0.0450,0,0
D,2013-04-19,0.0450,0.0450,0.0450,0.0450,0,0
D,2013-04-18,0.0600,0.0600,0.0450,0.0450,200,0
D,2013-04-17,0.0600,0.0600,0.0600,0.0600,0,0
D,2013-04-16,0.0600,0.0600,0.0600,0.0600,0,0
D,2013-04-15,0.0600,0.0600,0.0600,0.0600,0,0
D,2013-04-12,0.0600,0.0600,0.0600,0.0600,0,0
D,2013-04-11,0.0600,0.0600,0.0600,0.0600,0,0
D,2013-04-10,0.0600,0.0600,0.0600,0.0600,0,0
D,2013-04-09,0.0600,0.0600,0.0600,0.0600,0,0
D,2013-04-08,0.0600,0.0600,0.0600,0.0600,0,0
D,2013-04-05,0.0600,0.0600,0.0600,0.0600,0,0
D,2013-04-04,0.0600,0.0600,0.0600,0.0600,0,0
D,2013-04-03,0.0600,0.0600,0.0600,0.0600,0,0
D,2013-04-02,0.0600,0.0600,0.0600,0.0600,0,0
D,2013-04-01,0.0600,0.0600,0.0600,0.0600,0,0
D,2013-03-29,0.0600,0.0600,0.0600,0.0600,0,0
D,2013-03-28,0.0600,0.0600,0.0600,0.0600,0,0
D,2013-03-27,0.0600,0.0600,0.0600,0.0600,0,0
D,2013-03-26,0.0600,0.0600,0.0600,0.0600,70,0
D,2013-03-25,0.0750,0.0750,0.0750,0.0750,0,0
D,2013-03-22,0.0750,0.0750,0.0750,0.0750,0,0
D,2013-03-21,0.0750,0.0750,0.0750,0.0750,0,0
D,2013-03-20,0.0750,0.0750,0.0750,0.0750,0,0
D,2013-03-19,0.0750,0.0750,0.0750,0.0750,0,0
D,2013-03-18,0.0750,0.0750,0.0750,0.0750,0,0
D,2013-03-15,0.0750,0.0750,0.0750,0.0750,0,0
D,2013-03-14,0.0750,0.0750,0.0750,0.0750,0,0
D,2013-03-13,0.0750,0.0750,0.0750,0.0750,0,0
D,2013-03-12,0.0750,0.0750,0.0750,0.0750,0,0
D,2013-03-11,0.0750,0.0750,0.0750,0.0750,0,0
D,2013-03-08,0.0750,0.0750,0.0750,0.0750,0,0
D,2013-03-07,0.0750,0.0750,0.0750,0.0750,0,0
D,2013-03-06,0.0750,0.0750,0.0750,0.0750,0,0
D,2013-03-05,0.0750,0.0750,0.0750,0.0750,0,0
D,2013-03-04,0.0750,0.0750,0.0750,0.0750,0,0
D,2013-03-01,0.0750,0.0750,0.0750,0.0750,0,0
D,2013-02-28,0.0750,0.0750,0.0750,0.0750,0,0
D,2013-02-27,0.0750,0.0750,0.0750,0.0750,0,0
D,2013-02-26,0.0750,0.0750,0.0750,0.0750,0,0
D,2013-02-25,0.0750,0.0750,0.0750,0.0750,1,0
D,2013-02-22,0.0650,0.0650,0.0650,0.0650,0,0
D,2013-02-21,0.0650,0.0650,0.0650,0.0650,0,0
D,2013-02-20,0.0650,0.0650,0.0650,0.0650,0,0
D,2013-02-19,0.0650,0.0650,0.0650,0.0650,0,0
D,2013-02-18,0.0650,0.0650,0.0650,0.0650,130,0
D,2013-02-15,0.1200,0.1200,0.1200,0.1200,0,0
D,2013-02-14,0.1200,0.1200,0.1200,0.1200,0,0
D,2013-02-13,0.1200,0.1200,0.1200,0.1200,0,0
D,2013-02-08,0.0600,0.1200,0.0600,0.1200,790,0
D,2013-02-07,0.0700,0.0700,0.0700,0.0700,0,0
D,2013-02-06,0.0500,0.0700,0.0450,0.0700,1111,0
D,2013-02-05,0.0800,0.0800,0.0800,0.0800,0,0
D,2013-02-04,0.0800,0.0800,0.0800,0.0800,0,0
D,2013-01-31,0.0800,0.0800,0.0800,0.0800,0,0
D,2013-01-30,0.0800,0.0800,0.0800,0.0800,0,0
D,2013-01-29,0.0800,0.0800,0.0800,0.0800,0,0
D,2013-01-25,0.0800,0.0800,0.0800,0.0800,0,0
D,2013-01-23,0.0800,0.0800,0.0800,0.0800,0,0
D,2013-01-22,0.0800,0.0800,0.0800,0.0800,0,0
D,2013-01-21,0.0800,0.0800,0.0800,0.0800,0,0
D,2013-01-18,0.0800,0.0800,0.0800,0.0800,0,0
D,2013-01-17,0.0800,0.0800,0.0800,0.0800,80,0
D,2013-01-16,0.1000,0.1000,0.1000,0.1000,0,0
D,2013-01-15,0.1000,0.1000,0.1000,0.1000,0,0
D,2013-01-14,0.1000,0.1000,0.1000,0.1000,0,0
D,2013-01-11,0.1000,0.1000,0.1000,0.1000,0,0
D,2013-01-10,0.1000,0.1000,0.1000,0.1000,0,0
D,2013-01-09,0.1000,0.1000,0.1000,0.1000,0,0
D,2013-01-08,0.1000,0.1000,0.1000,0.1000,0,0
D,2013-01-07,0.1000,0.1000,0.1000,0.1000,0,0
D,2013-01-04,0.1000,0.1000,0.1000,0.1000,0,0
D,2013-01-03,0.1000,0.1000,0.1000,0.1000,0,0
D,2013-01-02,0.1000,0.1000,0.1000,0.1000,0,0
D,2012-12-31,0.1000,0.1000,0.1000,0.1000,0,0
D,2012-12-28,0.1000,0.1000,0.1000,0.1000,0,0
D,2012-12-27,0.1000,0.1000,0.1000,0.1000,0,0
D,2012-12-26,0.1000,0.1000,0.1000,0.1000,0,0
D,2012-12-24,0.1000,0.1000,0.1000,0.1000,0,0
D,2012-12-21,0.1000,0.1000,0.1000,0.1000,0,0
D,2012-12-20,0.1000,0.1000,0.1000,0.1000,0,0
D,2012-12-19,0.1000,0.1000,0.1000,0.1000,0,0
D,2012-12-18,0.1000,0.1000,0.1000,0.1000,0,0
D,2012-12-17,0.1000,0.1000,0.1000,0.1000,0,0
D,2012-12-14,0.1000,0.1000,0.1000,0.1000,0,0
D,2012-12-13,0.1000,0.1000,0.1000,0.1000,101,0
D,2012-12-12,0.0500,0.0500,0.0500,0.0500,0,0
D,2012-12-11,0.0500,0.0500,0.0500,0.0500,80,0
D,2012-12-10,0.0700,0.0700,0.0700,0.0700,0,0
D,2012-12-07,0.0700,0.0700,0.0700,0.0700,0,0
D,2012-12-06,0.0700,0.0700,0.0700,0.0700,0,0
D,2012-12-05,0.0700,0.0700,0.0700,0.0700,0,0
D,2012-12-04,0.0700,0.0700,0.0700,0.0700,0,0
D,2012-12-03,0.0700,0.0700,0.0700,0.0700,0,0
D,2012-11-30,0.0700,0.0700,0.0700,0.0700,0,0
D,2012-11-29,0.0700,0.0700,0.0700,0.0700,0,0
D,2012-11-28,0.0700,0.0700,0.0700,0.0700,0,0
D,2012-11-27,0.0700,0.0700,0.0700,0.0700,0,0
D,2012-11-26,0.0700,0.0700,0.0700,0.0700,100,0
D,2012-11-23,0.0800,0.0800,0.0800,0.0800,0,0
D,2012-11-22,0.0800,0.0800,0.0800,0.0800,0,0
D,2012-11-21,0.0800,0.0800,0.0800,0.0800,0,0
D,2012-11-20,0.0800,0.0800,0.0800,0.0800,0,0
D,2012-11-19,0.0800,0.0800,0.0800,0.0800,0,0
D,2012-11-16,0.0800,0.0800,0.0800,0.0800,0,0
D,2012-11-14,0.0800,0.0800,0.0800,0.0800,0,0
D,2012-11-12,0.0800,0.0800,0.0800,0.0800,0,0
D,2012-11-09,0.0800,0.0800,0.0800,0.0800,0,0
D,2012-11-08,0.0800,0.0800,0.0800,0.0800,0,0
D,2012-11-07,0.0800,0.0800,0.0800,0.0800,0,0
D,2012-11-06,0.0800,0.0800,0.0800,0.0800,0,0
D,2012-11-05,0.0800,0.0800,0.0800,0.0800,0,0
D,2012-11-02,0.0800,0.0800,0.0800,0.0800,0,0
D,2012-11-01,0.0800,0.0800,0.0800,0.0800,0,0
D,2012-10-31,0.0800,0.0800,0.0800,0.0800,0,0
D,2012-10-30,0.0800,0.0800,0.0800,0.0800,0,0
D,2012-10-29,0.0800,0.0800,0.0800,0.0800,0,0
D,2012-10-25,0.0800,0.0800,0.0800,0.0800,0,0
D,2012-10-24,0.0800,0.0800,0.0800,0.0800,0,0
D,2012-10-23,0.0800,0.0800,0.0800,0.0800,0,0
D,2012-10-22,0.0800,0.0800,0.0800,0.0800,0,0
D,2012-10-19,0.0800,0.0800,0.0800,0.0800,0,0
D,2012-10-18,0.0800,0.0800,0.0800,0.0800,0,0
D,2012-10-17,0.0800,0.0800,0.0800,0.0800,0,0
D,2012-10-16,0.0800,0.0800,0.0800,0.0800,0,0
D,2012-10-15,0.0800,0.0800,0.0800,0.0800,0,0
D,2012-10-12,0.0800,0.0800,0.0800,0.0800,0,0
D,2012-10-11,0.0800,0.0800,0.0800,0.0800,0,0
D,2012-10-10,0.0800,0.0800,0.0800,0.0800,0,0
D,2012-10-09,0.0800,0.0800,0.0800,0.0800,0,0
D,2012-10-08,0.0800,0.0800,0.0800,0.0800,0,0
D,2012-10-05,0.0800,0.0800,0.0800,0.0800,0,0
D,2012-10-04,0.0800,0.0800,0.0800,0.0800,0,0
D,2012-10-03,0.0800,0.0800,0.0800,0.0800,0,0
D,2012-05-03,0.1100,0.1100,0.1100,0.1100,0,0
D,2012-05-02,0.1100,0.1100,0.1100,0.1100,0,0
