D,2014-10-14,1.0800,1.1000,1.0800,1.0900,1558,0
D,2014-10-13,1.0900,1.1100,1.0900,1.1000,5003,0
D,2014-10-10,1.0500,1.1000,1.0500,1.1000,2558,0
D,2014-10-09,1.1000,1.1000,1.1000,1.1000,1085,0
D,2014-10-08,1.1000,1.1000,1.0800,1.1000,5371,0
D,2014-10-07,1.1200,1.1200,1.1000,1.1000,5670,0
D,2014-10-03,1.1000,1.1200,1.1000,1.1200,450,0
D,2014-10-02,1.1000,1.1000,1.1000,1.1000,0,0
D,2014-10-01,1.1200,1.1200,1.1000,1.1000,629,0
D,2014-09-30,1.1000,1.1100,1.1000,1.1000,1310,0
D,2014-09-29,1.1000,1.1000,1.1000,1.1000,1314,0
D,2014-09-26,1.1000,1.1000,1.1000,1.1000,900,0
D,2014-09-25,1.1200,1.1200,1.1100,1.1100,180,0
D,2014-09-24,1.1100,1.1100,1.1000,1.1100,510,0
D,2014-09-23,1.0900,1.1000,1.0900,1.1000,1507,0
D,2014-09-22,1.1000,1.1100,1.1000,1.1100,880,0
D,2014-09-19,1.1200,1.1200,1.1000,1.1100,2070,0
D,2014-09-18,1.1000,1.1100,1.1000,1.1100,612,0
D,2014-09-17,1.1000,1.1000,1.1000,1.1000,310,0
D,2014-09-15,1.0900,1.1100,1.0900,1.1100,2402,0
D,2014-09-12,1.1000,1.1000,1.1000,1.1000,100,0
D,2014-09-11,1.1100,1.1100,1.1000,1.1000,1374,0
D,2014-09-10,1.1100,1.1100,1.1100,1.1100,230,0
D,2014-09-09,1.1100,1.1100,1.1100,1.1100,20,0
D,2014-09-08,1.1100,1.1100,1.1000,1.1000,50,0
D,2014-09-05,1.1000,1.1100,1.1000,1.1000,181,0
D,2014-09-04,1.0900,1.1000,1.0900,1.1000,430,0
D,2014-09-03,1.0800,1.0900,1.0800,1.0900,830,0
D,2014-09-02,1.0900,1.0900,1.0700,1.0800,1917,0
D,2014-08-29,1.1100,1.1100,1.1000,1.1000,3249,0
D,2014-08-28,1.1200,1.1300,1.1100,1.1100,925,0
D,2014-08-27,1.1200,1.1300,1.1100,1.1200,1253,0
D,2014-08-26,1.1200,1.1300,1.1100,1.1200,1396,0
D,2014-08-25,1.1300,1.1300,1.1100,1.1200,2176,0
D,2014-08-22,1.1300,1.1300,1.1300,1.1300,626,0
D,2014-08-21,1.1500,1.1500,1.1100,1.1400,1070,0
D,2014-08-20,1.1500,1.1600,1.1300,1.1300,1511,0
D,2014-08-19,1.1700,1.1900,1.1500,1.1500,5485,0
D,2014-08-18,1.1900,1.1900,1.1600,1.1600,3641,0
D,2014-08-15,1.2100,1.2100,1.1700,1.2000,3115,0
D,2014-08-14,1.2200,1.2200,1.2000,1.2000,3090,0
D,2014-08-13,1.2300,1.2600,1.2100,1.2100,17237,0
D,2014-08-12,1.1900,1.2300,1.1700,1.2200,11445,0
D,2014-08-11,1.1900,1.2100,1.1800,1.1800,2509,0
D,2014-08-08,1.2400,1.2400,1.1700,1.1900,6828,0
D,2014-08-07,1.1300,1.2700,1.1300,1.2300,31220,0
D,2014-08-06,1.1300,1.1300,1.1200,1.1200,580,0
D,2014-08-05,1.1300,1.1300,1.1300,1.1300,1868,0
D,2014-08-04,1.1100,1.1300,1.1100,1.1300,3410,0
D,2014-08-01,1.0900,1.1100,1.0900,1.1100,2020,0
D,2014-07-31,1.1300,1.1600,1.1100,1.1100,1316,0
D,2014-07-30,1.1100,1.1300,1.1000,1.1300,2090,0
D,2014-07-25,1.1000,1.1000,1.1000,1.1000,720,0
D,2014-07-24,1.1000,1.1100,1.1000,1.1100,1441,0
D,2014-07-23,1.1000,1.1000,1.1000,1.1000,640,0
D,2014-07-22,1.1000,1.1100,1.1000,1.1000,3530,0
D,2014-07-21,1.1000,1.1100,1.1000,1.1000,1284,0
D,2014-07-18,1.1000,1.1000,1.1000,1.1000,1030,0
D,2014-07-17,1.1000,1.1000,1.1000,1.1000,500,0
D,2014-07-16,1.0900,1.1100,1.0800,1.1100,2967,0
D,2014-07-14,1.1000,1.1000,1.0900,1.1000,875,0
D,2014-07-11,1.1000,1.1000,1.1000,1.1000,4094,0
D,2014-07-10,1.1000,1.1000,1.1000,1.1000,220,0
D,2014-07-09,1.1000,1.1000,1.1000,1.1000,820,0
D,2014-07-08,1.1000,1.1100,1.1000,1.1000,1941,0
D,2014-07-07,1.1000,1.1100,1.1000,1.1000,1850,0
D,2014-07-04,1.1000,1.1100,1.1000,1.1000,716,0
D,2014-07-03,1.1100,1.1100,1.1000,1.1100,750,0
D,2014-07-02,1.1000,1.1100,1.1000,1.1100,430,0
D,2014-07-01,1.1000,1.1000,1.1000,1.1000,490,0
D,2014-06-30,1.1000,1.1000,1.1000,1.1000,460,0
D,2014-06-27,1.1000,1.1100,1.1000,1.1000,1170,0
D,2014-06-26,1.1000,1.1100,1.1000,1.1000,1170,0
D,2014-06-25,1.0900,1.1000,1.0900,1.0900,1254,0
D,2014-06-24,1.1000,1.1100,1.1000,1.1100,460,0
D,2014-06-23,1.0900,1.1000,1.0900,1.1000,676,0
D,2014-06-20,1.1000,1.1000,1.0700,1.1000,2890,0
D,2014-06-19,1.1000,1.1000,1.1000,1.1000,1318,0
D,2014-06-18,1.1100,1.1100,1.1000,1.1000,550,0
D,2014-06-17,1.1000,1.1100,1.1000,1.1000,370,0
D,2014-06-16,1.1000,1.1100,1.1000,1.1100,180,0
D,2014-06-13,1.1000,1.1100,1.1000,1.1100,1508,0
D,2014-06-12,1.1000,1.1100,1.1000,1.1000,1093,0
D,2014-06-11,1.1000,1.1000,1.1000,1.1000,2070,0
D,2014-06-10,1.1000,1.1000,1.1000,1.1000,840,0
D,2014-06-09,1.1000,1.1000,1.1000,1.1000,820,0
D,2014-06-06,1.1000,1.1100,1.1000,1.1000,1000,0
D,2014-06-05,1.1000,1.1100,1.1000,1.1000,870,0
D,2014-06-04,1.1000,1.1000,1.1000,1.1000,718,0
D,2014-06-03,1.1000,1.1000,1.1000,1.1000,1305,0
D,2014-06-02,1.1000,1.1000,1.1000,1.1000,2080,0
D,2014-05-30,1.1000,1.1100,1.1000,1.1100,1770,0
D,2014-05-29,1.1000,1.1100,1.1000,1.1100,1600,0
D,2014-05-28,1.1000,1.1100,1.1000,1.1100,1720,0
D,2014-05-27,1.1000,1.1000,1.1000,1.1000,2586,0
D,2014-05-26,1.1000,1.1100,1.1000,1.1000,427,0
D,2014-05-23,1.1000,1.1100,1.1000,1.1100,740,0
D,2014-05-22,1.1000,1.1000,1.1000,1.1000,190,0
D,2014-05-21,1.1000,1.1000,1.1000,1.1000,2450,0
D,2014-05-20,1.1000,1.1000,1.1000,1.1000,250,0
D,2014-05-19,1.1100,1.1200,1.1000,1.1200,741,0
D,2014-05-16,1.1200,1.1200,1.1100,1.1200,1873,0
D,2014-05-15,1.1100,1.1300,1.1100,1.1300,975,0
D,2014-05-14,1.1100,1.1200,1.1000,1.1200,1488,0
D,2014-05-12,1.1100,1.1100,1.1000,1.1000,1478,0
D,2014-05-09,1.1000,1.1100,1.1000,1.1100,842,0
D,2014-05-08,1.1000,1.1100,1.0900,1.1000,2632,0
D,2014-05-07,1.1000,1.1100,1.1000,1.1000,164,0
D,2014-05-06,1.1100,1.1100,1.1000,1.1000,1872,0
D,2014-05-05,1.1100,1.1100,1.1000,1.1000,500,0
D,2014-05-02,1.1000,1.1200,1.1000,1.1000,400,0
D,2014-04-30,1.1000,1.1000,1.0500,1.1000,1150,0
D,2014-04-29,1.1100,1.1100,1.0900,1.1000,3228,0
D,2014-04-28,1.1200,1.1200,1.1100,1.1100,606,0
D,2014-04-25,1.1300,1.1400,1.1200,1.1200,1510,0
D,2014-04-24,1.1400,1.1500,1.1300,1.1300,1450,0
D,2014-04-23,1.1200,1.1500,1.1200,1.1400,2723,0
D,2014-04-22,1.1200,1.1300,1.1200,1.1200,453,0
D,2014-04-21,1.1300,1.1500,1.1200,1.1200,867,0
D,2014-04-18,1.1400,1.1700,1.1300,1.1300,2099,0
D,2014-04-17,1.1100,1.1600,1.1100,1.1400,4028,0
D,2014-04-16,1.1300,1.1300,1.1000,1.1000,1458,0
D,2014-04-15,1.1100,1.1200,1.1000,1.1000,1110,0
D,2014-04-14,1.1000,1.1200,1.1000,1.1200,840,0
D,2014-04-11,1.1000,1.1100,1.1000,1.1100,2628,0
D,2014-04-10,1.1000,1.1100,1.1000,1.1100,3223,0
D,2014-04-09,1.1000,1.1000,1.1000,1.1000,620,0
D,2014-04-08,1.1100,1.1100,1.1000,1.1000,700,0
D,2014-04-07,1.1000,1.1000,1.0900,1.1000,955,0
D,2014-04-04,1.1200,1.1200,1.1000,1.1000,1100,0
D,2014-04-03,1.1000,1.1200,1.1000,1.1200,1360,0
D,2014-04-02,1.0500,1.1100,1.0500,1.1000,1958,0
D,2014-04-01,1.1100,1.1300,1.1100,1.1100,1540,0
D,2014-03-31,1.1000,1.1000,1.1000,1.1000,1235,0
D,2014-03-28,1.1000,1.1100,1.0800,1.1000,1915,0
D,2014-03-27,1.1000,1.1100,1.1000,1.1000,1053,0
D,2014-03-26,1.1000,1.1000,1.0900,1.1000,3169,0
D,2014-03-25,1.1000,1.1100,1.1000,1.1000,477,0
D,2014-03-24,1.1100,1.1100,1.0900,1.1000,1605,0
D,2014-03-21,1.1000,1.1100,1.1000,1.1000,2436,0
D,2014-03-20,1.1000,1.1000,1.1000,1.1000,2305,0
D,2014-03-19,1.1100,1.1100,1.1000,1.1000,1215,0
D,2014-03-18,1.1000,1.1100,1.1000,1.1000,1640,0
D,2014-03-17,1.1000,1.1000,1.1000,1.1000,1010,0
D,2014-03-14,1.0800,1.1000,1.0800,1.1000,1819,0
D,2014-03-13,1.1100,1.1100,1.0900,1.1000,5460,0
D,2014-03-12,1.1000,1.1000,1.0900,1.1000,3149,0
D,2014-03-11,1.1000,1.1000,1.1000,1.1000,3946,0
D,2014-03-10,1.1000,1.1100,1.0900,1.1100,3790,0
D,2014-03-07,1.1000,1.1000,1.0800,1.1000,5503,0
D,2014-03-06,1.0900,1.1000,1.0900,1.1000,2890,0
D,2014-03-05,1.0900,1.1000,1.0800,1.1000,3868,0
D,2014-03-04,1.0400,1.1000,1.0400,1.0800,4457,0
D,2014-03-03,1.0300,1.0400,1.0200,1.0400,3058,0
D,2014-02-28,1.0600,1.0600,1.0300,1.0300,10640,0
D,2014-02-27,1.1000,1.1200,1.1000,1.1100,2723,0
D,2014-02-26,1.1300,1.1300,1.1000,1.1000,1284,0
D,2014-02-25,1.1300,1.1500,1.1200,1.1300,4497,0
D,2014-02-24,1.0600,1.1500,1.0600,1.1300,6187,0
D,2014-02-21,1.0700,1.0700,1.0600,1.0600,1758,0
D,2014-02-20,1.0700,1.0700,1.0500,1.0600,3501,0
D,2014-02-19,1.0600,1.0700,1.0600,1.0600,940,0
D,2014-02-18,1.0700,1.0700,1.0600,1.0600,1279,0
D,2014-02-17,1.0700,1.0800,1.0700,1.0800,2081,0
D,2014-02-14,1.0600,1.0800,1.0600,1.0700,2872,0
D,2014-02-13,1.0200,1.0800,1.0200,1.0500,4050,0
D,2014-02-12,1.0200,1.0500,1.0200,1.0400,1690,0
D,2014-02-11,1.0200,1.0200,1.0100,1.0100,2250,0
D,2014-02-10,1.0200,1.0200,1.0100,1.0200,3982,0
D,2014-02-07,1.0100,1.0200,1.0100,1.0100,1460,0
D,2014-02-06,1.0200,1.0200,1.0100,1.0200,1076,0
D,2014-02-05,1.0300,1.0300,1.0200,1.0200,150,0
D,2014-02-04,1.0100,1.0200,1.0100,1.0200,361,0
D,2014-01-30,1.0200,1.0200,1.0100,1.0100,500,0
D,2014-01-29,1.0200,1.0300,1.0200,1.0300,1040,0
D,2014-01-28,1.0100,1.0300,1.0100,1.0100,760,0
D,2014-01-27,1.0300,1.0300,1.0200,1.0200,960,0
D,2014-01-24,1.0300,1.0500,1.0300,1.0500,150,0
D,2014-01-23,1.0400,1.0400,1.0300,1.0300,436,0
D,2014-01-22,1.0400,1.0400,1.0400,1.0400,510,0
D,2014-01-21,1.0400,1.0500,1.0400,1.0400,1000,0
D,2014-01-20,1.0500,1.0500,1.0400,1.0500,1592,0
D,2014-01-16,1.0500,1.0500,1.0500,1.0500,730,0
D,2014-01-15,1.0600,1.0700,1.0400,1.0500,1184,0
D,2014-01-13,1.0500,1.0600,1.0500,1.0600,1636,0
D,2014-01-10,1.0500,1.0600,1.0500,1.0500,1000,0
D,2014-01-09,1.0500,1.0500,1.0500,1.0500,463,0
D,2014-01-08,1.0500,1.0600,1.0500,1.0500,569,0
D,2014-01-07,1.0400,1.0500,1.0400,1.0500,609,0
D,2014-01-06,1.0300,1.0400,1.0300,1.0400,368,0
D,2014-01-03,1.0400,1.0500,1.0400,1.0400,640,0
D,2014-01-02,1.0400,1.0500,1.0400,1.0400,450,0
D,2013-12-31,1.0400,1.0500,1.0300,1.0500,150,0
D,2013-12-30,1.0300,1.0500,1.0300,1.0500,530,0
D,2013-12-27,1.0300,1.0300,1.0200,1.0200,313,0
D,2013-12-26,1.0300,1.0300,1.0200,1.0200,615,0
D,2013-12-24,1.0300,1.0400,1.0300,1.0300,1260,0
D,2013-12-23,1.0300,1.0400,1.0300,1.0300,350,0
D,2013-12-20,1.0500,1.0500,1.0400,1.0400,463,0
D,2013-12-19,1.0400,1.0600,1.0400,1.0600,387,0
D,2013-12-18,1.0300,1.0400,1.0300,1.0300,300,0
D,2013-12-17,1.0300,1.0500,1.0300,1.0300,1097,0
D,2013-12-16,1.0500,1.0500,1.0400,1.0400,680,0
D,2013-12-13,1.0500,1.0500,1.0500,1.0500,659,0
D,2013-12-12,1.0500,1.0500,1.0400,1.0500,2121,0
D,2013-12-11,1.0500,1.0600,1.0500,1.0600,430,0
D,2013-12-10,1.0600,1.0700,1.0600,1.0600,1060,0
D,2013-12-09,1.0400,1.0500,1.0400,1.0500,369,0
D,2013-12-06,1.0300,1.0400,1.0200,1.0400,920,0
D,2013-12-05,1.0400,1.0400,1.0300,1.0300,373,0
D,2013-12-04,1.0500,1.0500,1.0400,1.0500,758,0
D,2013-12-03,1.0600,1.0700,1.0500,1.0600,470,0
D,2013-12-02,1.0500,1.0500,1.0400,1.0500,553,0
D,2013-11-29,1.0500,1.0600,1.0500,1.0600,381,0
D,2013-11-28,1.0500,1.0700,1.0500,1.0600,633,0
D,2013-11-27,1.0600,1.0600,1.0500,1.0500,130,0
D,2013-11-26,1.0600,1.0600,1.0600,1.0600,250,0
D,2013-11-25,1.0700,1.0700,1.0600,1.0600,178,0
D,2013-11-22,1.0500,1.0600,1.0500,1.0600,741,0
D,2013-11-21,1.0500,1.0600,1.0400,1.0600,3716,0
D,2013-11-20,1.0600,1.0700,1.0500,1.0600,1460,0
D,2013-11-19,1.0500,1.0700,1.0500,1.0700,1140,0
D,2013-11-18,1.0600,1.0700,1.0500,1.0500,893,0
D,2013-11-15,1.0600,1.0600,1.0500,1.0500,1399,0
D,2013-11-14,1.0600,1.0600,1.0500,1.0600,680,0
D,2013-11-13,1.0700,1.0700,1.0500,1.0500,1740,0
D,2013-11-12,1.0800,1.0800,1.0700,1.0700,896,0
D,2013-11-11,1.0700,1.0800,1.0700,1.0800,1536,0
D,2013-11-08,1.0700,1.0800,1.0700,1.0700,1549,0
D,2013-11-07,1.0700,1.0700,1.0700,1.0700,690,0
D,2013-11-06,1.0900,1.1000,1.0800,1.0800,1233,0
D,2013-11-04,1.0800,1.1100,1.0700,1.1000,3925,0
D,2013-11-01,1.0800,1.0900,1.0800,1.0900,270,0
D,2013-10-31,1.0900,1.0900,1.0800,1.0900,1479,0
D,2013-10-30,1.0600,1.0800,1.0600,1.0800,895,0
D,2013-10-29,1.0800,1.0800,1.0600,1.0600,1713,0
D,2013-10-28,1.1000,1.1000,1.0900,1.0900,837,0
D,2013-10-25,1.1200,1.1200,1.1100,1.1200,1187,0
D,2013-10-24,1.1200,1.1200,1.1100,1.1100,1683,0
D,2013-10-23,1.1200,1.1200,1.1100,1.1200,2841,0
D,2013-10-22,1.1200,1.1200,1.1200,1.1200,1705,0
D,2013-10-21,1.1300,1.1300,1.1000,1.1100,3093,0
D,2013-10-18,1.1300,1.1300,1.1200,1.1200,1217,0
D,2013-10-17,1.1300,1.1300,1.1200,1.1300,1217,0
D,2013-10-16,1.1300,1.1400,1.1200,1.1300,1460,0
D,2013-10-14,1.1300,1.1300,1.1200,1.1300,331,0
D,2013-10-11,1.1300,1.1300,1.1300,1.1300,930,0
D,2013-10-10,1.1300,1.1300,1.1300,1.1300,700,0
D,2013-10-09,1.1400,1.1400,1.1200,1.1200,839,0
D,2013-10-08,1.1200,1.1200,1.1200,1.1200,340,0
D,2013-10-07,1.1200,1.1300,1.1200,1.1200,1412,0
D,2013-10-04,1.1300,1.1300,1.1200,1.1200,320,0
D,2013-10-03,1.1200,1.1300,1.1100,1.1300,2365,0
D,2013-10-02,1.1500,1.1500,1.1300,1.1300,401,0
D,2013-10-01,1.1300,1.1400,1.1300,1.1300,857,0
D,2013-09-30,1.1200,1.1300,1.1100,1.1300,190,0
D,2013-09-27,1.1400,1.1400,1.1200,1.1200,103,0
D,2013-09-26,1.1400,1.1400,1.1300,1.1300,370,0
D,2013-09-25,1.1200,1.1500,1.1200,1.1300,240,0
D,2013-09-24,1.1100,1.1300,1.1100,1.1300,540,0
D,2013-09-23,1.1100,1.1200,1.1100,1.1200,220,0
D,2013-09-20,1.1100,1.1200,1.1100,1.1100,847,0
D,2013-09-19,1.1100,1.1200,1.1000,1.1100,1340,0
D,2013-09-18,1.1100,1.1100,1.1000,1.1000,490,0
D,2013-09-17,1.1200,1.1200,1.0900,1.0900,803,0
D,2013-09-13,1.0900,1.1200,1.0800,1.1200,1004,0
D,2013-09-12,1.1000,1.1100,1.1000,1.1000,630,0
D,2013-09-11,1.1000,1.1000,1.0900,1.1000,670,0
D,2013-09-10,1.1000,1.1100,1.0900,1.0900,2680,0
D,2013-09-09,1.0600,1.0900,1.0600,1.0900,1541,0
D,2013-09-06,1.0700,1.0700,1.0600,1.0600,1000,0
D,2013-09-05,1.0500,1.0700,1.0500,1.0700,392,0
D,2013-09-04,1.0500,1.0700,1.0500,1.0700,1150,0
D,2013-09-03,1.0700,1.0700,1.0600,1.0700,1343,0
D,2013-09-02,1.0800,1.0800,1.0500,1.0800,1320,0
D,2013-08-30,1.0700,1.1200,1.0700,1.0800,3709,0
D,2013-08-29,1.0300,1.0500,1.0300,1.0500,2284,0
D,2013-08-28,0.9900,1.0200,0.9800,1.0200,2300,0
D,2013-08-27,1.0600,1.0600,1.0100,1.0200,2481,0
D,2013-08-26,1.0800,1.0900,1.0800,1.0800,586,0
D,2013-08-23,1.0800,1.1000,1.0800,1.0900,2686,0
D,2013-08-22,1.1200,1.1200,1.0800,1.0800,3365,0
D,2013-08-21,1.1300,1.1300,1.1200,1.1200,1992,0
D,2013-08-20,1.1500,1.1500,1.1100,1.1300,5276,0
D,2013-08-19,1.1600,1.1700,1.1500,1.1600,3498,0
D,2013-08-16,1.1600,1.1700,1.1600,1.1700,859,0
D,2013-08-15,1.1600,1.1800,1.1600,1.1600,1905,0
D,2013-08-14,1.1700,1.1800,1.1600,1.1600,2722,0
D,2013-08-13,1.1600,1.1700,1.1600,1.1700,1978,0
D,2013-08-12,1.1800,1.1800,1.1600,1.1600,3322,0
D,2013-08-07,1.1700,1.2000,1.1700,1.1800,625,0
D,2013-08-06,1.1700,1.1800,1.1700,1.1800,1505,0
D,2013-08-05,1.1600,1.1700,1.1600,1.1700,820,0
D,2013-08-02,1.1700,1.1800,1.1600,1.1600,1735,0
D,2013-08-01,1.1600,1.1700,1.1600,1.1700,3640,0
D,2013-07-31,1.1700,1.1700,1.1400,1.1500,2751,0
D,2013-07-30,1.1900,1.1900,1.1800,1.1800,1061,0
D,2013-07-29,1.1900,1.2000,1.1900,1.1900,3429,0
D,2013-07-26,1.2100,1.2100,1.1900,1.1900,1740,0
D,2013-07-25,1.2000,1.2100,1.2000,1.2100,4055,0
D,2013-07-24,1.2000,1.2200,1.2000,1.2100,7745,0
D,2013-07-23,1.2000,1.2100,1.2000,1.2000,4926,0
D,2013-07-22,1.2000,1.2100,1.1900,1.1900,8025,0
D,2013-07-19,1.2000,1.2000,1.1700,1.1800,4570,0
D,2013-07-18,1.1700,1.2200,1.1500,1.2000,10739,0
D,2013-07-17,1.1500,1.1800,1.1500,1.1500,2375,0
D,2013-07-16,1.1500,1.1700,1.1400,1.1600,1324,0
D,2013-07-15,1.1500,1.1600,1.1400,1.1500,969,0
D,2013-07-12,1.1600,1.1600,1.1400,1.1400,1215,0
D,2013-07-11,1.1700,1.1700,1.1400,1.1500,1960,0
D,2013-07-10,1.1700,1.1900,1.1700,1.1900,746,0
D,2013-07-09,1.1800,1.1800,1.1600,1.1700,1159,0
D,2013-07-08,1.2000,1.2100,1.1800,1.1800,4440,0
D,2013-07-05,1.1900,1.2100,1.1900,1.1900,7900,0
D,2013-07-04,1.1300,1.1900,1.1200,1.1800,10349,0
D,2013-07-03,1.1400,1.1400,1.1200,1.1200,1629,0
D,2013-07-02,1.1400,1.1400,1.1200,1.1300,728,0
D,2013-07-01,1.1600,1.1600,1.1400,1.1400,745,0
D,2013-06-28,1.1700,1.1700,1.1500,1.1500,2850,0
D,2013-06-27,1.1900,1.2100,1.1900,1.2000,5797,0
D,2013-06-26,1.1800,1.2000,1.1800,1.1800,4320,0
D,2013-06-25,1.1800,1.1900,1.1600,1.1700,5344,0
D,2013-06-24,1.2000,1.2000,1.1800,1.1800,3611,0
D,2013-06-21,1.1900,1.2100,1.1900,1.2000,4056,0
D,2013-06-20,1.2200,1.2200,1.2000,1.2100,2337,0
D,2013-06-19,1.2100,1.2300,1.2000,1.2200,11676,0
D,2013-06-18,1.2100,1.2200,1.2000,1.2000,5073,0
D,2013-06-17,1.1900,1.2100,1.1900,1.2000,3494,0
D,2013-06-14,1.2100,1.2100,1.1900,1.1900,3320,0
D,2013-06-13,1.2300,1.2300,1.1900,1.2000,7972,0
D,2013-06-12,1.2200,1.2300,1.2100,1.2300,3978,0
D,2013-06-11,1.2200,1.2300,1.2100,1.2300,3183,0
D,2013-06-10,1.2000,1.2200,1.2000,1.2200,4428,0
D,2013-06-07,1.1900,1.2300,1.1900,1.2000,6605,0
D,2013-06-06,1.1900,1.2000,1.1800,1.1900,1753,0
D,2013-06-05,1.1900,1.2000,1.1800,1.1900,5816,0
D,2013-06-04,1.2000,1.2100,1.1800,1.1900,11789,0
D,2013-06-03,1.2100,1.2200,1.2000,1.2100,3491,0
D,2013-05-31,1.2300,1.2400,1.2200,1.2200,7784,0
D,2013-05-30,1.2400,1.2400,1.2200,1.2200,3769,0
D,2013-05-29,1.2300,1.2600,1.2300,1.2400,9310,0
D,2013-05-28,1.2300,1.2400,1.2200,1.2200,18459,0
D,2013-05-27,1.2300,1.2400,1.2200,1.2200,6514,0
D,2013-05-23,1.2700,1.2700,1.2000,1.2100,19142,0
D,2013-05-22,1.2800,1.2900,1.2500,1.2700,9968,0
D,2013-05-21,1.2600,1.2800,1.2600,1.2700,15000,0
D,2013-05-20,1.2400,1.2700,1.2400,1.2500,17330,0
D,2013-05-17,1.2200,1.2400,1.2200,1.2300,8363,0
D,2013-05-16,1.2800,1.2800,1.2000,1.2100,29051,0
D,2013-05-15,1.2800,1.3000,1.2700,1.2800,6151,0
D,2013-05-14,1.3000,1.3200,1.2700,1.3000,14884,0
D,2013-05-13,1.2900,1.3100,1.2700,1.2900,27799,0
D,2013-05-10,1.2400,1.3000,1.2200,1.2600,35924,0
D,2013-05-09,1.1800,1.2400,1.1700,1.2300,18535,0
D,2013-05-08,1.2000,1.2000,1.1700,1.1800,4770,0
D,2013-05-07,1.1600,1.2200,1.1600,1.1900,9775,0
D,2013-05-06,1.1200,1.1700,1.1200,1.1500,4476,0
D,2013-05-03,1.0600,1.0900,1.0600,1.0800,3557,0
D,2013-05-02,1.1300,1.1300,1.0800,1.0800,3800,0
D,2013-04-30,1.1500,1.1500,1.1300,1.1300,1890,0
D,2013-04-29,1.1500,1.1500,1.1400,1.1400,2709,0
D,2013-04-26,1.1500,1.1700,1.1500,1.1700,1816,0
D,2013-04-25,1.1500,1.1500,1.1500,1.1500,1264,0
D,2013-04-24,1.1500,1.1500,1.1400,1.1400,980,0
D,2013-04-23,1.1600,1.1600,1.1300,1.1400,2850,0
D,2013-04-22,1.1500,1.1600,1.1500,1.1600,2875,0
D,2013-04-19,1.1700,1.1700,1.1600,1.1600,2628,0
D,2013-04-18,1.1800,1.1800,1.1700,1.1700,700,0
D,2013-04-17,1.1800,1.1900,1.1800,1.1800,2120,0
D,2013-04-16,1.1600,1.1700,1.1500,1.1700,2784,0
D,2013-04-15,1.1700,1.1800,1.1600,1.1600,1680,0
D,2013-04-12,1.1800,1.1800,1.1600,1.1600,4658,0
D,2013-04-11,1.1900,1.2000,1.1800,1.1800,3491,0
D,2013-04-10,1.1900,1.2000,1.1800,1.1800,4760,0
D,2013-04-09,1.2100,1.2100,1.1900,1.2000,4170,0
D,2013-04-08,1.2100,1.2300,1.2000,1.2100,13950,0
D,2013-04-05,1.2100,1.2200,1.1900,1.2000,4550,0
D,2013-04-04,1.1800,1.2200,1.1700,1.2000,16237,0
D,2013-04-03,1.2100,1.2100,1.1500,1.1900,16069,0
D,2013-04-02,1.2000,1.2300,1.1900,1.2000,17923,0
D,2013-04-01,1.2000,1.2200,1.1900,1.1900,7078,0
D,2013-03-29,1.2100,1.2500,1.2100,1.2200,19425,0
D,2013-03-28,1.2100,1.2100,1.1900,1.2100,5523,0
D,2013-03-27,1.2200,1.2200,1.2000,1.2100,18113,0
D,2013-03-26,1.2000,1.2200,1.1900,1.2100,10022,0
D,2013-03-25,1.1900,1.1900,1.1700,1.1700,10274,0
D,2013-03-22,1.2500,1.2500,1.1800,1.1900,14344,0
D,2013-03-21,1.1900,1.2500,1.1800,1.2300,35632,0
D,2013-03-20,1.2000,1.2100,1.1800,1.2000,9756,0
D,2013-03-19,1.1400,1.2300,1.1400,1.2000,33899,0
D,2013-03-18,1.1600,1.1700,1.1400,1.1400,14714,0
D,2013-03-15,1.1900,1.2000,1.1600,1.1600,15333,0
D,2013-03-14,1.1700,1.2200,1.1400,1.1900,43479,0
D,2013-03-13,1.2200,1.2200,1.1500,1.1600,33629,0
D,2013-03-12,1.2700,1.2700,1.2100,1.2200,50357,0
D,2013-03-11,1.1900,1.2800,1.1900,1.2600,105522,0
D,2013-03-08,1.1100,1.1900,1.0800,1.1800,95893,0
D,2013-03-07,1.1000,1.1300,1.0800,1.1100,54700,0
D,2013-03-06,1.0400,1.1400,1.0400,1.0800,137890,0
D,2013-03-05,0.9100,1.0300,0.9100,1.0200,75162,0
D,2013-03-04,0.9100,0.9150,0.9000,0.9050,8484,0
D,2013-03-01,0.9250,0.9250,0.9050,0.9100,8326,0
D,2013-02-28,0.9250,0.9350,0.9150,0.9200,24955,0
D,2013-02-27,0.8600,0.9000,0.8500,0.8950,17353,0
D,2013-02-26,0.8400,0.8600,0.8300,0.8550,8322,0
D,2013-02-25,0.8300,0.8300,0.8200,0.8250,10161,0
D,2013-02-22,0.8250,0.8300,0.8250,0.8250,6302,0
D,2013-02-21,0.8350,0.8350,0.8250,0.8300,4734,0
D,2013-02-20,0.8300,0.8350,0.8300,0.8350,2220,0
D,2013-02-19,0.8450,0.8450,0.8300,0.8350,5822,0
D,2013-02-18,0.8600,0.8600,0.8450,0.8500,2934,0
D,2013-02-15,0.8550,0.8700,0.8550,0.8600,3032,0
D,2013-02-14,0.8500,0.8650,0.8500,0.8650,1515,0
D,2013-02-13,0.8650,0.8650,0.8500,0.8600,735,0
D,2013-02-08,0.8400,0.8650,0.8400,0.8600,4601,0
D,2013-02-07,0.8350,0.8500,0.8350,0.8450,5061,0
D,2013-02-06,0.8500,0.8500,0.8350,0.8350,7391,0
D,2013-02-05,0.8550,0.8600,0.8500,0.8500,5521,0
D,2013-02-04,0.8700,0.8700,0.8550,0.8550,4946,0
D,2013-01-31,0.8600,0.8600,0.8550,0.8600,3604,0
D,2013-01-30,0.8600,0.8800,0.8550,0.8600,10666,0
D,2013-01-29,0.8750,0.8750,0.8550,0.8600,11426,0
D,2013-01-25,0.8750,0.8850,0.8700,0.8750,10222,0
D,2013-01-23,0.8900,0.9000,0.8800,0.8800,10986,0
D,2013-01-22,0.8950,0.8950,0.8750,0.8850,30613,0
D,2013-01-21,0.9500,0.9500,0.8950,0.8950,40336,0
D,2013-01-18,0.9700,0.9700,0.9450,0.9500,23880,0
D,2013-01-17,0.9750,0.9800,0.9650,0.9650,10091,0
D,2013-01-16,0.9850,0.9900,0.9650,0.9700,30463,0
D,2013-01-15,0.9650,1.0100,0.9650,0.9800,30121,0
D,2013-01-14,0.9650,0.9700,0.9650,0.9650,15502,0
D,2013-01-11,0.9750,0.9800,0.9550,0.9550,13032,0
D,2013-01-10,0.9950,0.9950,0.9750,0.9750,9483,0
D,2013-01-09,1.0000,1.0100,0.9850,0.9850,18070,0
D,2013-01-08,1.0100,1.0200,1.0000,1.0000,13754,0
D,2013-01-07,0.9600,1.0300,0.9600,1.0000,32272,0
D,2013-01-04,0.9800,0.9800,0.9550,0.9600,22290,0
D,2013-01-03,0.9950,1.0400,0.9800,0.9800,107508,0
D,2013-01-02,0.8800,0.9850,0.8750,0.9750,121101,0
D,2012-12-31,0.8900,0.8950,0.8750,0.8750,33309,0
D,2012-12-28,0.8700,0.9050,0.8550,0.8750,83790,0
D,2012-12-27,0.8600,0.8750,0.8450,0.8600,29227,0
D,2012-12-26,0.8700,0.8900,0.8450,0.8500,39392,0
D,2012-12-24,0.9000,0.9050,0.8700,0.8700,6659,0
D,2012-12-21,0.9000,0.9050,0.8950,0.9000,9986,0
D,2012-12-20,0.9100,0.9150,0.8950,0.9000,22489,0
D,2012-12-19,0.9300,0.9700,0.8800,0.9000,66022,0
D,2012-12-18,0.8800,0.9250,0.8400,0.9200,31117,0
D,2012-12-17,0.9550,0.9550,0.8800,0.8850,9152,0
D,2012-12-14,0.9500,0.9650,0.9450,0.9500,6084,0
D,2012-12-13,1.0200,1.0200,0.9450,0.9450,14831,0
D,2012-12-12,1.0500,1.0600,1.0000,1.0300,10443,0
D,2012-12-11,1.1300,1.1300,1.0500,1.0500,10274,0
D,2012-12-10,1.1700,1.1700,1.1300,1.1300,1051,0
D,2012-12-07,1.1300,1.1400,1.1300,1.1300,3054,0
D,2012-12-06,1.1400,1.1400,1.1300,1.1400,2365,0
D,2012-12-05,1.1500,1.1500,1.1200,1.1500,1355,0
D,2012-12-04,1.1500,1.1600,1.1400,1.1500,2574,0
D,2012-12-03,1.1900,1.1900,1.1600,1.1700,1547,0
D,2012-11-30,1.2100,1.2100,1.2000,1.2000,2117,0
D,2012-11-29,1.2100,1.2100,1.2000,1.2000,330,0
D,2012-11-28,1.2200,1.2200,1.2000,1.2000,401,0
D,2012-11-27,1.2100,1.2200,1.2100,1.2100,499,0
D,2012-11-26,1.2500,1.2500,1.2200,1.2200,1435,0
D,2012-11-23,1.2200,1.2200,1.2100,1.2100,905,0
D,2012-11-22,1.2200,1.2200,1.2200,1.2200,515,0
D,2012-11-21,1.2200,1.2300,1.2200,1.2200,913,0
D,2012-11-20,1.2200,1.2300,1.2100,1.2200,930,0
D,2012-11-19,1.2500,1.2800,1.2200,1.2200,583,0
D,2012-11-16,1.2500,1.2600,1.2500,1.2500,544,0
D,2012-11-14,1.2800,1.3000,1.2800,1.2800,500,0
D,2012-11-12,1.3200,1.3200,1.2700,1.3200,92,0
D,2012-11-09,1.2800,1.3000,1.2600,1.3000,2106,0
D,2012-11-08,1.3500,1.3500,1.3500,1.3500,0,0
D,2012-11-07,1.3500,1.3500,1.3500,1.3500,20,0
D,2012-11-06,1.3200,1.3200,1.3000,1.3000,1387,0
D,2012-11-05,1.3200,1.3200,1.3200,1.3200,0,0
D,2012-11-02,1.3200,1.3200,1.3200,1.3200,21,0
D,2012-11-01,1.3200,1.3200,1.3200,1.3200,50,0
D,2012-10-31,1.3100,1.3100,1.3100,1.3100,20,0
D,2012-10-30,1.3300,1.3300,1.3300,1.3300,0,0
D,2012-10-29,1.3300,1.3300,1.3300,1.3300,0,0
D,2012-10-25,1.3500,1.3500,1.3300,1.3300,60,0
D,2012-10-24,1.3200,1.3200,1.3100,1.3100,11,0
D,2012-10-23,1.3200,1.3200,1.3200,1.3200,0,0
D,2012-10-22,1.3200,1.3200,1.3200,1.3200,50,0
D,2012-10-19,1.3400,1.3400,1.3300,1.3400,430,0
D,2012-10-18,1.3400,1.3400,1.3400,1.3400,0,0
D,2012-10-17,1.3400,1.3400,1.3400,1.3400,30,0
D,2012-10-16,1.3500,1.3500,1.3300,1.3300,33,0
D,2012-10-15,1.3400,1.3400,1.3400,1.3400,0,0
D,2012-10-12,1.3400,1.3400,1.3400,1.3400,0,0
D,2012-10-11,1.3300,1.3400,1.3300,1.3400,30,0
D,2012-10-10,1.3400,1.3400,1.3400,1.3400,120,0
D,2012-10-09,1.3400,1.3400,1.3400,1.3400,1,0
D,2012-10-08,1.3500,1.3500,1.3500,1.3500,1,0
D,2012-10-05,1.3300,1.3300,1.3300,1.3300,70,0
D,2012-10-04,1.3300,1.3300,1.3300,1.3300,239,0
D,2012-10-03,1.3300,1.3300,1.3300,1.3300,130,0
D,2012-05-03,1.5000,1.5000,1.4800,1.5000,110,0
D,2012-05-02,1.5000,1.5000,1.5000,1.5000,225,0
