D,2014-10-14,1.0100,1.0100,0.9950,1.0000,1038,0
D,2014-10-13,1.0200,1.0200,1.0100,1.0100,250,0
D,2014-10-10,1.0200,1.0200,1.0100,1.0200,885,0
D,2014-10-09,1.0300,1.0300,1.0200,1.0300,361,0
D,2014-10-08,1.0200,1.0300,1.0100,1.0200,540,0
D,2014-10-07,1.0200,1.0200,1.0200,1.0200,210,0
D,2014-10-03,1.0300,1.0300,1.0300,1.0300,220,0
D,2014-10-02,1.0100,1.0100,1.0100,1.0100,200,0
D,2014-10-01,1.0400,1.0400,1.0200,1.0200,130,0
D,2014-09-30,1.0300,1.0400,1.0000,1.0400,75,0
D,2014-09-29,1.0400,1.0400,1.0300,1.0300,80,0
D,2014-09-26,1.0400,1.0400,1.0400,1.0400,100,0
D,2014-09-25,1.0400,1.0400,1.0400,1.0400,40,0
D,2014-09-24,1.0400,1.0500,1.0400,1.0400,149,0
D,2014-09-23,1.0000,1.0000,1.0000,1.0000,181,0
D,2014-09-22,1.0000,1.0000,1.0000,1.0000,300,0
D,2014-09-19,1.0100,1.0100,1.0100,1.0100,20,0
D,2014-09-18,1.0000,1.0000,1.0000,1.0000,50,0
D,2014-09-17,1.0000,1.0000,1.0000,1.0000,70,0
D,2014-09-15,1.0000,1.0000,1.0000,1.0000,140,0
D,2014-09-12,1.0000,1.0000,1.0000,1.0000,0,0
D,2014-09-11,1.0000,1.0000,1.0000,1.0000,220,0
D,2014-09-10,1.0000,1.0000,1.0000,1.0000,0,0
D,2014-09-09,1.0000,1.0000,1.0000,1.0000,100,0
D,2014-09-08,1.0000,1.0000,1.0000,1.0000,0,0
D,2014-09-05,1.0000,1.0000,1.0000,1.0000,0,0
D,2014-09-04,1.0000,1.0100,1.0000,1.0000,262,0
D,2014-09-03,1.0100,1.0100,1.0100,1.0100,80,0
D,2014-09-02,1.0100,1.0100,1.0000,1.0000,230,0
D,2014-08-29,1.0500,1.0600,1.0500,1.0500,190,0
D,2014-08-28,1.0100,1.0300,1.0100,1.0300,24,0
D,2014-08-27,1.0000,1.0000,1.0000,1.0000,10,0
D,2014-08-26,1.0100,1.0200,1.0100,1.0200,190,0
D,2014-08-25,1.0200,1.0200,1.0200,1.0200,100,0
D,2014-08-22,1.0100,1.0100,1.0100,1.0100,50,0
D,2014-08-21,1.0100,1.0200,1.0100,1.0200,20,0
D,2014-08-20,0.9950,0.9950,0.9950,0.9950,40,0
D,2014-08-19,1.0100,1.0100,1.0100,1.0100,0,0
D,2014-08-18,1.0300,1.0300,1.0100,1.0100,60,0
D,2014-08-15,1.0300,1.0400,1.0300,1.0300,160,0
D,2014-08-14,1.0300,1.0300,1.0200,1.0300,751,0
D,2014-08-13,1.0400,1.0400,1.0400,1.0400,100,0
D,2014-08-12,1.0500,1.0500,1.0300,1.0300,150,0
D,2014-08-11,1.0300,1.0300,1.0300,1.0300,100,0
D,2014-08-08,1.0400,1.0400,1.0300,1.0300,260,0
D,2014-08-07,1.0500,1.0600,1.0500,1.0500,351,0
D,2014-08-06,1.0400,1.0400,1.0400,1.0400,200,0
D,2014-08-05,1.0500,1.0600,1.0400,1.0400,530,0
D,2014-08-04,1.0500,1.0600,1.0300,1.0400,1040,0
D,2014-08-01,1.0600,1.0600,1.0600,1.0600,0,0
D,2014-07-31,1.0600,1.0600,1.0500,1.0600,280,0
D,2014-07-30,1.0500,1.0500,1.0500,1.0500,315,0
D,2014-07-25,1.0700,1.0700,1.0600,1.0600,70,0
D,2014-07-24,1.0600,1.0600,1.0500,1.0500,159,0
D,2014-07-23,1.0600,1.0600,1.0500,1.0500,70,0
D,2014-07-22,1.0500,1.0500,1.0500,1.0500,0,0
D,2014-07-21,1.0600,1.0600,1.0500,1.0500,75,0
D,2014-07-18,1.0600,1.0600,1.0600,1.0600,90,0
D,2014-07-17,1.0500,1.0600,1.0500,1.0600,130,0
D,2014-07-16,1.0500,1.0500,1.0500,1.0500,49,0
D,2014-07-14,1.0600,1.0600,1.0500,1.0500,100,0
D,2014-07-11,1.0500,1.0600,1.0500,1.0600,500,0
D,2014-07-10,1.0500,1.0500,1.0500,1.0500,300,0
D,2014-07-09,1.0600,1.0800,1.0600,1.0800,50,0
D,2014-07-08,1.0500,1.0500,1.0500,1.0500,10,0
D,2014-07-07,1.0600,1.0600,1.0600,1.0600,30,0
D,2014-07-04,1.0500,1.0500,1.0500,1.0500,0,0
D,2014-07-03,1.0600,1.0600,1.0500,1.0500,30,0
D,2014-07-02,1.0600,1.0600,1.0600,1.0600,10,0
D,2014-07-01,1.0800,1.0800,1.0400,1.0400,201,0
D,2014-06-30,1.0800,1.0800,1.0800,1.0800,89,0
D,2014-06-27,1.0700,1.0700,1.0700,1.0700,100,0
D,2014-06-26,1.0900,1.0900,1.0900,1.0900,0,0
D,2014-06-25,1.1000,1.1000,1.0900,1.0900,440,0
D,2014-06-24,1.1200,1.1200,1.1200,1.1200,30,0
D,2014-06-23,1.1000,1.1000,1.1000,1.1000,0,0
D,2014-06-20,1.1000,1.1000,1.1000,1.1000,0,0
D,2014-06-19,1.1000,1.1100,1.1000,1.1000,440,0
D,2014-06-18,1.1000,1.1000,1.1000,1.1000,20,0
D,2014-06-17,1.1200,1.1200,1.1000,1.1000,1060,0
D,2014-06-16,1.1000,1.1100,1.1000,1.1000,1430,0
D,2014-06-13,1.1100,1.1100,1.1000,1.1000,650,0
D,2014-06-12,1.1000,1.1100,1.1000,1.1100,140,0
D,2014-06-11,1.1100,1.1100,1.1100,1.1100,129,0
D,2014-06-10,1.1100,1.1100,1.1100,1.1100,200,0
D,2014-06-09,1.1100,1.1100,1.1000,1.1100,220,0
D,2014-06-06,1.1100,1.1100,1.1100,1.1100,0,0
D,2014-06-05,1.1200,1.1200,1.1100,1.1100,40,0
D,2014-06-04,1.1200,1.1200,1.1200,1.1200,100,0
D,2014-06-03,1.1000,1.1200,1.1000,1.1000,268,0
D,2014-06-02,1.1100,1.1200,1.1000,1.1000,407,0
D,2014-05-30,1.1200,1.1200,1.1100,1.1200,59,0
D,2014-05-29,1.1100,1.1200,1.1000,1.1200,79,0
D,2014-05-28,1.1200,1.1200,1.1100,1.1100,193,0
D,2014-05-27,1.1200,1.1300,1.1200,1.1200,165,0
D,2014-05-26,1.1300,1.1300,1.1300,1.1300,149,0
D,2014-05-23,1.1300,1.1400,1.1200,1.1200,370,0
D,2014-05-22,1.1400,1.1500,1.1400,1.1500,230,0
D,2014-05-21,1.1500,1.1500,1.1400,1.1400,190,0
D,2014-05-20,1.1300,1.1500,1.1300,1.1500,538,0
D,2014-05-19,1.1600,1.1800,1.1300,1.1300,580,0
D,2014-05-16,1.1600,1.1600,1.1600,1.1600,365,0
D,2014-05-15,1.1600,1.1600,1.1600,1.1600,100,0
D,2014-05-14,1.1600,1.1600,1.1600,1.1600,350,0
D,2014-05-12,1.1400,1.1500,1.1400,1.1400,160,0
D,2014-05-09,1.1600,1.1600,1.1000,1.1300,1343,0
D,2014-05-08,1.1500,1.1900,1.1400,1.1800,445,0
D,2014-05-07,1.1500,1.1500,1.1500,1.1500,80,0
D,2014-05-06,1.1500,1.1500,1.1500,1.1500,150,0
D,2014-05-05,1.1700,1.1700,1.1700,1.1700,235,0
D,2014-05-02,1.1800,1.1800,1.1800,1.1800,0,0
D,2014-04-30,1.1800,1.1800,1.1800,1.1800,0,0
D,2014-04-29,1.1900,1.1900,1.1800,1.1800,900,0
D,2014-04-28,1.2000,1.2000,1.1900,1.1900,380,0
D,2014-04-25,1.2000,1.2000,1.1900,1.2000,1001,0
D,2014-04-24,1.1900,1.1900,1.1800,1.1800,120,0
D,2014-04-23,1.2000,1.2200,1.2000,1.2100,1161,0
D,2014-04-22,1.2100,1.2300,1.1900,1.2200,1176,0
D,2014-04-21,1.2000,1.2500,1.1900,1.2100,2620,0
D,2014-04-18,1.1700,1.1700,1.1700,1.1700,200,0
D,2014-04-17,1.1600,1.1600,1.1600,1.1600,216,0
D,2014-04-16,1.2200,1.2200,1.1700,1.1700,295,0
D,2014-04-15,1.2300,1.2300,1.2300,1.2300,10,0
D,2014-04-14,1.1600,1.1600,1.1400,1.1400,210,0
D,2014-04-11,1.1800,1.1800,1.1500,1.1600,200,0
D,2014-04-10,1.1900,1.1900,1.1900,1.1900,25,0
D,2014-04-09,1.1500,1.1900,1.1500,1.1900,481,0
D,2014-04-08,1.1500,1.1500,1.1400,1.1500,769,0
D,2014-04-07,1.1900,1.2000,1.1800,1.1800,850,0
D,2014-04-04,1.2200,1.2200,1.1800,1.1900,515,0
D,2014-04-03,1.2300,1.2300,1.2200,1.2200,760,0
D,2014-04-02,1.2300,1.2700,1.2200,1.2200,2063,0
D,2014-04-01,1.1800,1.2700,1.1800,1.2300,11536,0
D,2014-03-31,1.1600,1.1700,1.1600,1.1700,1596,0
D,2014-03-28,1.1100,1.1100,1.1100,1.1100,40,0
D,2014-03-27,1.1000,1.1000,1.1000,1.1000,140,0
D,2014-03-26,1.0900,1.1000,1.0900,1.0900,353,0
D,2014-03-25,1.1000,1.1000,1.1000,1.1000,137,0
D,2014-03-24,1.1000,1.1000,1.1000,1.1000,40,0
D,2014-03-21,1.1000,1.1000,1.1000,1.1000,200,0
D,2014-03-20,1.1000,1.1000,1.1000,1.1000,290,0
D,2014-03-19,1.1000,1.1000,1.1000,1.1000,331,0
D,2014-03-18,1.1000,1.1000,1.1000,1.1000,281,0
D,2014-03-17,1.1000,1.1000,1.1000,1.1000,301,0
D,2014-03-14,1.1000,1.1000,1.1000,1.1000,50,0
D,2014-03-13,1.1200,1.1200,1.1200,1.1200,0,0
D,2014-03-12,1.1200,1.1200,1.1200,1.1200,490,0
D,2014-03-11,1.1100,1.1200,1.1100,1.1200,140,0
D,2014-03-10,1.1100,1.1100,1.1100,1.1100,20,0
D,2014-03-07,1.1300,1.1300,1.1300,1.1300,35,0
D,2014-03-06,1.1200,1.1300,1.1200,1.1300,240,0
D,2014-03-05,1.1100,1.1200,1.1100,1.1200,110,0
D,2014-03-04,1.1100,1.1100,1.1100,1.1100,0,0
D,2014-03-03,1.1300,1.1300,1.1100,1.1100,630,0
D,2014-02-28,1.1200,1.1200,1.1200,1.1200,495,0
D,2014-02-27,1.1200,1.1200,1.1200,1.1200,100,0
D,2014-02-26,1.1200,1.1200,1.1200,1.1200,75,0
D,2014-02-25,1.1400,1.1500,1.1200,1.1200,660,0
D,2014-02-24,1.1500,1.1500,1.1500,1.1500,10,0
D,2014-02-21,1.1100,1.1200,1.1000,1.1000,480,0
D,2014-02-20,1.1200,1.1300,1.1100,1.1100,130,0
D,2014-02-19,1.1300,1.1300,1.1300,1.1300,0,0
D,2014-02-18,1.1400,1.1400,1.1300,1.1300,177,0
D,2014-02-17,1.1500,1.1600,1.1400,1.1400,698,0
D,2014-02-14,1.1400,1.1500,1.1400,1.1500,395,0
D,2014-02-13,1.1500,1.1600,1.1400,1.1400,615,0
D,2014-02-12,1.1600,1.1600,1.1500,1.1500,977,0
D,2014-02-11,1.1400,1.1600,1.1400,1.1600,2350,0
D,2014-02-10,1.1400,1.1400,1.1300,1.1300,370,0
D,2014-02-07,1.1100,1.1400,1.1000,1.1400,310,0
D,2014-02-06,1.1400,1.1500,1.1400,1.1400,130,0
D,2014-02-05,1.1400,1.1400,1.1300,1.1300,149,0
D,2014-02-04,1.1300,1.1300,1.1200,1.1200,70,0
D,2014-01-30,1.1500,1.1500,1.1500,1.1500,30,0
D,2014-01-29,1.1400,1.1500,1.1400,1.1500,300,0
D,2014-01-28,1.1300,1.1300,1.1200,1.1200,196,0
D,2014-01-27,1.1400,1.1400,1.1400,1.1400,375,0
D,2014-01-24,1.1400,1.1500,1.1000,1.1200,524,0
D,2014-01-23,1.0800,1.0800,1.0800,1.0800,55,0
D,2014-01-22,1.0700,1.0700,1.0700,1.0700,20,0
D,2014-01-21,1.1000,1.1600,1.0800,1.1600,1870,0
D,2014-01-20,1.1200,1.1200,1.1200,1.1200,0,0
D,2014-01-16,1.1200,1.1300,1.1200,1.1200,220,0
D,2014-01-15,1.1400,1.1500,1.1300,1.1400,1374,0
D,2014-01-13,1.1400,1.1500,1.1400,1.1400,455,0
D,2014-01-10,1.1400,1.1400,1.1400,1.1400,179,0
D,2014-01-09,1.1400,1.1400,1.1400,1.1400,430,0
D,2014-01-08,1.1100,1.1500,1.1100,1.1500,341,0
D,2014-01-07,1.1300,1.1300,1.1100,1.1200,959,0
D,2014-01-06,1.1200,1.1300,1.1100,1.1300,410,0
D,2014-01-03,1.1200,1.1200,1.1100,1.1200,370,0
D,2014-01-02,1.1100,1.1100,1.1100,1.1100,57,0
D,2013-12-31,1.1100,1.1100,1.1000,1.1100,351,0
D,2013-12-30,1.1100,1.1100,1.1000,1.1100,156,0
D,2013-12-27,1.1000,1.1200,1.1000,1.1200,520,0
D,2013-12-26,1.1200,1.1200,1.1000,1.1000,560,0
D,2013-12-24,1.1000,1.1500,1.0900,1.1300,1171,0
D,2013-12-23,1.1000,1.1000,1.0800,1.0800,1100,0
D,2013-12-20,1.1500,1.1500,1.1100,1.1100,914,0
D,2013-12-19,1.1700,1.1700,1.1500,1.1500,1437,0
D,2013-12-18,1.2000,1.2000,1.1300,1.1500,2573,0
D,2013-12-17,1.0200,1.2300,1.0200,1.1900,8767,0
D,2013-12-16,1.0200,1.0200,1.0200,1.0200,20,0
D,2013-12-13,1.0300,1.0300,1.0300,1.0300,110,0
D,2013-12-12,1.0300,1.0300,1.0300,1.0300,100,0
D,2013-12-11,1.0300,1.0300,1.0300,1.0300,20,0
D,2013-12-10,1.0300,1.0300,1.0300,1.0300,300,0
D,2013-12-09,1.0400,1.0400,1.0300,1.0300,120,0
D,2013-12-06,1.0500,1.0500,1.0300,1.0400,180,0
D,2013-12-05,1.0300,1.0300,1.0300,1.0300,50,0
D,2013-12-04,1.0500,1.0500,1.0500,1.0500,0,0
D,2013-12-03,1.0500,1.0500,1.0500,1.0500,100,0
D,2013-12-02,1.0300,1.0300,1.0300,1.0300,1195,0
D,2013-11-29,1.0500,1.0500,1.0500,1.0500,0,0
D,2013-11-28,1.0500,1.0500,1.0500,1.0500,772,0
D,2013-11-27,1.0500,1.0500,1.0500,1.0500,0,0
D,2013-11-26,1.0500,1.0500,1.0500,1.0500,20,0
D,2013-11-25,1.0600,1.0600,1.0500,1.0500,352,0
D,2013-11-22,1.0600,1.0600,1.0600,1.0600,300,0
D,2013-11-21,1.0800,1.0800,1.0600,1.0600,360,0
D,2013-11-20,1.0800,1.0900,1.0800,1.0800,383,0
D,2013-11-19,1.0900,1.0900,1.0800,1.0800,165,0
D,2013-11-18,1.0900,1.0900,1.0800,1.0800,220,0
D,2013-11-15,1.0900,1.0900,1.0800,1.0800,221,0
D,2013-11-14,1.0800,1.0800,1.0800,1.0800,171,0
D,2013-11-13,1.0900,1.1000,1.0800,1.1000,1029,0
D,2013-11-12,1.0900,1.0900,1.0800,1.0800,652,0
D,2013-11-11,1.0800,1.0900,1.0700,1.0900,1728,0
D,2013-11-08,1.0800,1.0800,1.0800,1.0800,578,0
D,2013-11-07,1.0800,1.0900,1.0800,1.0800,300,0
D,2013-11-06,1.0800,1.0800,1.0700,1.0800,510,0
D,2013-11-04,1.0700,1.0900,1.0700,1.0900,250,0
D,2013-11-01,1.0600,1.1000,1.0600,1.0900,405,0
D,2013-10-31,1.0800,1.0900,1.0700,1.0900,250,0
D,2013-10-30,1.0500,1.1000,1.0500,1.0900,950,0
D,2013-10-29,1.0500,1.0500,1.0400,1.0400,1030,0
D,2013-10-28,1.0500,1.0500,1.0400,1.0500,860,0
D,2013-10-25,1.0400,1.0500,1.0400,1.0400,300,0
D,2013-10-24,1.0400,1.0400,1.0400,1.0400,575,0
D,2013-10-23,1.0400,1.0600,1.0400,1.0400,690,0
D,2013-10-22,1.0400,1.0600,1.0400,1.0400,938,0
D,2013-10-21,1.0300,1.0400,1.0300,1.0400,1416,0
D,2013-10-18,1.0200,1.0200,1.0200,1.0200,875,0
D,2013-10-17,1.0300,1.0300,1.0200,1.0200,350,0
D,2013-10-16,1.0300,1.0300,1.0200,1.0200,530,0
D,2013-10-14,1.0300,1.0300,1.0300,1.0300,200,0
D,2013-10-11,1.0300,1.0400,1.0300,1.0300,1100,0
D,2013-10-10,1.0300,1.0300,1.0300,1.0300,100,0
D,2013-10-09,1.0300,1.0300,1.0300,1.0300,100,0
D,2013-10-08,1.0300,1.0300,1.0300,1.0300,290,0
D,2013-10-07,1.0300,1.0300,1.0300,1.0300,274,0
D,2013-10-04,1.0300,1.0300,1.0300,1.0300,1510,0
D,2013-10-03,1.0300,1.0300,1.0300,1.0300,1180,0
D,2013-10-02,1.0100,1.0100,1.0100,1.0100,22,0
D,2013-10-01,1.0900,1.0900,1.0200,1.0200,395,0
D,2013-09-30,1.0300,1.0300,1.0200,1.0200,185,0
D,2013-09-27,1.0200,1.0200,1.0100,1.0200,225,0
D,2013-09-26,1.0100,1.0100,1.0100,1.0100,610,0
D,2013-09-25,1.0200,1.0200,1.0100,1.0200,190,0
D,2013-09-24,1.0100,1.0100,1.0100,1.0100,150,0
D,2013-09-23,1.0200,1.0300,1.0100,1.0300,199,0
D,2013-09-20,1.0300,1.0300,1.0100,1.0300,429,0
D,2013-09-19,1.0400,1.0400,1.0400,1.0400,150,0
D,2013-09-18,1.0300,1.0300,1.0300,1.0300,700,0
D,2013-09-17,1.0300,1.0300,1.0300,1.0300,300,0
D,2013-09-13,1.0600,1.0600,1.0600,1.0600,10,0
D,2013-09-12,1.0200,1.0400,1.0200,1.0200,127,0
D,2013-09-11,1.0400,1.0400,1.0400,1.0400,0,0
D,2013-09-10,1.0400,1.0400,1.0400,1.0400,60,0
D,2013-09-09,1.0400,1.0400,1.0400,1.0400,0,0
D,2013-09-06,1.0100,1.0400,1.0000,1.0400,450,0
D,2013-09-05,1.0100,1.0100,1.0100,1.0100,80,0
D,2013-09-04,1.0100,1.0300,1.0100,1.0100,181,0
D,2013-09-03,1.0200,1.0200,1.0200,1.0200,0,0
D,2013-09-02,1.0300,1.0300,1.0200,1.0200,170,0
D,2013-08-30,1.0300,1.0400,1.0300,1.0400,262,0
D,2013-08-29,1.0200,1.0600,1.0200,1.0600,160,0
D,2013-08-28,1.0100,1.0200,1.0100,1.0200,465,0
D,2013-08-27,1.0600,1.0800,1.0300,1.0800,1309,0
D,2013-08-26,1.0600,1.0600,1.0600,1.0600,150,0
D,2013-08-23,1.1000,1.1000,1.0800,1.0900,250,0
D,2013-08-22,1.0500,1.1000,1.0500,1.1000,1214,0
D,2013-08-21,1.0800,1.0900,1.0600,1.0600,494,0
D,2013-08-20,1.1300,1.1300,1.1000,1.1000,160,0
D,2013-08-19,1.1500,1.1600,1.1200,1.1300,1868,0
D,2013-08-16,1.0800,1.0900,1.0800,1.0900,572,0
D,2013-08-15,1.0800,1.0800,1.0800,1.0800,140,0
D,2013-08-14,1.0800,1.0900,1.0800,1.0800,360,0
D,2013-08-13,1.0900,1.1000,1.0800,1.0900,170,0
D,2013-08-12,1.0600,1.1100,1.0600,1.0800,923,0
D,2013-08-07,1.0300,1.0500,1.0300,1.0400,70,0
D,2013-08-06,1.0800,1.0800,1.0800,1.0800,160,0
D,2013-08-05,1.0500,1.0700,1.0500,1.0700,425,0
D,2013-08-02,1.0400,1.0500,1.0400,1.0500,202,0
D,2013-08-01,1.0400,1.0400,1.0400,1.0400,225,0
D,2013-07-31,1.0500,1.0500,1.0400,1.0400,456,0
D,2013-07-30,1.0500,1.0500,1.0500,1.0500,66,0
D,2013-07-29,1.0500,1.0500,1.0500,1.0500,200,0
D,2013-07-26,1.0600,1.0600,1.0500,1.0500,400,0
D,2013-07-25,1.0600,1.0600,1.0600,1.0600,191,0
D,2013-07-24,1.0700,1.0800,1.0700,1.0700,363,0
D,2013-07-23,1.0600,1.0600,1.0600,1.0600,180,0
D,2013-07-22,1.0500,1.0500,1.0500,1.0500,0,0
D,2013-07-19,1.0600,1.0600,1.0500,1.0500,460,0
D,2013-07-18,1.0600,1.1000,1.0500,1.0600,695,0
D,2013-07-17,1.0600,1.0700,1.0500,1.0600,510,0
D,2013-07-16,1.0700,1.0700,1.0700,1.0700,10,0
D,2013-07-15,1.0700,1.0700,1.0700,1.0700,60,0
D,2013-07-12,1.0500,1.0500,1.0500,1.0500,0,0
D,2013-07-11,1.0600,1.0600,1.0500,1.0500,140,0
D,2013-07-10,1.0500,1.0500,1.0500,1.0500,130,0
D,2013-07-09,1.0700,1.0700,1.0500,1.0500,257,0
D,2013-07-08,1.0500,1.0600,1.0500,1.0500,140,0
D,2013-07-05,1.0500,1.0600,1.0500,1.0500,443,0
D,2013-07-04,1.0500,1.0700,1.0200,1.0500,820,0
D,2013-07-03,1.0000,1.0000,1.0000,1.0000,220,0
D,2013-07-02,1.0000,1.0000,1.0000,1.0000,210,0
D,2013-07-01,1.0200,1.0200,0.9800,0.9800,750,0
D,2013-06-28,1.0200,1.0200,1.0000,1.0000,170,0
D,2013-06-27,1.0400,1.0400,1.0200,1.0200,130,0
D,2013-06-26,1.0400,1.0400,1.0400,1.0400,0,0
D,2013-06-25,1.0000,1.0400,0.9900,1.0400,718,0
D,2013-06-24,1.0400,1.0400,1.0000,1.0000,1618,0
D,2013-06-21,1.0500,1.0500,1.0400,1.0400,901,0
D,2013-06-20,1.0500,1.0700,1.0500,1.0500,296,0
D,2013-06-19,1.0600,1.0600,1.0600,1.0600,30,0
D,2013-06-18,1.1000,1.1000,1.1000,1.1000,0,0
D,2013-06-17,1.1000,1.1000,1.1000,1.1000,50,0
D,2013-06-14,1.1400,1.1400,1.1400,1.1400,1,0
D,2013-06-13,1.0700,1.0700,1.0500,1.0500,700,0
D,2013-06-12,1.0600,1.0600,1.0600,1.0600,5,0
D,2013-06-11,1.1000,1.1000,1.0700,1.0700,670,0
D,2013-06-10,1.1000,1.1000,1.0800,1.0800,465,0
D,2013-06-07,1.0800,1.1200,1.0800,1.0800,225,0
D,2013-06-06,1.1000,1.1000,1.0800,1.0800,551,0
D,2013-06-05,1.1100,1.1100,1.0800,1.0800,339,0
D,2013-06-04,1.0900,1.1100,1.0900,1.1100,60,0
D,2013-06-03,1.1000,1.1200,1.0900,1.1200,611,0
D,2013-05-31,1.0900,1.1300,1.0900,1.1300,160,0
D,2013-05-30,1.1200,1.1200,1.1000,1.1200,1562,0
D,2013-05-29,1.1500,1.1500,1.1200,1.1200,2795,0
D,2013-05-28,1.1300,1.1500,1.1300,1.1500,3025,0
D,2013-05-27,1.1200,1.1700,1.1200,1.1600,142,0
D,2013-05-23,1.1500,1.1600,1.1100,1.1400,2413,0
D,2013-05-22,1.1800,1.1800,1.1600,1.1600,454,0
D,2013-05-21,1.1800,1.2000,1.1400,1.1500,2153,0
D,2013-05-20,1.1600,1.1900,1.1600,1.1900,1682,0
D,2013-05-17,1.1600,1.1700,1.1600,1.1600,550,0
D,2013-05-16,1.1600,1.1600,1.1500,1.1500,517,0
D,2013-05-15,1.2000,1.2100,1.1800,1.1800,2864,0
D,2013-05-14,1.1800,1.2100,1.1700,1.2000,4614,0
D,2013-05-13,1.1500,1.1900,1.1500,1.1800,1754,0
D,2013-05-10,1.1300,1.1600,1.1200,1.1500,1953,0
D,2013-05-09,1.1100,1.1300,1.1100,1.1300,1261,0
D,2013-05-08,1.1300,1.1300,1.1000,1.1200,2318,0
D,2013-05-07,1.1000,1.1500,1.1000,1.1300,1092,0
D,2013-05-06,1.0600,1.1300,1.0600,1.1300,2929,0
D,2013-05-03,1.0000,1.0500,1.0000,1.0500,917,0
D,2013-05-02,1.0500,1.0500,1.0300,1.0400,941,0
D,2013-04-30,1.0600,1.0600,1.0500,1.0600,2572,0
D,2013-04-29,1.0200,1.0500,1.0200,1.0500,1165,0
D,2013-04-26,1.0500,1.0500,1.0300,1.0500,301,0
D,2013-04-25,1.0400,1.0500,1.0300,1.0500,1360,0
D,2013-04-24,1.0400,1.0500,1.0400,1.0500,853,0
D,2013-04-23,1.0500,1.0500,1.0400,1.0400,380,0
D,2013-04-22,1.0500,1.0600,1.0500,1.0500,2566,0
D,2013-04-19,1.0700,1.0700,1.0600,1.0600,1175,0
D,2013-04-18,1.0800,1.1000,1.0600,1.0600,1441,0
D,2013-04-17,1.0600,1.0800,1.0500,1.0500,1739,0
D,2013-04-16,1.0800,1.0800,1.0400,1.0400,2153,0
D,2013-04-15,1.0900,1.0900,1.0700,1.0900,1464,0
D,2013-04-12,1.1000,1.1100,1.0800,1.1000,1710,0
D,2013-04-11,1.1100,1.1200,1.0900,1.1000,1430,0
D,2013-04-10,1.1200,1.1300,1.1000,1.1200,2736,0
D,2013-04-09,1.1800,1.1800,1.1000,1.1300,3044,0
D,2013-04-08,1.2000,1.2000,1.1700,1.1800,849,0
D,2013-04-05,1.1600,1.2000,1.1500,1.2000,7577,0
D,2013-04-04,1.1400,1.2000,1.1300,1.1500,9899,0
D,2013-04-03,1.1000,1.1500,1.1000,1.1000,1443,0
D,2013-04-02,1.0600,1.1000,1.0600,1.1000,2021,0
D,2013-04-01,1.0400,1.0700,1.0200,1.0700,2877,0
D,2013-03-29,1.0500,1.0500,1.0400,1.0400,660,0
D,2013-03-28,1.0400,1.0600,1.0400,1.0400,743,0
D,2013-03-27,1.0300,1.0400,1.0300,1.0400,900,0
D,2013-03-26,1.0400,1.0400,1.0300,1.0300,530,0
D,2013-03-25,1.0400,1.0500,1.0400,1.0400,280,0
D,2013-03-22,1.0300,1.0300,1.0300,1.0300,420,0
D,2013-03-21,1.0300,1.0400,1.0300,1.0300,210,0
D,2013-03-20,1.0500,1.0500,1.0300,1.0300,720,0
D,2013-03-19,1.0400,1.0600,1.0400,1.0500,909,0
D,2013-03-18,1.0600,1.0600,1.0200,1.0200,959,0
D,2013-03-15,1.0600,1.0700,1.0500,1.0500,888,0
D,2013-03-14,1.0500,1.0800,1.0500,1.0800,212,0
D,2013-03-13,1.0900,1.1000,1.0700,1.0700,1810,0
D,2013-03-12,1.1200,1.1300,1.1000,1.1000,3010,0
D,2013-03-11,1.0600,1.1200,1.0600,1.1000,5318,0
D,2013-03-08,1.0100,1.0500,1.0100,1.0300,1786,0
D,2013-03-07,1.0000,1.0100,1.0000,1.0100,443,0
D,2013-03-06,0.9850,0.9850,0.9850,0.9850,70,0
D,2013-03-05,0.9800,1.0000,0.9800,0.9850,451,0
D,2013-03-04,0.9800,0.9800,0.9800,0.9800,600,0
D,2013-03-01,0.9700,0.9850,0.9700,0.9800,860,0
D,2013-02-28,0.9850,0.9850,0.9300,0.9300,1047,0
D,2013-02-27,0.9850,0.9850,0.9800,0.9800,310,0
D,2013-02-26,0.9800,0.9900,0.9800,0.9800,408,0
D,2013-02-25,0.9800,0.9800,0.9800,0.9800,280,0
D,2013-02-22,0.9800,0.9800,0.9800,0.9800,144,0
D,2013-02-21,0.9800,0.9850,0.9800,0.9850,444,0
D,2013-02-20,0.9800,0.9800,0.9750,0.9800,2776,0
D,2013-02-19,0.9800,0.9800,0.9800,0.9800,310,0
D,2013-02-18,0.9800,0.9800,0.9800,0.9800,580,0
D,2013-02-15,0.9800,1.0000,0.9800,1.0000,434,0
D,2013-02-14,0.9800,0.9800,0.9800,0.9800,60,0
D,2013-02-13,0.9800,0.9800,0.9800,0.9800,210,0
D,2013-02-08,0.9850,0.9850,0.9800,0.9800,1010,0
D,2013-02-07,0.9800,0.9850,0.9800,0.9850,1684,0
D,2013-02-06,0.9850,0.9850,0.9800,0.9800,1420,0
D,2013-02-05,0.9800,0.9850,0.9800,0.9800,580,0
D,2013-02-04,0.9900,0.9900,0.9750,0.9800,2117,0
D,2013-01-31,1.0100,1.0200,0.9800,0.9900,1542,0
D,2013-01-30,1.0400,1.0400,0.9900,1.0200,1933,0
D,2013-01-29,1.0500,1.0700,1.0100,1.0100,1567,0
D,2013-01-25,0.9950,1.0100,0.9950,1.0000,440,0
D,2013-01-23,1.0000,1.0500,0.9900,0.9900,540,0
D,2013-01-22,0.9950,1.0200,0.9900,0.9950,1647,0
D,2013-01-21,1.0700,1.0700,0.9900,0.9950,3338,0
D,2013-01-18,1.0600,1.0700,1.0600,1.0600,390,0
D,2013-01-17,1.0800,1.0800,1.0400,1.0700,900,0
D,2013-01-16,1.0800,1.0900,1.0500,1.0600,1336,0
D,2013-01-15,1.0000,1.0900,1.0000,1.0600,3336,0
D,2013-01-14,1.0200,1.0200,0.9900,0.9900,940,0
D,2013-01-11,1.0000,1.0300,1.0000,1.0200,1336,0
D,2013-01-10,0.9900,1.0000,0.9850,1.0000,2078,0
D,2013-01-09,0.9450,1.0200,0.9450,0.9950,3871,0
D,2013-01-08,0.9900,0.9900,0.9100,0.9450,662,0
D,2013-01-07,0.8500,0.9800,0.8500,0.9550,2271,0
D,2013-01-04,0.7950,0.8500,0.7950,0.8400,1703,0
D,2013-01-03,0.7800,0.7900,0.7800,0.7900,212,0
D,2013-01-02,0.7750,0.7750,0.7650,0.7650,480,0
D,2012-12-31,0.7750,0.7750,0.7700,0.7700,400,0
D,2012-12-28,0.7750,0.7750,0.7750,0.7750,126,0
D,2012-12-27,0.7700,0.7750,0.7700,0.7750,120,0
D,2012-12-26,0.7700,0.7700,0.7700,0.7700,0,0
D,2012-12-24,0.7700,0.7700,0.7700,0.7700,293,0
D,2012-12-21,0.7700,0.7800,0.7700,0.7700,192,0
D,2012-12-20,0.8050,0.8050,0.8000,0.8000,259,0
D,2012-12-19,0.8050,0.8050,0.8050,0.8050,0,0
D,2012-12-18,0.7700,0.8050,0.7700,0.8050,438,0
D,2012-12-17,0.8100,0.8100,0.7200,0.7700,1140,0
D,2012-12-14,0.8000,0.8000,0.7900,0.7900,70,0
D,2012-12-13,0.7800,0.7850,0.7800,0.7800,210,0
D,2012-12-12,0.7450,0.8100,0.7450,0.7700,932,0
D,2012-12-11,0.7900,0.7900,0.7350,0.7350,80,0
D,2012-12-10,0.7500,0.7650,0.7500,0.7500,832,0
D,2012-12-07,0.7600,0.7600,0.7550,0.7600,190,0
D,2012-12-06,0.7600,0.7650,0.7550,0.7650,351,0
D,2012-12-05,0.7500,0.7650,0.7500,0.7600,988,0
D,2012-12-04,0.7700,0.7700,0.7500,0.7500,186,0
D,2012-12-03,0.7950,0.7950,0.7700,0.7700,169,0
D,2012-11-30,0.7900,0.7950,0.7900,0.7950,110,0
D,2012-11-29,0.7800,0.8000,0.7800,0.7950,600,0
D,2012-11-28,0.7650,0.7700,0.7600,0.7600,504,0
D,2012-11-27,0.8000,0.8100,0.7900,0.7900,4456,0
D,2012-11-26,0.8200,0.8200,0.8100,0.8150,260,0
D,2012-11-23,0.8050,0.8100,0.8050,0.8100,430,0
D,2012-11-22,0.8150,0.8250,0.8050,0.8050,754,0
D,2012-11-21,0.8250,0.8250,0.8050,0.8150,672,0
D,2012-11-20,0.8200,0.8300,0.8100,0.8100,1880,0
D,2012-11-19,0.8750,0.8800,0.8100,0.8200,6288,0
D,2012-11-16,0.8950,0.9000,0.8950,0.8950,560,0
D,2012-11-14,0.9000,0.9000,0.8900,0.8900,1189,0
D,2012-11-12,0.9200,0.9200,0.9000,0.9000,1461,0
D,2012-11-09,0.9550,0.9550,0.9100,0.9200,5421,0
D,2012-11-08,0.9450,0.9700,0.9400,0.9700,1844,0
D,2012-11-07,0.9700,0.9750,0.9400,0.9500,2135,0
D,2012-11-06,0.9800,0.9800,0.9600,0.9600,2017,0
D,2012-11-05,0.9750,0.9800,0.9750,0.9800,520,0
D,2012-11-02,0.9800,0.9800,0.9750,0.9750,950,0
D,2012-11-01,0.9850,0.9850,0.9800,0.9800,479,0
D,2012-10-31,0.9750,0.9800,0.9750,0.9800,460,0
D,2012-10-30,0.9700,0.9850,0.9700,0.9800,570,0
D,2012-10-29,0.9700,0.9700,0.9650,0.9700,1866,0
D,2012-10-25,0.9800,0.9800,0.9700,0.9700,1132,0
D,2012-10-24,0.9800,0.9900,0.9800,0.9800,715,0
D,2012-10-23,0.9850,0.9850,0.9800,0.9800,110,0
D,2012-10-22,0.9800,0.9850,0.9800,0.9850,370,0
D,2012-10-19,0.9850,0.9850,0.9850,0.9850,200,0
D,2012-10-18,0.9900,0.9900,0.9800,0.9850,352,0
D,2012-10-17,0.9950,0.9950,0.9850,0.9850,505,0
D,2012-10-16,0.9800,0.9850,0.9800,0.9850,200,0
D,2012-10-15,0.9900,0.9900,0.9900,0.9900,470,0
D,2012-10-12,0.9800,0.9800,0.9800,0.9800,256,0
D,2012-10-11,0.9950,1.0000,0.9900,0.9900,1050,0
D,2012-10-10,0.9850,0.9950,0.9750,0.9900,708,0
D,2012-10-09,0.9800,1.0000,0.9800,0.9950,732,0
D,2012-10-08,0.9800,0.9900,0.9800,0.9900,200,0
D,2012-10-05,0.9800,0.9900,0.9800,0.9800,320,0
D,2012-10-04,0.9800,0.9800,0.9750,0.9800,930,0
D,2012-10-03,0.9800,0.9800,0.9750,0.9750,385,0
D,2012-05-03,1.3100,1.3700,1.3100,1.3500,1962,0
D,2012-05-02,1.2600,1.3000,1.2600,1.3000,1657,0
