D,2013-11-27,0.0050,0.0050,0.0050,0.0050,0,0
D,2013-11-26,0.0050,0.0050,0.0050,0.0050,0,0
D,2013-11-25,0.0050,0.0050,0.0050,0.0050,0,0
D,2013-11-22,0.0050,0.0050,0.0050,0.0050,0,0
D,2013-11-21,0.0050,0.0050,0.0050,0.0050,1000,0
D,2013-11-20,0.0050,0.0050,0.0050,0.0050,800,0
D,2013-11-19,0.0100,0.0100,0.0100,0.0100,0,0
D,2013-11-18,0.0100,0.0100,0.0100,0.0100,800,0
D,2013-11-15,0.0100,0.0100,0.0100,0.0100,1000,0
D,2013-11-14,0.0200,0.0200,0.0150,0.0150,2715,0
D,2013-11-13,0.0100,0.0100,0.0100,0.0100,135,0
D,2013-11-12,0.0200,0.0200,0.0200,0.0200,300,0
D,2013-11-11,0.0250,0.0250,0.0200,0.0200,2230,0
D,2013-11-08,0.0250,0.0250,0.0250,0.0250,2000,0
D,2013-11-07,0.0250,0.0250,0.0250,0.0250,2210,0
D,2013-11-06,0.0250,0.0250,0.0250,0.0250,4200,0
D,2013-11-04,0.0300,0.0300,0.0250,0.0250,1371,0
D,2013-11-01,0.0300,0.0350,0.0300,0.0300,380,0
D,2013-10-31,0.0300,0.0350,0.0300,0.0350,800,0
D,2013-10-30,0.0400,0.0400,0.0400,0.0400,0,0
D,2013-10-29,0.0400,0.0400,0.0400,0.0400,0,0
D,2013-10-28,0.0400,0.0400,0.0400,0.0400,933,0
D,2013-10-25,0.0400,0.0400,0.0400,0.0400,500,0
D,2013-10-24,0.0400,0.0400,0.0400,0.0400,800,0
D,2013-10-23,0.0400,0.0400,0.0400,0.0400,650,0
D,2013-10-22,0.0450,0.0450,0.0450,0.0450,0,0
D,2013-10-21,0.0450,0.0450,0.0450,0.0450,100,0
D,2013-10-18,0.0450,0.0450,0.0450,0.0450,0,0
D,2013-10-17,0.0400,0.0500,0.0400,0.0450,600,0
D,2013-10-16,0.0400,0.0400,0.0400,0.0400,263,0
D,2013-10-14,0.0400,0.0400,0.0400,0.0400,0,0
D,2013-10-11,0.0450,0.0450,0.0400,0.0400,2650,0
D,2013-10-10,0.0350,0.0450,0.0350,0.0400,3261,0
D,2013-10-09,0.0350,0.0350,0.0300,0.0300,1110,0
D,2013-10-08,0.0350,0.0350,0.0350,0.0350,700,0
D,2013-10-07,0.0400,0.0450,0.0350,0.0450,1370,0
D,2013-10-04,0.0350,0.0450,0.0350,0.0450,1140,0
D,2013-10-03,0.0450,0.0450,0.0450,0.0450,2630,0
D,2013-10-02,0.0450,0.0500,0.0450,0.0450,3100,0
D,2013-10-01,0.0450,0.0500,0.0450,0.0450,5600,0
D,2013-09-30,0.0500,0.0550,0.0500,0.0500,1800,0
D,2013-09-27,0.0600,0.0600,0.0600,0.0600,1500,0
D,2013-09-26,0.0600,0.0600,0.0600,0.0600,500,0
D,2013-09-25,0.0700,0.0700,0.0600,0.0650,3250,0
D,2013-09-24,0.0750,0.0750,0.0700,0.0700,1700,0
D,2013-09-23,0.0800,0.0800,0.0800,0.0800,1300,0
D,2013-09-20,0.0650,0.0850,0.0650,0.0850,3775,0
D,2013-09-19,0.0550,0.0600,0.0550,0.0600,3920,0
D,2013-09-18,0.0500,0.0500,0.0500,0.0500,0,0
D,2013-09-17,0.0500,0.0550,0.0500,0.0500,3709,0
D,2013-09-13,0.0500,0.0500,0.0500,0.0500,0,0
D,2013-09-12,0.0450,0.0500,0.0450,0.0500,700,0
D,2013-09-11,0.0500,0.0500,0.0500,0.0500,1650,0
D,2013-09-10,0.0500,0.0500,0.0500,0.0500,3820,0
D,2013-09-09,0.0400,0.0450,0.0400,0.0450,4161,0
D,2013-09-06,0.0400,0.0400,0.0400,0.0400,0,0
D,2013-09-05,0.0400,0.0400,0.0400,0.0400,750,0
D,2013-09-04,0.0400,0.0400,0.0300,0.0400,3221,0
D,2013-09-03,0.0400,0.0400,0.0350,0.0400,3060,0
D,2013-09-02,0.0350,0.0350,0.0350,0.0350,1400,0
D,2013-08-30,0.0450,0.0450,0.0400,0.0400,2210,0
D,2013-08-29,0.0400,0.0450,0.0400,0.0450,4350,0
D,2013-08-28,0.0400,0.0400,0.0350,0.0400,5319,0
D,2013-08-27,0.0500,0.0500,0.0400,0.0450,5102,0
D,2013-08-26,0.0600,0.0600,0.0500,0.0550,3848,0
D,2013-08-23,0.0600,0.0600,0.0600,0.0600,1600,0
D,2013-08-22,0.0550,0.0600,0.0550,0.0600,2315,0
D,2013-08-21,0.0600,0.0650,0.0600,0.0600,9580,0
D,2013-08-20,0.0750,0.0750,0.0550,0.0650,16251,0
D,2013-08-19,0.0850,0.0850,0.0800,0.0800,5800,0
D,2013-08-16,0.0950,0.0950,0.0900,0.0950,3100,0
D,2013-08-15,0.1000,0.1050,0.1000,0.1050,1800,0
D,2013-08-14,0.0950,0.0950,0.0950,0.0950,351,0
D,2013-08-13,0.0950,0.1000,0.0950,0.1000,2100,0
D,2013-08-12,0.0850,0.0950,0.0850,0.0950,2318,0
D,2013-08-07,0.0900,0.0900,0.0850,0.0850,1620,0
D,2013-08-06,0.0850,0.0850,0.0850,0.0850,1480,0
D,2013-08-05,0.0850,0.0900,0.0850,0.0850,5488,0
D,2013-08-02,0.0900,0.0900,0.0850,0.0850,3398,0
D,2013-08-01,0.0900,0.0900,0.0850,0.0850,4120,0
D,2013-07-31,0.0950,0.1000,0.0900,0.0900,8300,0
D,2013-07-30,0.1050,0.1050,0.1050,0.1050,7000,0
D,2013-07-29,0.1250,0.1250,0.1250,0.1250,6000,0
D,2013-07-26,0.1400,0.1400,0.1400,0.1400,0,0
D,2013-07-25,0.1400,0.1400,0.1400,0.1400,3000,0
D,2013-07-24,0.1450,0.1450,0.1450,0.1450,0,0
D,2013-07-23,0.1450,0.1450,0.1450,0.1450,800,0
D,2013-07-22,0.1400,0.1400,0.1400,0.1400,0,0
D,2013-07-19,0.1400,0.1400,0.1400,0.1400,0,0
D,2013-07-18,0.1400,0.1400,0.1400,0.1400,1500,0
D,2013-07-17,0.1400,0.1400,0.1400,0.1400,1500,0
D,2013-07-16,0.1350,0.1350,0.1350,0.1350,0,0
D,2013-07-15,0.1350,0.1350,0.1350,0.1350,0,0
D,2013-07-12,0.1350,0.1350,0.1350,0.1350,800,0
D,2013-07-11,0.1300,0.1300,0.1300,0.1300,900,0
D,2013-07-10,0.1300,0.1300,0.1300,0.1300,6800,0
D,2013-07-09,0.1350,0.1350,0.1350,0.1350,0,0
D,2013-07-08,0.1350,0.1350,0.1350,0.1350,0,0
D,2013-07-05,0.1350,0.1350,0.1350,0.1350,0,0
D,2013-07-04,0.1350,0.1350,0.1350,0.1350,0,0
D,2013-07-03,0.1350,0.1350,0.1350,0.1350,1000,0
D,2013-07-02,0.1350,0.1350,0.1350,0.1350,1000,0
D,2013-07-01,0.1300,0.1300,0.1300,0.1300,0,0
D,2013-06-28,0.1300,0.1300,0.1300,0.1300,0,0
D,2013-06-27,0.1300,0.1300,0.1300,0.1300,1000,0
D,2013-06-26,0.1250,0.1250,0.1250,0.1250,1000,0
D,2013-06-25,0.1200,0.1200,0.1200,0.1200,100,0
D,2013-06-24,0.1400,0.1400,0.1400,0.1400,0,0
D,2013-06-21,0.1400,0.1400,0.1400,0.1400,0,0
D,2013-06-20,0.1400,0.1400,0.1400,0.1400,0,0
D,2013-06-19,0.1400,0.1400,0.1400,0.1400,0,0
D,2013-06-18,0.1400,0.1400,0.1400,0.1400,0,0
D,2013-06-17,0.1400,0.1400,0.1400,0.1400,400,0
D,2013-06-14,0.1400,0.1400,0.1400,0.1400,0,0
D,2013-06-13,0.1400,0.1400,0.1400,0.1400,0,0
D,2013-06-12,0.1400,0.1400,0.1400,0.1400,0,0
D,2013-06-11,0.1400,0.1400,0.1400,0.1400,250,0
D,2013-06-10,0.1400,0.1400,0.1400,0.1400,250,0
D,2013-06-07,0.1350,0.1350,0.1350,0.1350,1300,0
D,2013-06-06,0.1300,0.1300,0.1300,0.1300,800,0
D,2013-06-05,0.1450,0.1450,0.1450,0.1450,0,0
D,2013-06-04,0.1450,0.1450,0.1450,0.1450,1230,0
D,2013-06-03,0.1450,0.1450,0.1450,0.1450,2500,0
D,2013-05-31,0.1550,0.1550,0.1500,0.1500,2510,0
D,2013-05-30,0.1550,0.1550,0.1550,0.1550,250,0
D,2013-05-29,0.1600,0.1650,0.1600,0.1600,2150,0
D,2013-05-28,0.1650,0.1650,0.1650,0.1650,500,0
D,2013-05-27,0.1600,0.1600,0.1600,0.1600,2700,0
D,2013-05-23,0.1700,0.1700,0.1700,0.1700,1500,0
D,2013-05-22,0.1750,0.1800,0.1700,0.1700,4550,0
D,2013-05-21,0.1650,0.1650,0.1650,0.1650,850,0
D,2013-05-20,0.1600,0.1600,0.1600,0.1600,850,0
D,2013-05-17,0.1650,0.1650,0.1650,0.1650,0,0
D,2013-05-16,0.1650,0.1650,0.1650,0.1650,0,0
D,2013-05-15,0.1650,0.1650,0.1650,0.1650,0,0
D,2013-05-14,0.1700,0.1700,0.1650,0.1650,750,0
D,2013-05-13,0.1500,0.1500,0.1500,0.1500,0,0
D,2013-05-10,0.1500,0.1500,0.1500,0.1500,200,0
D,2013-05-09,0.1550,0.1550,0.1550,0.1550,300,0
D,2013-05-08,0.1800,0.1800,0.1750,0.1750,221,0
D,2013-05-07,0.1650,0.1800,0.1650,0.1800,4600,0
D,2013-05-06,0.1750,0.1750,0.1500,0.1600,171,0
D,2013-05-03,0.1150,0.1150,0.1150,0.1150,0,0
D,2013-05-02,0.1150,0.1150,0.1150,0.1150,2400,0
D,2013-04-30,0.1150,0.1150,0.1150,0.1150,0,0
D,2013-04-29,0.1150,0.1150,0.1150,0.1150,0,0
D,2013-04-26,0.1150,0.1150,0.1150,0.1150,0,0
D,2013-04-25,0.1150,0.1150,0.1150,0.1150,0,0
D,2013-04-24,0.1150,0.1150,0.1150,0.1150,0,0
D,2013-04-23,0.1150,0.1150,0.1150,0.1150,0,0
D,2013-04-22,0.1150,0.1150,0.1150,0.1150,300,0
D,2013-04-19,0.1150,0.1150,0.1150,0.1150,200,0
D,2013-04-18,0.1150,0.1150,0.1150,0.1150,800,0
D,2013-04-17,0.1100,0.1100,0.1100,0.1100,0,0
D,2013-04-16,0.1100,0.1100,0.1100,0.1100,100,0
D,2013-04-15,0.1150,0.1150,0.1150,0.1150,0,0
D,2013-04-12,0.1150,0.1150,0.1150,0.1150,0,0
D,2013-04-11,0.1150,0.1150,0.1150,0.1150,0,0
D,2013-04-10,0.1150,0.1150,0.1150,0.1150,0,0
D,2013-04-09,0.1200,0.1200,0.1150,0.1150,722,0
D,2013-04-08,0.1150,0.1150,0.1150,0.1150,0,0
D,2013-04-05,0.1100,0.1150,0.1100,0.1150,2702,0
D,2013-04-04,0.1150,0.1150,0.1150,0.1150,0,0
D,2013-04-03,0.1150,0.1150,0.1150,0.1150,0,0
D,2013-04-02,0.1150,0.1150,0.1150,0.1150,0,0
D,2013-04-01,0.1150,0.1150,0.1150,0.1150,0,0
D,2013-03-29,0.1150,0.1150,0.1150,0.1150,0,0
D,2013-03-28,0.1150,0.1150,0.1150,0.1150,0,0
D,2013-03-27,0.1150,0.1150,0.1150,0.1150,682,0
D,2013-03-26,0.0850,0.0850,0.0850,0.0850,0,0
D,2013-03-25,0.0850,0.0850,0.0850,0.0850,0,0
D,2013-03-22,0.0850,0.0850,0.0850,0.0850,600,0
D,2013-03-21,0.0850,0.0850,0.0850,0.0850,0,0
D,2013-03-20,0.0850,0.0850,0.0850,0.0850,0,0
D,2013-03-19,0.0850,0.0850,0.0850,0.0850,0,0
D,2013-03-18,0.0850,0.0850,0.0850,0.0850,0,0
D,2013-03-15,0.0850,0.0850,0.0850,0.0850,0,0
D,2013-03-14,0.0850,0.0850,0.0850,0.0850,0,0
D,2013-03-13,0.0850,0.0850,0.0850,0.0850,0,0
D,2013-03-12,0.0850,0.0850,0.0850,0.0850,2000,0
D,2013-03-11,0.0850,0.0850,0.0850,0.0850,0,0
D,2013-03-08,0.0850,0.0850,0.0850,0.0850,0,0
D,2013-03-07,0.0850,0.0850,0.0850,0.0850,0,0
D,2013-03-06,0.0850,0.0850,0.0850,0.0850,0,0
D,2013-03-05,0.0850,0.0850,0.0850,0.0850,0,0
D,2013-03-04,0.0850,0.0850,0.0850,0.0850,0,0
D,2013-03-01,0.0850,0.0850,0.0850,0.0850,0,0
D,2013-02-28,0.0850,0.0850,0.0850,0.0850,0,0
D,2013-02-27,0.0850,0.0850,0.0850,0.0850,0,0
D,2013-02-26,0.0850,0.0850,0.0850,0.0850,220,0
D,2013-02-25,0.0900,0.0900,0.0900,0.0900,0,0
D,2013-02-22,0.0900,0.0900,0.0900,0.0900,0,0
D,2013-02-21,0.0900,0.0900,0.0900,0.0900,0,0
D,2013-02-20,0.0900,0.0900,0.0900,0.0900,0,0
D,2013-02-19,0.0900,0.0900,0.0900,0.0900,0,0
D,2013-02-18,0.0900,0.0900,0.0900,0.0900,0,0
D,2013-02-15,0.0900,0.0900,0.0900,0.0900,362,0
D,2013-02-14,0.0900,0.0900,0.0900,0.0900,0,0
D,2013-02-13,0.0900,0.0900,0.0900,0.0900,0,0
D,2013-02-08,0.0900,0.0900,0.0900,0.0900,500,0
D,2013-02-07,0.0950,0.0950,0.0950,0.0950,0,0
D,2013-02-06,0.0950,0.0950,0.0950,0.0950,0,0
D,2013-02-05,0.0950,0.0950,0.0950,0.0950,0,0
D,2013-02-04,0.0950,0.0950,0.0950,0.0950,300,0
D,2013-01-31,0.0950,0.0950,0.0950,0.0950,0,0
D,2013-01-30,0.0950,0.0950,0.0950,0.0950,0,0
D,2013-01-29,0.0950,0.0950,0.0950,0.0950,0,0
D,2013-01-25,0.0950,0.0950,0.0950,0.0950,0,0
D,2013-01-23,0.0950,0.0950,0.0950,0.0950,0,0
D,2013-01-22,0.0950,0.0950,0.0950,0.0950,600,0
D,2013-01-21,0.1000,0.1000,0.1000,0.1000,900,0
D,2013-01-18,0.1500,0.1500,0.1500,0.1500,0,0
D,2013-01-17,0.1500,0.1500,0.1500,0.1500,0,0
D,2013-01-16,0.1500,0.1500,0.1500,0.1500,0,0
D,2013-01-15,0.1500,0.1500,0.1500,0.1500,0,0
D,2013-01-14,0.1500,0.1500,0.1500,0.1500,0,0
D,2013-01-11,0.1500,0.1500,0.1500,0.1500,0,0
D,2013-01-10,0.1500,0.1500,0.1500,0.1500,0,0
D,2013-01-09,0.1500,0.1500,0.1500,0.1500,0,0
D,2013-01-08,0.1500,0.1500,0.1500,0.1500,0,0
D,2013-01-07,0.1500,0.1500,0.1500,0.1500,0,0
D,2013-01-04,0.1500,0.1500,0.1500,0.1500,0,0
D,2013-01-03,0.1500,0.1500,0.1500,0.1500,0,0
D,2013-01-02,0.1500,0.1500,0.1500,0.1500,0,0
D,2012-12-31,0.1500,0.1500,0.1500,0.1500,0,0
D,2012-12-28,0.1500,0.1500,0.1500,0.1500,0,0
D,2012-12-27,0.1500,0.1500,0.1500,0.1500,0,0
D,2012-12-26,0.1500,0.1500,0.1500,0.1500,0,0
D,2012-12-24,0.1500,0.1500,0.1500,0.1500,0,0
D,2012-12-21,0.1500,0.1500,0.1500,0.1500,0,0
D,2012-12-20,0.1500,0.1500,0.1500,0.1500,0,0
D,2012-12-19,0.1500,0.1500,0.1500,0.1500,0,0
D,2012-12-18,0.1500,0.1500,0.1500,0.1500,0,0
D,2012-12-17,0.1500,0.1500,0.1500,0.1500,0,0
D,2012-12-14,0.1500,0.1500,0.1500,0.1500,0,0
D,2012-12-13,0.1500,0.1500,0.1500,0.1500,0,0
D,2012-12-12,0.1500,0.1500,0.1500,0.1500,0,0
D,2012-12-11,0.1500,0.1500,0.1500,0.1500,0,0
D,2012-12-10,0.1500,0.1500,0.1500,0.1500,0,0
D,2012-12-07,0.1500,0.1500,0.1500,0.1500,0,0
D,2012-12-06,0.1500,0.1500,0.1500,0.1500,0,0
D,2012-12-05,0.1500,0.1500,0.1500,0.1500,0,0
D,2012-12-04,0.1500,0.1500,0.1500,0.1500,0,0
D,2012-12-03,0.1500,0.1500,0.1500,0.1500,0,0
D,2012-11-30,0.1500,0.1500,0.1500,0.1500,0,0
D,2012-11-29,0.1500,0.1500,0.1500,0.1500,0,0
D,2012-11-28,0.1500,0.1500,0.1500,0.1500,0,0
