D,2014-10-14,0.1900,0.1950,0.1900,0.1950,17546,0
D,2014-10-13,0.2000,0.2050,0.1800,0.2000,35772,0
D,2014-10-10,0.2050,0.2100,0.2000,0.2100,51345,0
D,2014-10-09,0.2100,0.2150,0.2100,0.2100,24915,0
D,2014-10-08,0.2200,0.2200,0.2050,0.2100,42788,0
D,2014-10-07,0.2350,0.2350,0.2250,0.2250,28745,0
D,2014-10-03,0.2300,0.2350,0.2300,0.2350,10288,0
D,2014-10-02,0.2400,0.2450,0.2250,0.2300,70160,0
D,2014-10-01,0.2400,0.2450,0.2400,0.2400,9464,0
D,2014-09-30,0.2400,0.2450,0.2400,0.2400,10980,0
D,2014-09-29,0.2450,0.2450,0.2400,0.2400,4830,0
D,2014-09-26,0.2450,0.2500,0.2400,0.2450,31885,0
D,2014-09-25,0.2450,0.2500,0.2400,0.2500,27069,0
D,2014-09-24,0.2500,0.2500,0.2450,0.2500,21295,0
D,2014-09-23,0.2500,0.2500,0.2450,0.2500,10683,0
D,2014-09-22,0.2500,0.2500,0.2500,0.2500,6451,0
D,2014-09-19,0.2500,0.2500,0.2500,0.2500,18830,0
D,2014-09-18,0.2500,0.2500,0.2400,0.2500,56988,0
D,2014-09-17,0.2450,0.2500,0.2450,0.2500,17719,0
D,2014-09-15,0.2500,0.2500,0.2500,0.2500,25521,0
D,2014-09-12,0.2500,0.2500,0.2450,0.2450,6780,0
D,2014-09-11,0.2500,0.2550,0.2500,0.2550,8029,0
D,2014-09-10,0.2500,0.2550,0.2450,0.2500,41400,0
D,2014-09-09,0.2500,0.2550,0.2500,0.2550,17286,0
D,2014-09-08,0.2500,0.2550,0.2500,0.2500,9753,0
D,2014-09-05,0.2500,0.2550,0.2450,0.2550,23702,0
D,2014-09-04,0.2500,0.2600,0.2500,0.2550,133417,0
D,2014-09-03,0.2550,0.2550,0.2500,0.2500,37669,0
D,2014-09-02,0.2550,0.2550,0.2500,0.2550,12804,0
D,2014-08-29,0.2550,0.2600,0.2500,0.2500,47219,0
D,2014-08-28,0.2500,0.2550,0.2500,0.2550,65075,0
D,2014-08-27,0.2550,0.2600,0.2500,0.2550,164655,0
D,2014-08-26,0.2550,0.2650,0.2550,0.2600,44101,0
D,2014-08-25,0.2650,0.2650,0.2550,0.2550,42998,0
D,2014-08-22,0.2650,0.2650,0.2550,0.2600,93121,0
D,2014-08-21,0.2500,0.2650,0.2500,0.2650,188801,0
D,2014-08-20,0.2550,0.2600,0.2500,0.2500,65902,0
D,2014-08-19,0.2550,0.2600,0.2550,0.2550,33764,0
D,2014-08-18,0.2600,0.2650,0.2550,0.2550,53924,0
D,2014-08-15,0.2750,0.2750,0.2600,0.2600,71074,0
D,2014-08-14,0.2800,0.2850,0.2700,0.2750,378741,0
D,2014-08-13,0.2700,0.2750,0.2650,0.2650,85755,0
D,2014-08-12,0.2800,0.2900,0.2650,0.2700,82982,0
D,2014-08-11,0.2600,0.2850,0.2600,0.2750,210723,0
D,2014-08-08,0.2600,0.2650,0.2550,0.2600,34585,0
D,2014-08-07,0.2550,0.2650,0.2550,0.2550,56412,0
D,2014-08-06,0.2550,0.2600,0.2500,0.2550,28848,0
D,2014-08-05,0.2550,0.2550,0.2550,0.2550,7591,0
D,2014-08-04,0.2500,0.2600,0.2500,0.2600,19086,0
D,2014-08-01,0.2500,0.2550,0.2500,0.2500,15761,0
D,2014-07-31,0.2600,0.2600,0.2500,0.2500,17270,0
D,2014-07-30,0.2550,0.2550,0.2550,0.2550,11203,0
D,2014-07-25,0.2600,0.2600,0.2550,0.2550,14404,0
D,2014-07-24,0.2600,0.2600,0.2550,0.2600,43154,0
D,2014-07-23,0.2650,0.2650,0.2550,0.2600,17700,0
D,2014-07-22,0.2650,0.2650,0.2550,0.2600,25577,0
D,2014-07-21,0.2650,0.2700,0.2600,0.2650,36178,0
D,2014-07-18,0.2550,0.2650,0.2550,0.2650,13084,0
D,2014-07-17,0.2600,0.2650,0.2550,0.2600,39943,0
D,2014-07-16,0.2550,0.2600,0.2500,0.2550,15105,0
D,2014-07-14,0.2550,0.2600,0.2500,0.2550,27123,0
D,2014-07-11,0.2550,0.2550,0.2500,0.2550,29851,0
D,2014-07-10,0.2650,0.2650,0.2550,0.2550,15537,0
D,2014-07-09,0.2600,0.2700,0.2600,0.2650,34912,0
D,2014-07-08,0.2600,0.2650,0.2550,0.2600,13712,0
D,2014-07-07,0.2700,0.2750,0.2650,0.2650,102610,0
D,2014-07-04,0.2450,0.2750,0.2450,0.2700,183210,0
D,2014-07-03,0.2500,0.2500,0.2400,0.2450,58816,0
D,2014-07-02,0.2500,0.2500,0.2450,0.2500,30860,0
D,2014-07-01,0.2500,0.2550,0.2450,0.2450,29790,0
D,2014-06-30,0.2550,0.2550,0.2500,0.2550,23411,0
D,2014-06-27,0.2500,0.2600,0.2450,0.2500,63802,0
D,2014-06-26,0.2600,0.2600,0.2450,0.2450,46310,0
D,2014-06-25,0.2600,0.2600,0.2500,0.2500,41380,0
D,2014-06-24,0.2650,0.2700,0.2550,0.2600,41258,0
D,2014-06-23,0.2700,0.2700,0.2600,0.2600,33637,0
D,2014-06-20,0.2700,0.2750,0.2650,0.2700,11139,0
D,2014-06-19,0.2700,0.2750,0.2700,0.2750,22970,0
D,2014-06-18,0.2700,0.2700,0.2650,0.2650,16940,0
D,2014-06-17,0.2650,0.2700,0.2650,0.2650,10705,0
D,2014-06-16,0.2700,0.2700,0.2650,0.2700,10739,0
D,2014-06-13,0.2650,0.2800,0.2600,0.2700,44963,0
D,2014-06-12,0.2650,0.2700,0.2650,0.2700,16476,0
D,2014-06-11,0.2700,0.2750,0.2650,0.2700,17190,0
D,2014-06-10,0.2800,0.2800,0.2700,0.2700,23652,0
D,2014-06-09,0.2800,0.2800,0.2700,0.2750,34816,0
D,2014-06-06,0.2850,0.2850,0.2750,0.2800,27420,0
D,2014-06-05,0.2900,0.2950,0.2750,0.2800,50714,0
D,2014-06-04,0.2900,0.2900,0.2850,0.2850,36580,0
D,2014-06-03,0.2900,0.2950,0.2850,0.2900,36235,0
D,2014-06-02,0.2900,0.3000,0.2850,0.2900,90673,0
D,2014-05-30,0.3000,0.3000,0.2750,0.2850,108954,0
D,2014-05-29,0.3000,0.3050,0.2950,0.2950,98222,0
D,2014-05-28,0.3100,0.3100,0.2950,0.3000,40285,0
D,2014-05-27,0.3000,0.3150,0.2950,0.3050,95046,0
D,2014-05-26,0.3200,0.3300,0.2950,0.3000,181483,0
D,2014-05-23,0.3600,0.3600,0.3100,0.3250,290928,0
D,2014-05-22,0.3700,0.3750,0.3600,0.3650,81616,0
D,2014-05-21,0.3650,0.3750,0.3550,0.3600,199563,0
D,2014-05-20,0.3250,0.3700,0.3250,0.3700,383586,0
D,2014-05-19,0.3200,0.3250,0.3100,0.3200,179201,0
D,2014-05-16,0.2950,0.3200,0.2900,0.3200,105797,0
D,2014-05-15,0.3000,0.3100,0.2850,0.2950,48938,0
D,2014-05-14,0.2450,0.3150,0.2450,0.3000,374000,0
D,2014-05-12,0.2450,0.2500,0.2350,0.2400,39387,0
D,2014-05-09,0.2450,0.2450,0.2400,0.2450,33776,0
D,2014-05-08,0.2450,0.2500,0.2400,0.2450,31374,0
D,2014-05-07,0.2500,0.2500,0.2400,0.2450,38028,0
D,2014-05-06,0.2600,0.2600,0.2500,0.2550,22407,0
D,2014-05-05,0.2750,0.2750,0.2550,0.2600,25100,0
D,2014-05-02,0.2700,0.2750,0.2650,0.2700,11092,0
D,2014-04-30,0.2750,0.2800,0.2650,0.2700,31728,0
D,2014-04-29,0.2800,0.2800,0.2750,0.2750,19837,0
D,2014-04-28,0.2950,0.2950,0.2800,0.2800,31237,0
D,2014-04-25,0.2950,0.3000,0.2900,0.3000,19822,0
D,2014-04-24,0.2950,0.3050,0.2950,0.3000,43753,0
D,2014-04-23,0.3000,0.3000,0.2900,0.3000,22372,0
D,2014-04-22,0.3000,0.3050,0.2950,0.3000,43861,0
D,2014-04-21,0.3050,0.3050,0.3000,0.3050,17854,0
D,2014-04-18,0.3050,0.3050,0.3000,0.3000,11180,0
D,2014-04-17,0.3100,0.3100,0.3000,0.3100,20164,0
D,2014-04-16,0.3050,0.3150,0.3000,0.3100,63061,0
D,2014-04-15,0.3000,0.3000,0.3000,0.3000,890,0
D,2014-04-14,0.3050,0.3100,0.3000,0.3050,14221,0
D,2014-04-11,0.3000,0.3100,0.3000,0.3050,9336,0
D,2014-04-10,0.3100,0.3100,0.3000,0.3050,7301,0
D,2014-04-09,0.3050,0.3100,0.3050,0.3050,8786,0
D,2014-04-08,0.3000,0.3050,0.2950,0.3050,19681,0
D,2014-04-07,0.3000,0.3050,0.3000,0.3000,8773,0
D,2014-04-04,0.3050,0.3100,0.3000,0.3050,6460,0
D,2014-04-03,0.3150,0.3150,0.3050,0.3100,13044,0
D,2014-04-02,0.3000,0.3150,0.3000,0.3150,41566,0
D,2014-04-01,0.2950,0.3000,0.2950,0.3000,12154,0
D,2014-03-31,0.3050,0.3050,0.2950,0.2950,5493,0
D,2014-03-28,0.3050,0.3050,0.2950,0.3000,22791,0
D,2014-03-27,0.3050,0.3150,0.3050,0.3050,45784,0
D,2014-03-26,0.3000,0.3100,0.3000,0.3100,30273,0
D,2014-03-25,0.3000,0.3050,0.2950,0.2950,9076,0
D,2014-03-24,0.3000,0.3050,0.2950,0.3000,22726,0
D,2014-03-21,0.2950,0.3050,0.2950,0.2950,17225,0
D,2014-03-20,0.3000,0.3000,0.2950,0.2950,19054,0
D,2014-03-19,0.3050,0.3050,0.3000,0.3000,13032,0
D,2014-03-18,0.3050,0.3100,0.3050,0.3050,12155,0
D,2014-03-17,0.3100,0.3100,0.3000,0.3000,9697,0
D,2014-03-14,0.3100,0.3100,0.3050,0.3100,12077,0
D,2014-03-13,0.3200,0.3200,0.3100,0.3100,23734,0
D,2014-03-12,0.3250,0.3250,0.3150,0.3200,20642,0
D,2014-03-11,0.3350,0.3350,0.3250,0.3300,12002,0
D,2014-03-10,0.3300,0.3350,0.3300,0.3350,3873,0
D,2014-03-07,0.3400,0.3400,0.3300,0.3300,15779,0
D,2014-03-06,0.3350,0.3400,0.3300,0.3400,23346,0
D,2014-03-05,0.3350,0.3350,0.3300,0.3350,21266,0
D,2014-03-04,0.3250,0.3350,0.3200,0.3350,19962,0
D,2014-03-03,0.3350,0.3350,0.3200,0.3200,27973,0
D,2014-02-28,0.3400,0.3400,0.3350,0.3350,32696,0
D,2014-02-27,0.3450,0.3500,0.3350,0.3400,42974,0
D,2014-02-26,0.3450,0.3500,0.3450,0.3450,49089,0
D,2014-02-25,0.3550,0.3550,0.3450,0.3450,30763,0
D,2014-02-24,0.3550,0.3600,0.3500,0.3550,39824,0
D,2014-02-21,0.3550,0.3650,0.3550,0.3550,123732,0
D,2014-02-20,0.3550,0.3600,0.3500,0.3550,32812,0
D,2014-02-19,0.3600,0.3600,0.3550,0.3550,49033,0
D,2014-02-18,0.3600,0.3650,0.3550,0.3550,69221,0
D,2014-02-17,0.3550,0.3650,0.3500,0.3550,94217,0
D,2014-02-14,0.3550,0.3600,0.3500,0.3500,32341,0
D,2014-02-13,0.3600,0.3650,0.3550,0.3550,110703,0
D,2014-02-12,0.3800,0.3800,0.3600,0.3650,87694,0
D,2014-02-11,0.3550,0.3800,0.3450,0.3800,260514,0
D,2014-02-10,0.3550,0.3600,0.3500,0.3550,40221,0
D,2014-02-07,0.3450,0.3600,0.3450,0.3550,83706,0
D,2014-02-06,0.3500,0.3500,0.3400,0.3500,33774,0
D,2014-02-05,0.3500,0.3550,0.3400,0.3500,111080,0
D,2014-02-04,0.3600,0.3600,0.3500,0.3500,106753,0
D,2014-01-30,0.3650,0.3650,0.3600,0.3650,12681,0
D,2014-01-29,0.3650,0.3700,0.3650,0.3700,32312,0
D,2014-01-28,0.3650,0.3700,0.3600,0.3650,12269,0
D,2014-01-27,0.3650,0.3650,0.3550,0.3650,20434,0
D,2014-01-24,0.3650,0.3700,0.3600,0.3700,14112,0
D,2014-01-23,0.3750,0.3750,0.3650,0.3650,13115,0
D,2014-01-22,0.3800,0.3800,0.3650,0.3750,20133,0
D,2014-01-21,0.3750,0.3800,0.3700,0.3800,16915,0
D,2014-01-20,0.3800,0.3800,0.3700,0.3750,24109,0
D,2014-01-16,0.3900,0.3950,0.3800,0.3800,39499,0
D,2014-01-15,0.3900,0.4000,0.3850,0.3850,57401,0
D,2014-01-13,0.3900,0.3900,0.3800,0.3900,16828,0
D,2014-01-10,0.3850,0.4000,0.3750,0.3850,86145,0
D,2014-01-09,0.3750,0.3850,0.3750,0.3800,39018,0
D,2014-01-08,0.3750,0.3900,0.3750,0.3750,61923,0
D,2014-01-07,0.3750,0.3800,0.3700,0.3750,41085,0
D,2014-01-06,0.3650,0.3750,0.3650,0.3750,38563,0
D,2014-01-03,0.3700,0.3700,0.3600,0.3700,24043,0
D,2014-01-02,0.3750,0.3800,0.3650,0.3650,40062,0
D,2013-12-31,0.3700,0.3800,0.3700,0.3750,73471,0
D,2013-12-30,0.3800,0.3800,0.3700,0.3700,23283,0
D,2013-12-27,0.3700,0.3800,0.3700,0.3800,31006,0
D,2013-12-26,0.3750,0.3750,0.3600,0.3700,61255,0
D,2013-12-24,0.3900,0.3900,0.3800,0.3800,60202,0
D,2013-12-23,0.3950,0.3950,0.3850,0.3900,28507,0
D,2013-12-20,0.4000,0.4050,0.3900,0.3900,34814,0
D,2013-12-19,0.4050,0.4100,0.3950,0.4000,30292,0
D,2013-12-18,0.4050,0.4100,0.4000,0.4000,20081,0
D,2013-12-17,0.4050,0.4150,0.4000,0.4000,51502,0
D,2013-12-16,0.4150,0.4200,0.3950,0.4050,84435,0
D,2013-12-13,0.4000,0.4250,0.4000,0.4150,208397,0
D,2013-12-12,0.4000,0.4050,0.3950,0.4050,64725,0
D,2013-12-11,0.4000,0.4050,0.3950,0.3950,20821,0
D,2013-12-10,0.4150,0.4150,0.4000,0.4000,22172,0
D,2013-12-09,0.3950,0.4150,0.3950,0.4100,198283,0
D,2013-12-06,0.3950,0.4050,0.3950,0.4000,75203,0
D,2013-12-05,0.4050,0.4050,0.3900,0.3950,54969,0
D,2013-12-04,0.3950,0.4050,0.3950,0.4050,22755,0
D,2013-12-03,0.4050,0.4100,0.4000,0.4000,33749,0
D,2013-12-02,0.4000,0.4100,0.3950,0.4050,77566,0
D,2013-11-29,0.4000,0.4050,0.3950,0.4000,47654,0
D,2013-11-28,0.3950,0.4100,0.3950,0.4000,47205,0
D,2013-11-27,0.3950,0.4000,0.3900,0.4000,37335,0
D,2013-11-26,0.3950,0.4050,0.3900,0.3950,24883,0
D,2013-11-25,0.3900,0.4050,0.3900,0.3900,45320,0
D,2013-11-22,0.3850,0.4000,0.3850,0.3900,31911,0
D,2013-11-21,0.3950,0.3950,0.3800,0.3850,43580,0
D,2013-11-20,0.4000,0.4000,0.3900,0.3900,21453,0
D,2013-11-19,0.4000,0.4050,0.3950,0.3950,35795,0
D,2013-11-18,0.4000,0.4100,0.3950,0.4000,20796,0
D,2013-11-15,0.4050,0.4150,0.4000,0.4050,63289,0
D,2013-11-14,0.4000,0.4150,0.4000,0.4000,64303,0
D,2013-11-13,0.4150,0.4200,0.3900,0.3950,86911,0
D,2013-11-12,0.4350,0.4350,0.4100,0.4100,79480,0
D,2013-11-11,0.4250,0.4350,0.4150,0.4300,151232,0
D,2013-11-08,0.4200,0.4350,0.4200,0.4200,171672,0
D,2013-11-07,0.4000,0.4300,0.4000,0.4250,294338,0
D,2013-11-06,0.3900,0.4000,0.3850,0.3950,51470,0
D,2013-11-04,0.3900,0.4000,0.3850,0.3900,52082,0
D,2013-11-01,0.3950,0.4050,0.3900,0.3900,80544,0
D,2013-10-31,0.3950,0.3950,0.3900,0.3900,29949,0
D,2013-10-30,0.4000,0.4000,0.3900,0.3950,45250,0
D,2013-10-29,0.3900,0.4050,0.3900,0.3950,87221,0
D,2013-10-28,0.4000,0.4000,0.3900,0.3900,51380,0
D,2013-10-25,0.3950,0.4050,0.3950,0.4000,46386,0
D,2013-10-24,0.4000,0.4050,0.3900,0.3950,61992,0
D,2013-10-23,0.4050,0.4150,0.4000,0.4050,49412,0
D,2013-10-22,0.4200,0.4200,0.3950,0.4050,73389,0
D,2013-10-21,0.4200,0.4250,0.4100,0.4200,43889,0
D,2013-10-18,0.4150,0.4250,0.4100,0.4150,111208,0
D,2013-10-17,0.4400,0.4400,0.4150,0.4200,156044,0
D,2013-10-16,0.4100,0.4300,0.4100,0.4300,208604,0
D,2013-10-14,0.4300,0.4400,0.4150,0.4200,101950,0
D,2013-10-11,0.4250,0.4450,0.4150,0.4300,497356,0
D,2013-10-10,0.3900,0.4250,0.3900,0.4200,367538,0
D,2013-10-09,0.3900,0.3950,0.3850,0.3850,54870,0
D,2013-10-08,0.3850,0.3950,0.3800,0.3900,107362,0
D,2013-10-07,0.3900,0.3900,0.3800,0.3800,85260,0
D,2013-10-04,0.3800,0.4000,0.3800,0.3850,255365,0
D,2013-10-03,0.3800,0.3950,0.3800,0.3850,91388,0
D,2013-10-02,0.4100,0.4200,0.3750,0.3800,428600,0
D,2013-10-01,0.3450,0.4150,0.3450,0.4050,574052,0
D,2013-09-30,0.3600,0.3600,0.3500,0.3550,66937,0
D,2013-09-27,0.3550,0.3650,0.3550,0.3600,148421,0
D,2013-09-26,0.3400,0.3550,0.3350,0.3500,142443,0
D,2013-09-25,0.3450,0.3500,0.3400,0.3400,73138,0
D,2013-09-24,0.3500,0.3500,0.3400,0.3500,51817,0
D,2013-09-23,0.3500,0.3600,0.3500,0.3550,122851,0
D,2013-09-20,0.3200,0.3700,0.3200,0.3500,600270,0
D,2013-09-19,0.3050,0.3300,0.3050,0.3250,237210,0
D,2013-09-18,0.3000,0.3050,0.2950,0.3000,24350,0
D,2013-09-17,0.3050,0.3100,0.2950,0.3000,51812,0
D,2013-09-13,0.3050,0.3050,0.3000,0.3000,27752,0
D,2013-09-12,0.3100,0.3150,0.3050,0.3050,40449,0
D,2013-09-11,0.3200,0.3200,0.3050,0.3050,58445,0
D,2013-09-10,0.3100,0.3200,0.3050,0.3150,181349,0
D,2013-09-09,0.3000,0.3100,0.3000,0.3100,63794,0
D,2013-09-06,0.3000,0.3150,0.2950,0.2950,225470,0
D,2013-09-05,0.2900,0.3050,0.2850,0.3050,184881,0
D,2013-09-04,0.2900,0.2900,0.2800,0.2900,187639,0
D,2013-09-03,0.2850,0.3000,0.2850,0.2900,73069,0
D,2013-09-02,0.3050,0.3050,0.2850,0.2900,96701,0
D,2013-08-30,0.3250,0.3250,0.3050,0.3050,104159,0
D,2013-08-29,0.3050,0.3300,0.3050,0.3200,330058,0
D,2013-08-28,0.2850,0.3050,0.2700,0.3050,416471,0
D,2013-08-27,0.3500,0.3500,0.3000,0.3000,177125,0
D,2013-08-26,0.3700,0.3700,0.3500,0.3500,73551,0
D,2013-08-23,0.3800,0.3850,0.3650,0.3700,99555,0
D,2013-08-22,0.3750,0.3800,0.3650,0.3800,103607,0
D,2013-08-21,0.3800,0.3900,0.3750,0.3850,82522,0
D,2013-08-20,0.4000,0.4000,0.3700,0.3800,142136,0
D,2013-08-19,0.4100,0.4150,0.4000,0.4000,76180,0
D,2013-08-16,0.4100,0.4250,0.4050,0.4150,84393,0
D,2013-08-15,0.4100,0.4250,0.4100,0.4150,101848,0
D,2013-08-14,0.4300,0.4350,0.4100,0.4150,125015,0
D,2013-08-13,0.3950,0.4400,0.3950,0.4300,325262,0
D,2013-08-12,0.4000,0.4050,0.3950,0.3950,57988,0
D,2013-08-07,0.3950,0.4050,0.3900,0.4000,84241,0
D,2013-08-06,0.3800,0.4000,0.3700,0.4000,222949,0
D,2013-08-05,0.3750,0.3850,0.3750,0.3800,72398,0
D,2013-08-02,0.3900,0.3950,0.3750,0.3750,133403,0
D,2013-08-01,0.3650,0.3900,0.3600,0.3850,215979,0
D,2013-07-31,0.3800,0.3800,0.3600,0.3600,91194,0
D,2013-07-30,0.3750,0.3850,0.3650,0.3750,183823,0
D,2013-07-29,0.3900,0.3950,0.3750,0.3750,164309,0
D,2013-07-26,0.4100,0.4150,0.3900,0.3950,128018,0
D,2013-07-25,0.4150,0.4250,0.4100,0.4100,103050,0
D,2013-07-24,0.3950,0.4300,0.3900,0.4200,402220,0
D,2013-07-23,0.4400,0.4400,0.3950,0.4000,327046,0
D,2013-07-22,0.4900,0.4950,0.4300,0.4350,478183,0
D,2013-07-19,0.5000,0.5000,0.4800,0.4850,259908,0
D,2013-07-18,0.4950,0.5100,0.4750,0.4950,761576,0
D,2013-07-17,0.4200,0.4800,0.4200,0.4800,333884,0
D,2013-07-16,0.4150,0.4250,0.4100,0.4200,73084,0
D,2013-07-15,0.4250,0.4250,0.4050,0.4150,78592,0
D,2013-07-12,0.4350,0.4400,0.4250,0.4250,205244,0
D,2013-07-11,0.4050,0.4300,0.4050,0.4300,292940,0
D,2013-07-10,0.4050,0.4100,0.3950,0.4050,86201,0
D,2013-07-09,0.4100,0.4100,0.4000,0.4000,78179,0
D,2013-07-08,0.4100,0.4250,0.3950,0.4000,297073,0
D,2013-07-05,0.3800,0.4050,0.3750,0.4000,327990,0
D,2013-07-04,0.3650,0.3800,0.3650,0.3750,220896,0
D,2013-07-03,0.3750,0.3800,0.3650,0.3650,68920,0
D,2013-07-02,0.3800,0.3800,0.3700,0.3750,43090,0
D,2013-07-01,0.3850,0.3900,0.3750,0.3750,128747,0
D,2013-06-28,0.3700,0.4000,0.3700,0.3850,415046,0
D,2013-06-27,0.3800,0.3850,0.3600,0.3700,135170,0
D,2013-06-26,0.3750,0.3800,0.3650,0.3800,170550,0
D,2013-06-25,0.3650,0.3900,0.3600,0.3650,296126,0
D,2013-06-24,0.4100,0.4150,0.3650,0.3650,170601,0
D,2013-06-21,0.3900,0.4200,0.3750,0.4100,396054,0
D,2013-06-20,0.4300,0.4350,0.4050,0.4100,200719,0
D,2013-06-19,0.4550,0.4550,0.4300,0.4350,139840,0
D,2013-06-18,0.4600,0.4650,0.4500,0.4500,89020,0
D,2013-06-17,0.4700,0.4800,0.4550,0.4600,181607,0
D,2013-06-14,0.4650,0.4850,0.4600,0.4700,290939,0
D,2013-06-13,0.4500,0.4800,0.4500,0.4550,305367,0
D,2013-06-12,0.4400,0.4600,0.4250,0.4600,239377,0
D,2013-06-11,0.4650,0.4650,0.4350,0.4450,115979,0
D,2013-06-10,0.4600,0.4700,0.4550,0.4600,185821,0
D,2013-06-07,0.4350,0.4550,0.4350,0.4450,179498,0
D,2013-06-06,0.4600,0.4750,0.4300,0.4300,311425,0
D,2013-06-05,0.4800,0.4800,0.4600,0.4650,124989,0
D,2013-06-04,0.4850,0.4900,0.4700,0.4800,174589,0
D,2013-06-03,0.5000,0.5100,0.4750,0.4800,287424,0
D,2013-05-31,0.4850,0.5200,0.4850,0.4950,473795,0
D,2013-05-30,0.4900,0.5000,0.4850,0.4900,153273,0
D,2013-05-29,0.5100,0.5150,0.4900,0.4950,339222,0
D,2013-05-28,0.5300,0.5300,0.5050,0.5050,372686,0
D,2013-05-27,0.4800,0.5200,0.4750,0.5150,518469,0
D,2013-05-23,0.4550,0.4950,0.4500,0.4750,586890,0
D,2013-05-22,0.5100,0.5300,0.4500,0.4550,756516,0
D,2013-05-21,0.5550,0.5600,0.5150,0.5200,585856,0
D,2013-05-20,0.5150,0.5500,0.5100,0.5500,626286,0
D,2013-05-17,0.4850,0.5050,0.4750,0.5000,682347,0
D,2013-05-16,0.4250,0.5000,0.4200,0.4900,702839,0
D,2013-05-15,0.4250,0.4350,0.3950,0.4200,336184,0
D,2013-05-14,0.4200,0.4450,0.4050,0.4250,816868,0
D,2013-05-13,0.3500,0.4050,0.3500,0.4050,618549,0
D,2013-05-10,0.3300,0.3550,0.3250,0.3400,625354,0
D,2013-05-09,0.3050,0.3500,0.3050,0.3300,870268,0
D,2013-05-08,0.2500,0.3100,0.2450,0.3000,811254,0
D,2013-05-07,0.2550,0.2600,0.2450,0.2500,204245,0
D,2013-05-06,0.2350,0.2650,0.2300,0.2550,309205,0
D,2013-05-03,0.2150,0.2200,0.2100,0.2150,70863,0
D,2013-05-02,0.2250,0.2300,0.2150,0.2200,62789,0
D,2013-04-30,0.2250,0.2300,0.2150,0.2200,49649,0
D,2013-04-29,0.2300,0.2300,0.2200,0.2250,26266,0
D,2013-04-26,0.2350,0.2400,0.2300,0.2300,35225,0
D,2013-04-25,0.2450,0.2450,0.2350,0.2400,86905,0
D,2013-04-24,0.2250,0.2500,0.2200,0.2450,272226,0
D,2013-04-23,0.2250,0.2250,0.2200,0.2250,53184,0
D,2013-04-22,0.2350,0.2350,0.2200,0.2250,183494,0
D,2013-04-19,0.2450,0.2500,0.2350,0.2350,140917,0
D,2013-04-18,0.2500,0.2550,0.2450,0.2450,191440,0
D,2013-04-17,0.2550,0.2550,0.2350,0.2550,283763,0
D,2013-04-16,0.2200,0.2500,0.2200,0.2500,525843,0
D,2013-04-15,0.2750,0.2850,0.2300,0.2350,885122,0
D,2013-04-12,0.2400,0.2950,0.2400,0.2700,1837680,0
D,2013-04-11,0.1800,0.2400,0.1750,0.2300,1077072,0
