D,2014-10-14,1.1300,1.1400,1.1300,1.1400,1140,0
D,2014-10-13,1.1300,1.1300,1.1300,1.1300,623,0
D,2014-10-10,1.1300,1.1400,1.1300,1.1400,340,0
D,2014-10-09,1.1400,1.1400,1.1400,1.1400,310,0
D,2014-10-08,1.1300,1.1500,1.1200,1.1500,1450,0
D,2014-10-07,1.1500,1.1500,1.1500,1.1500,322,0
D,2014-10-03,1.1500,1.1500,1.1400,1.1500,558,0
D,2014-10-02,1.1500,1.1500,1.1400,1.1400,306,0
D,2014-10-01,1.1500,1.1500,1.1400,1.1400,709,0
D,2014-09-30,1.1500,1.1500,1.1500,1.1500,132,0
D,2014-09-29,1.1500,1.1500,1.1500,1.1500,38,0
D,2014-09-26,1.1600,1.1600,1.1500,1.1600,626,0
D,2014-09-25,1.1600,1.1600,1.1500,1.1600,473,0
D,2014-09-24,1.1500,1.1600,1.1500,1.1600,137,0
D,2014-09-23,1.1400,1.1600,1.1400,1.1600,70,0
D,2014-09-22,1.1400,1.1600,1.1400,1.1500,373,0
D,2014-09-19,1.1400,1.1700,1.1400,1.1400,216,0
D,2014-09-18,1.1400,1.1400,1.1400,1.1400,128,0
D,2014-09-17,1.1400,1.1500,1.1400,1.1400,230,0
D,2014-09-15,1.1400,1.1500,1.1400,1.1400,419,0
D,2014-09-12,1.1500,1.1500,1.1400,1.1400,522,0
D,2014-09-11,1.1400,1.1500,1.1400,1.1500,857,0
D,2014-09-10,1.1400,1.1400,1.1400,1.1400,595,0
D,2014-09-09,1.1500,1.1500,1.1400,1.1400,920,0
D,2014-09-08,1.1700,1.1700,1.1500,1.1500,244,0
D,2014-09-05,1.1300,1.1800,1.1300,1.1800,1980,0
D,2014-09-04,1.1400,1.1400,1.1300,1.1300,506,0
D,2014-09-03,1.1400,1.1400,1.1300,1.1300,791,0
D,2014-09-02,1.1400,1.1400,1.1400,1.1400,350,0
D,2014-08-29,1.1400,1.1500,1.1400,1.1400,546,0
D,2014-08-28,1.1500,1.1700,1.1400,1.1400,445,0
D,2014-08-27,1.1500,1.1900,1.1400,1.1500,1519,0
D,2014-08-26,1.1500,1.1600,1.1500,1.1500,137,0
D,2014-08-25,1.1600,1.1600,1.1500,1.1500,1564,0
D,2014-08-22,1.1600,1.1700,1.1600,1.1700,325,0
D,2014-08-21,1.1600,1.1600,1.1600,1.1600,380,0
D,2014-08-20,1.1700,1.1700,1.1600,1.1600,3225,0
D,2014-08-19,1.1500,1.1700,1.1500,1.1600,1780,0
D,2014-08-18,1.1500,1.1600,1.1500,1.1500,1860,0
D,2014-08-15,1.1600,1.1600,1.1500,1.1500,668,0
D,2014-08-14,1.1500,1.1600,1.1500,1.1500,460,0
D,2014-08-13,1.1600,1.1600,1.1400,1.1500,1699,0
D,2014-08-12,1.1600,1.1700,1.1600,1.1600,1169,0
D,2014-08-11,1.1500,1.1600,1.1500,1.1500,1143,0
D,2014-08-08,1.1600,1.1600,1.1400,1.1400,1755,0
D,2014-08-07,1.1700,1.1700,1.1600,1.1600,4834,0
D,2014-08-06,1.2100,1.2100,1.1800,1.1800,8240,0
D,2014-08-05,1.2100,1.2400,1.2100,1.2300,1864,0
D,2014-08-04,1.2100,1.2100,1.2000,1.2000,1806,0
D,2014-08-01,1.2100,1.2200,1.2100,1.2100,525,0
D,2014-07-31,1.2100,1.2100,1.2100,1.2100,1145,0
D,2014-07-30,1.2200,1.2200,1.2000,1.2000,570,0
D,2014-07-25,1.2100,1.2200,1.2000,1.2100,1815,0
D,2014-07-24,1.2200,1.2200,1.2100,1.2100,600,0
D,2014-07-23,1.2200,1.2200,1.2100,1.2100,982,0
D,2014-07-22,1.2000,1.2200,1.2000,1.2200,435,0
D,2014-07-21,1.2000,1.2100,1.1900,1.2000,990,0
D,2014-07-18,1.2000,1.2000,1.1900,1.2000,974,0
D,2014-07-17,1.2100,1.2100,1.2100,1.2100,750,0
D,2014-07-16,1.2000,1.2000,1.1900,1.2000,930,0
D,2014-07-14,1.2100,1.2100,1.2000,1.2000,2663,0
D,2014-07-11,1.2100,1.2100,1.2000,1.2000,1175,0
D,2014-07-10,1.2000,1.2200,1.2000,1.2200,362,0
D,2014-07-09,1.2000,1.2100,1.2000,1.2000,988,0
D,2014-07-08,1.2200,1.2200,1.2000,1.2000,838,0
D,2014-07-07,1.2000,1.2200,1.2000,1.2100,1290,0
D,2014-07-04,1.2000,1.2100,1.2000,1.2000,2486,0
D,2014-07-03,1.2000,1.2100,1.1900,1.2000,1270,0
D,2014-07-02,1.2100,1.2100,1.2000,1.2000,2100,0
D,2014-07-01,1.2000,1.2100,1.2000,1.2100,90,0
D,2014-06-30,1.2200,1.2200,1.2000,1.2000,1090,0
D,2014-06-27,1.2100,1.2200,1.2100,1.2200,1053,0
D,2014-06-26,1.2300,1.2300,1.2000,1.2100,3144,0
D,2014-06-25,1.3200,1.3200,1.2900,1.3100,5769,0
D,2014-06-24,1.3200,1.3300,1.3200,1.3200,1792,0
D,2014-06-23,1.3300,1.3300,1.3100,1.3200,1279,0
D,2014-06-20,1.3300,1.3300,1.3000,1.3200,1393,0
D,2014-06-19,1.3300,1.3400,1.3200,1.3400,837,0
D,2014-06-18,1.3200,1.3300,1.3200,1.3300,1826,0
D,2014-06-17,1.3300,1.3400,1.3300,1.3300,323,0
D,2014-06-16,1.3100,1.3200,1.3100,1.3200,110,0
D,2014-06-13,1.3100,1.3100,1.3100,1.3100,170,0
D,2014-06-12,1.3000,1.3100,1.3000,1.3100,296,0
D,2014-06-11,1.3000,1.3200,1.3000,1.3100,480,0
D,2014-06-10,1.2900,1.3200,1.2900,1.3200,1139,0
D,2014-06-09,1.3000,1.3000,1.2800,1.2800,797,0
D,2014-06-06,1.2800,1.3000,1.2800,1.2900,448,0
D,2014-06-05,1.2700,1.2900,1.2700,1.2800,239,0
D,2014-06-04,1.2600,1.2800,1.2600,1.2800,1554,0
D,2014-06-03,1.2500,1.2700,1.2500,1.2700,1507,0
D,2014-06-02,1.2600,1.2700,1.2200,1.2500,6220,0
D,2014-05-30,1.3100,1.3100,1.1200,1.1200,10626,0
D,2014-05-29,1.3000,1.3100,1.3000,1.3000,2819,0
D,2014-05-28,1.3200,1.3300,1.3000,1.3000,2579,0
D,2014-05-27,1.3000,1.3200,1.3000,1.3200,138,0
D,2014-05-26,1.3000,1.3100,1.3000,1.3000,3122,0
D,2014-05-23,1.3200,1.3200,1.3000,1.3000,3198,0
D,2014-05-22,1.3200,1.3300,1.3200,1.3200,2239,0
D,2014-05-21,1.3400,1.3400,1.3000,1.3100,2211,0
D,2014-05-20,1.3500,1.3500,1.3400,1.3400,1031,0
D,2014-05-19,1.3500,1.3500,1.3400,1.3500,630,0
D,2014-05-16,1.3300,1.3500,1.3300,1.3500,1708,0
D,2014-05-15,1.3300,1.3300,1.3200,1.3300,1091,0
D,2014-05-14,1.3300,1.3400,1.3300,1.3300,1367,0
D,2014-05-12,1.3200,1.3300,1.3200,1.3300,1443,0
D,2014-05-09,1.3200,1.3300,1.3200,1.3200,1590,0
D,2014-05-08,1.3200,1.3400,1.3100,1.3300,3452,0
D,2014-05-07,1.3600,1.3600,1.3600,1.3600,100,0
D,2014-05-06,1.3500,1.3500,1.3500,1.3500,154,0
D,2014-05-05,1.3500,1.3500,1.3500,1.3500,1001,0
D,2014-05-02,1.3400,1.3500,1.3400,1.3500,591,0
D,2014-04-30,1.3300,1.3400,1.3300,1.3400,1076,0
D,2014-04-29,1.3400,1.3400,1.3300,1.3400,1875,0
D,2014-04-28,1.3500,1.3600,1.3400,1.3500,1915,0
D,2014-04-25,1.3600,1.3600,1.3600,1.3600,1030,0
D,2014-04-24,1.3500,1.3700,1.3500,1.3700,2013,0
D,2014-04-23,1.3500,1.3500,1.3400,1.3500,2380,0
D,2014-04-22,1.3500,1.3700,1.3500,1.3500,1436,0
D,2014-04-21,1.3400,1.3500,1.3400,1.3500,630,0
D,2014-04-18,1.3500,1.3500,1.3500,1.3500,130,0
D,2014-04-17,1.3500,1.3500,1.3400,1.3500,670,0
D,2014-04-16,1.3500,1.3500,1.3400,1.3400,780,0
D,2014-04-15,1.3500,1.3600,1.3400,1.3500,1001,0
D,2014-04-14,1.3500,1.3600,1.3500,1.3500,1671,0
D,2014-04-11,1.3500,1.3700,1.3500,1.3500,394,0
D,2014-04-10,1.3600,1.3700,1.3600,1.3600,1099,0
D,2014-04-09,1.3400,1.3600,1.3400,1.3600,4180,0
D,2014-04-08,1.3500,1.3600,1.3300,1.3500,263,0
D,2014-04-07,1.3400,1.3500,1.3400,1.3500,557,0
D,2014-04-04,1.3500,1.3500,1.3400,1.3400,792,0
D,2014-04-03,1.3400,1.3400,1.3300,1.3400,2269,0
D,2014-04-02,1.3400,1.3400,1.3300,1.3300,1480,0
D,2014-04-01,1.3300,1.3400,1.3300,1.3400,1020,0
D,2014-03-31,1.3400,1.3400,1.3200,1.3200,393,0
D,2014-03-28,1.3300,1.3400,1.3200,1.3400,1593,0
D,2014-03-27,1.3400,1.3400,1.3400,1.3400,460,0
D,2014-03-26,1.3400,1.3500,1.3300,1.3400,207,0
D,2014-03-25,1.3400,1.3600,1.3400,1.3600,2191,0
D,2014-03-24,1.3300,1.3400,1.3300,1.3300,540,0
D,2014-03-21,1.3200,1.3400,1.3200,1.3400,570,0
D,2014-03-20,1.3300,1.3300,1.3200,1.3300,606,0
D,2014-03-19,1.3200,1.3300,1.3200,1.3300,720,0
D,2014-03-18,1.3100,1.3200,1.3100,1.3200,1155,0
D,2014-03-17,1.3100,1.3100,1.3100,1.3100,233,0
D,2014-03-14,1.3200,1.3200,1.3100,1.3200,1360,0
D,2014-03-13,1.3500,1.3500,1.3400,1.3400,735,0
D,2014-03-12,1.3300,1.3500,1.3300,1.3500,748,0
D,2014-03-11,1.3500,1.3500,1.3400,1.3400,1182,0
D,2014-03-10,1.3100,1.3500,1.3100,1.3500,1880,0
D,2014-03-07,1.3100,1.3300,1.3100,1.3200,900,0
D,2014-03-06,1.3100,1.3200,1.3100,1.3100,10670,0
D,2014-03-05,1.3100,1.3200,1.3100,1.3200,527,0
D,2014-03-04,1.3100,1.3100,1.3000,1.3100,1685,0
D,2014-03-03,1.3100,1.3200,1.3100,1.3200,1545,0
D,2014-02-28,1.3100,1.3400,1.3100,1.3400,1418,0
D,2014-02-27,1.3100,1.3200,1.3000,1.3100,440,0
D,2014-02-26,1.3200,1.3300,1.3100,1.3300,1690,0
D,2014-02-25,1.3200,1.3200,1.3000,1.3200,2130,0
D,2014-02-24,1.3100,1.3200,1.3000,1.3200,4214,0
D,2014-02-21,1.3000,1.3100,1.2900,1.3000,1952,0
D,2014-02-20,1.3000,1.3000,1.2900,1.3000,680,0
D,2014-02-19,1.3000,1.3100,1.2900,1.3000,898,0
D,2014-02-18,1.2900,1.3100,1.2900,1.3100,2311,0
D,2014-02-17,1.3100,1.3100,1.2900,1.2900,1913,0
D,2014-02-14,1.3100,1.3200,1.3000,1.3100,1980,0
D,2014-02-13,1.3000,1.3100,1.3000,1.3100,240,0
D,2014-02-12,1.3000,1.3000,1.2900,1.3000,1798,0
D,2014-02-11,1.2900,1.3000,1.2900,1.3000,2256,0
D,2014-02-10,1.2900,1.3000,1.2900,1.2900,1670,0
D,2014-02-07,1.2800,1.2900,1.2700,1.2900,979,0
D,2014-02-06,1.2600,1.2700,1.2600,1.2700,230,0
D,2014-02-05,1.2800,1.2800,1.2800,1.2800,400,0
D,2014-02-04,1.2800,1.2800,1.2800,1.2800,0,0
D,2014-01-30,1.2800,1.2800,1.2800,1.2800,4,0
D,2014-01-29,1.2500,1.2500,1.2500,1.2500,0,0
D,2014-01-28,1.2500,1.2500,1.2500,1.2500,200,0
D,2014-01-27,1.2500,1.2500,1.2400,1.2500,268,0
D,2014-01-24,1.2600,1.2700,1.2600,1.2600,644,0
D,2014-01-23,1.2700,1.2800,1.2500,1.2600,1428,0
D,2014-01-22,1.2800,1.2800,1.2800,1.2800,1313,0
D,2014-01-21,1.2500,1.2800,1.2500,1.2800,761,0
D,2014-01-20,1.2600,1.2600,1.2500,1.2500,660,0
D,2014-01-16,1.2700,1.2700,1.2600,1.2600,200,0
D,2014-01-15,1.2800,1.2800,1.2500,1.2700,1203,0
D,2014-01-13,1.2800,1.2900,1.2800,1.2900,710,0
D,2014-01-10,1.2700,1.2900,1.2700,1.2800,1230,0
D,2014-01-09,1.2600,1.2800,1.2600,1.2800,595,0
D,2014-01-08,1.2600,1.2600,1.2500,1.2600,685,0
D,2014-01-07,1.2500,1.2600,1.2500,1.2500,2118,0
D,2014-01-06,1.2500,1.2500,1.2400,1.2500,1641,0
D,2014-01-03,1.2600,1.2700,1.2500,1.2700,1386,0
D,2014-01-02,1.2500,1.2600,1.2500,1.2600,490,0
D,2013-12-31,1.2700,1.2700,1.2400,1.2400,2520,0
D,2013-12-30,1.2600,1.2700,1.2600,1.2600,174,0
D,2013-12-27,1.2500,1.2700,1.2500,1.2700,451,0
D,2013-12-26,1.2600,1.2600,1.2500,1.2600,570,0
D,2013-12-24,1.2700,1.2800,1.2600,1.2600,555,0
D,2013-12-23,1.2500,1.2700,1.2500,1.2700,220,0
D,2013-12-20,1.2600,1.2700,1.2600,1.2700,400,0
D,2013-12-19,1.2600,1.2600,1.2600,1.2600,350,0
D,2013-12-18,1.2700,1.2700,1.2600,1.2600,286,0
D,2013-12-17,1.2800,1.2800,1.2700,1.2700,338,0
D,2013-12-16,1.2700,1.2900,1.2700,1.2800,878,0
D,2013-12-13,1.2800,1.2800,1.2700,1.2800,450,0
D,2013-12-12,1.2800,1.2800,1.2700,1.2800,405,0
D,2013-12-11,1.2800,1.2800,1.2700,1.2700,981,0
D,2013-12-10,1.2800,1.2900,1.2800,1.2800,736,0
D,2013-12-09,1.2900,1.2900,1.2900,1.2900,187,0
D,2013-12-06,1.2700,1.2900,1.2700,1.2900,649,0
D,2013-12-05,1.2700,1.2700,1.2600,1.2700,530,0
D,2013-12-04,1.2800,1.2800,1.2600,1.2800,585,0
D,2013-12-03,1.3000,1.3000,1.2700,1.2800,152,0
D,2013-12-02,1.3000,1.3000,1.2900,1.2900,70,0
D,2013-11-29,1.3000,1.3200,1.2900,1.3200,860,0
D,2013-11-28,1.3100,1.3200,1.3000,1.3200,2130,0
D,2013-11-27,1.3100,1.3200,1.3100,1.3200,810,0
D,2013-11-26,1.3000,1.3200,1.3000,1.3200,735,0
D,2013-11-25,1.3100,1.3100,1.3000,1.3100,2078,0
D,2013-11-22,1.3000,1.3000,1.3000,1.3000,550,0
D,2013-11-21,1.3100,1.3100,1.3000,1.3000,1265,0
D,2013-11-20,1.2900,1.3100,1.2900,1.3100,2391,0
D,2013-11-19,1.2900,1.3000,1.2900,1.3000,1255,0
D,2013-11-18,1.3000,1.3000,1.3000,1.3000,641,0
D,2013-11-15,1.2900,1.3000,1.2900,1.3000,706,0
D,2013-11-14,1.2900,1.2900,1.2900,1.2900,605,0
D,2013-11-13,1.3000,1.3000,1.2900,1.2900,430,0
D,2013-11-12,1.2900,1.3000,1.2800,1.3000,2245,0
D,2013-11-11,1.3300,1.3300,1.2900,1.3000,3826,0
D,2013-11-08,1.3500,1.3600,1.3400,1.3600,1378,0
D,2013-11-07,1.3300,1.3500,1.3300,1.3500,2464,0
D,2013-11-06,1.3300,1.3400,1.3200,1.3300,1924,0
D,2013-11-04,1.3200,1.3300,1.3100,1.3300,2046,0
D,2013-11-01,1.3000,1.3300,1.3000,1.3300,1602,0
D,2013-10-31,1.3200,1.3200,1.3000,1.3200,444,0
D,2013-10-30,1.2900,1.3300,1.2800,1.3300,1174,0
D,2013-10-29,1.3000,1.3100,1.2900,1.3000,1410,0
D,2013-10-28,1.3000,1.3000,1.3000,1.3000,450,0
D,2013-10-25,1.3000,1.3100,1.3000,1.3100,1060,0
D,2013-10-24,1.3100,1.3100,1.2900,1.3100,761,0
D,2013-10-23,1.2900,1.3000,1.2900,1.3000,1388,0
D,2013-10-22,1.2800,1.2900,1.2800,1.2800,300,0
D,2013-10-21,1.2700,1.2800,1.2700,1.2700,640,0
D,2013-10-18,1.2700,1.2700,1.2700,1.2700,335,0
D,2013-10-17,1.2700,1.2800,1.2600,1.2700,1020,0
D,2013-10-16,1.2700,1.2800,1.2700,1.2800,1015,0
D,2013-10-14,1.2700,1.2700,1.2600,1.2600,375,0
D,2013-10-11,1.2800,1.2900,1.2700,1.2800,320,0
D,2013-10-10,1.2700,1.2900,1.2700,1.2900,590,0
D,2013-10-09,1.2600,1.2800,1.2600,1.2600,2360,0
D,2013-10-08,1.2600,1.2800,1.2600,1.2800,395,0
D,2013-10-07,1.2900,1.2900,1.2700,1.2700,586,0
D,2013-10-04,1.2800,1.2900,1.2800,1.2800,1530,0
D,2013-10-03,1.2800,1.2800,1.2700,1.2700,565,0
D,2013-10-02,1.2600,1.2900,1.2600,1.2800,386,0
D,2013-10-01,1.2700,1.2700,1.2500,1.2500,270,0
D,2013-09-30,1.2800,1.2800,1.2800,1.2800,45,0
D,2013-09-27,1.2700,1.2900,1.2700,1.2900,600,0
D,2013-09-26,1.2600,1.2700,1.2600,1.2700,225,0
D,2013-09-25,1.2600,1.2600,1.2500,1.2600,495,0
D,2013-09-24,1.2500,1.2600,1.2500,1.2600,484,0
D,2013-09-23,1.2600,1.2600,1.2400,1.2500,2570,0
D,2013-09-20,1.2500,1.2600,1.2400,1.2500,1270,0
D,2013-09-19,1.2500,1.2600,1.2400,1.2600,3651,0
D,2013-09-18,1.2500,1.2600,1.2400,1.2400,1151,0
D,2013-09-17,1.2600,1.2600,1.2400,1.2400,979,0
D,2013-09-13,1.2600,1.2600,1.2500,1.2500,514,0
D,2013-09-12,1.2700,1.2700,1.2500,1.2600,611,0
D,2013-09-11,1.2800,1.2800,1.2800,1.2800,365,0
D,2013-09-10,1.2500,1.2800,1.2500,1.2800,336,0
D,2013-09-09,1.2400,1.2400,1.2300,1.2400,488,0
D,2013-09-06,1.2300,1.2500,1.2300,1.2500,180,0
D,2013-09-05,1.2300,1.2300,1.2300,1.2300,116,0
D,2013-09-04,1.2200,1.2400,1.2200,1.2200,536,0
D,2013-09-03,1.2300,1.2400,1.2200,1.2300,600,0
D,2013-09-02,1.2500,1.2500,1.2200,1.2200,812,0
D,2013-08-30,1.2400,1.2500,1.2400,1.2400,268,0
D,2013-08-29,1.2200,1.2300,1.2100,1.2300,381,0
D,2013-08-28,1.2100,1.2200,1.1900,1.2200,1730,0
D,2013-08-27,1.2700,1.2700,1.2300,1.2300,2119,0
D,2013-08-26,1.2700,1.2700,1.2700,1.2700,580,0
D,2013-08-23,1.2800,1.2800,1.2700,1.2700,1076,0
D,2013-08-22,1.2900,1.2900,1.2600,1.2600,3053,0
D,2013-08-21,1.3000,1.3100,1.2900,1.2900,1587,0
D,2013-08-20,1.3100,1.3200,1.3000,1.3000,1924,0
D,2013-08-19,1.3100,1.3200,1.3100,1.3200,772,0
D,2013-08-16,1.3200,1.3400,1.3100,1.3100,690,0
D,2013-08-15,1.3300,1.3300,1.3200,1.3200,1076,0
D,2013-08-14,1.3300,1.3300,1.3100,1.3200,914,0
D,2013-08-13,1.3200,1.3200,1.3100,1.3200,741,0
D,2013-08-12,1.3300,1.3300,1.3100,1.3200,975,0
D,2013-08-07,1.3200,1.3300,1.3200,1.3300,736,0
D,2013-08-06,1.3100,1.3200,1.2900,1.3200,1195,0
D,2013-08-05,1.3100,1.3100,1.2800,1.2800,1932,0
D,2013-08-02,1.3000,1.3000,1.3000,1.3000,650,0
D,2013-08-01,1.3000,1.3000,1.2900,1.2900,542,0
D,2013-07-31,1.3200,1.3200,1.2900,1.3000,1715,0
D,2013-07-30,1.3300,1.3300,1.3200,1.3200,426,0
D,2013-07-29,1.3300,1.3400,1.3300,1.3300,707,0
D,2013-07-26,1.3400,1.3400,1.3300,1.3400,785,0
D,2013-07-25,1.3300,1.3400,1.3300,1.3400,1330,0
D,2013-07-24,1.3400,1.3400,1.3300,1.3300,1030,0
D,2013-07-23,1.3300,1.3400,1.3300,1.3300,2356,0
D,2013-07-22,1.3500,1.3600,1.3300,1.3400,762,0
D,2013-07-19,1.3500,1.3500,1.3300,1.3300,300,0
D,2013-07-18,1.3400,1.3500,1.3300,1.3500,740,0
D,2013-07-17,1.3400,1.3500,1.3300,1.3300,880,0
D,2013-07-16,1.3400,1.3500,1.3400,1.3500,1790,0
D,2013-07-15,1.3400,1.3500,1.3400,1.3400,966,0
D,2013-07-12,1.3400,1.3600,1.3400,1.3500,1383,0
D,2013-07-11,1.3200,1.3400,1.3200,1.3400,1311,0
D,2013-07-10,1.3200,1.3300,1.3200,1.3300,880,0
D,2013-07-09,1.3200,1.3200,1.3200,1.3200,1082,0
D,2013-07-08,1.3200,1.3200,1.3100,1.3200,570,0
D,2013-07-05,1.3100,1.3300,1.3100,1.3200,1061,0
D,2013-07-04,1.3100,1.3100,1.3000,1.3100,425,0
D,2013-07-03,1.2900,1.3100,1.2900,1.3100,1290,0
D,2013-07-02,1.2900,1.2900,1.2800,1.2800,379,0
D,2013-07-01,1.2900,1.2900,1.2800,1.2800,676,0
D,2013-06-28,1.3000,1.3000,1.2800,1.2800,920,0
D,2013-06-27,1.3000,1.3000,1.2800,1.2900,1065,0
D,2013-06-26,1.3400,1.3400,1.3000,1.3000,1825,0
D,2013-06-25,1.4000,1.4100,1.3700,1.3800,3185,0
D,2013-06-24,1.4200,1.4200,1.4000,1.4000,4192,0
D,2013-06-21,1.4100,1.4100,1.4000,1.4100,3230,0
D,2013-06-20,1.4300,1.4500,1.4300,1.4300,1034,0
D,2013-06-19,1.4500,1.4500,1.4400,1.4400,1330,0
D,2013-06-18,1.4300,1.4600,1.4300,1.4500,2590,0
D,2013-06-17,1.4300,1.4400,1.4300,1.4400,666,0
D,2013-06-14,1.4300,1.4400,1.4300,1.4400,874,0
D,2013-06-13,1.4300,1.4300,1.4100,1.4200,2126,0
D,2013-06-12,1.4300,1.4400,1.4300,1.4400,580,0
D,2013-06-11,1.4500,1.4500,1.4300,1.4300,608,0
D,2013-06-10,1.4300,1.4400,1.4300,1.4400,989,0
D,2013-06-07,1.4300,1.4300,1.4300,1.4300,928,0
D,2013-06-06,1.4200,1.4400,1.4200,1.4300,1267,0
D,2013-06-05,1.4500,1.4500,1.4300,1.4300,1390,0
D,2013-06-04,1.4300,1.4600,1.4200,1.4600,2028,0
D,2013-06-03,1.4200,1.4300,1.4100,1.4300,1912,0
D,2013-05-31,1.4300,1.4300,1.4200,1.4200,2630,0
D,2013-05-30,1.4400,1.4400,1.4200,1.4300,2342,0
D,2013-05-29,1.4600,1.4600,1.4400,1.4500,1785,0
D,2013-05-28,1.4500,1.4700,1.4500,1.4600,5161,0
D,2013-05-27,1.4200,1.4500,1.4200,1.4500,1311,0
D,2013-05-23,1.4400,1.4500,1.4000,1.4200,4840,0
D,2013-05-22,1.4800,1.4800,1.4300,1.4300,3717,0
D,2013-05-21,1.4400,1.5000,1.4400,1.4600,7142,0
D,2013-05-20,1.4200,1.4400,1.4200,1.4400,4037,0
D,2013-05-17,1.4200,1.4200,1.4000,1.4100,1590,0
D,2013-05-16,1.4200,1.4300,1.4000,1.4200,3396,0
D,2013-05-15,1.4500,1.4500,1.4000,1.4200,7264,0
D,2013-05-14,1.4300,1.4500,1.4100,1.4300,15632,0
D,2013-05-13,1.3100,1.3400,1.3000,1.3300,5265,0
D,2013-05-10,1.2900,1.3000,1.2900,1.2900,3156,0
D,2013-05-09,1.2700,1.2900,1.2700,1.2900,1260,0
D,2013-05-08,1.2700,1.2800,1.2600,1.2600,1036,0
D,2013-05-07,1.2600,1.2900,1.2600,1.2700,1085,0
D,2013-05-06,1.2500,1.2600,1.2500,1.2600,475,0
D,2013-05-03,1.2200,1.2300,1.2200,1.2300,1600,0
D,2013-05-02,1.2200,1.2300,1.2100,1.2200,1357,0
D,2013-04-30,1.2300,1.2300,1.2300,1.2300,320,0
D,2013-04-29,1.2300,1.2400,1.2300,1.2300,1064,0
D,2013-04-26,1.2400,1.2500,1.2400,1.2400,847,0
D,2013-04-25,1.2400,1.2400,1.2300,1.2300,780,0
D,2013-04-24,1.2400,1.2500,1.2400,1.2400,721,0
D,2013-04-23,1.2600,1.2600,1.2500,1.2500,1393,0
D,2013-04-22,1.2700,1.2700,1.2600,1.2700,1184,0
D,2013-04-19,1.2800,1.2800,1.2800,1.2800,390,0
D,2013-04-18,1.2800,1.2900,1.2800,1.2900,510,0
D,2013-04-17,1.2800,1.2800,1.2600,1.2700,615,0
D,2013-04-16,1.2700,1.2800,1.2600,1.2800,517,0
D,2013-04-15,1.2600,1.2700,1.2600,1.2700,800,0
D,2013-04-12,1.2600,1.2700,1.2600,1.2600,815,0
D,2013-04-11,1.2700,1.2700,1.2500,1.2600,595,0
D,2013-04-10,1.3000,1.3000,1.2700,1.2700,2394,0
D,2013-04-09,1.2600,1.3000,1.2600,1.3000,5009,0
D,2013-04-08,1.2400,1.2700,1.2400,1.2700,1039,0
D,2013-04-05,1.2300,1.2500,1.2300,1.2500,1449,0
D,2013-04-04,1.2400,1.2400,1.2300,1.2400,892,0
D,2013-04-03,1.2300,1.2300,1.2100,1.2300,3100,0
D,2013-04-02,1.2300,1.2300,1.2300,1.2300,470,0
D,2013-04-01,1.2100,1.2300,1.2100,1.2300,997,0
D,2013-03-29,1.2200,1.2200,1.2000,1.2100,760,0
D,2013-03-28,1.2200,1.2200,1.2000,1.2100,1398,0
D,2013-03-27,1.2200,1.2300,1.2100,1.2100,320,0
D,2013-03-26,1.2100,1.2200,1.2100,1.2200,166,0
D,2013-03-25,1.2100,1.2100,1.2000,1.2000,867,0
D,2013-03-22,1.2100,1.2100,1.2000,1.2000,616,0
D,2013-03-21,1.2000,1.2100,1.2000,1.2100,920,0
D,2013-03-20,1.2100,1.2100,1.1900,1.1900,2080,0
D,2013-03-19,1.2100,1.2100,1.2100,1.2100,390,0
D,2013-03-18,1.2000,1.2200,1.2000,1.2100,500,0
D,2013-03-15,1.2100,1.2100,1.2000,1.2000,171,0
D,2013-03-14,1.2000,1.2100,1.2000,1.2000,694,0
D,2013-03-13,1.2100,1.2100,1.1900,1.2000,2190,0
D,2013-03-12,1.2100,1.2100,1.2100,1.2100,226,0
D,2013-03-11,1.2000,1.2100,1.2000,1.2100,1140,0
D,2013-03-08,1.2200,1.2200,1.1900,1.2000,850,0
D,2013-03-07,1.2100,1.2100,1.2000,1.2100,173,0
D,2013-03-06,1.2000,1.2000,1.1900,1.2000,998,0
D,2013-03-05,1.1900,1.2000,1.1900,1.1900,1175,0
D,2013-03-04,1.2000,1.2000,1.1900,1.1900,227,0
D,2013-03-01,1.1900,1.2000,1.1900,1.1900,776,0
D,2013-02-28,1.2000,1.2000,1.1900,1.2000,2338,0
D,2013-02-27,1.2100,1.2100,1.2000,1.2000,800,0
D,2013-02-26,1.2100,1.2200,1.2100,1.2100,840,0
D,2013-02-25,1.2100,1.2200,1.2000,1.2200,1072,0
D,2013-02-22,1.2000,1.2100,1.2000,1.2100,2168,0
D,2013-02-21,1.2000,1.2100,1.1900,1.1900,2720,0
D,2013-02-20,1.2000,1.2100,1.1900,1.2000,2000,0
D,2013-02-19,1.2100,1.2100,1.2000,1.2100,835,0
D,2013-02-18,1.2100,1.2300,1.2000,1.2100,1981,0
D,2013-02-15,1.2100,1.2200,1.2100,1.2100,1230,0
D,2013-02-14,1.2200,1.2200,1.2100,1.2100,1350,0
D,2013-02-13,1.2100,1.2100,1.2000,1.2100,910,0
D,2013-02-08,1.2000,1.2100,1.2000,1.2100,659,0
D,2013-02-07,1.2000,1.2100,1.2000,1.2100,1401,0
D,2013-02-06,1.2200,1.2200,1.2000,1.2000,3271,0
D,2013-02-05,1.1700,1.1900,1.1700,1.1900,1000,0
D,2013-02-04,1.1900,1.2000,1.1800,1.1900,1917,0
D,2013-01-31,1.1800,1.1900,1.1800,1.1900,3250,0
D,2013-01-30,1.1900,1.1900,1.1700,1.1700,1645,0
D,2013-01-29,1.1900,1.1900,1.1800,1.1900,1715,0
D,2013-01-25,1.1900,1.1900,1.1700,1.1900,3630,0
D,2013-01-23,1.1700,1.1900,1.1700,1.1900,681,0
D,2013-01-22,1.1800,1.1800,1.1700,1.1800,3012,0
D,2013-01-21,1.2000,1.2100,1.1900,1.1900,3333,0
D,2013-01-18,1.2100,1.2200,1.2000,1.2000,3190,0
D,2013-01-17,1.2400,1.2400,1.2100,1.2100,900,0
D,2013-01-16,1.1900,1.2200,1.1900,1.2100,820,0
D,2013-01-15,1.2000,1.2000,1.1900,1.1900,1260,0
D,2013-01-14,1.2000,1.2000,1.2000,1.2000,1582,0
D,2013-01-11,1.2200,1.2200,1.2000,1.2000,1480,0
D,2013-01-10,1.2100,1.2500,1.2100,1.2200,650,0
D,2013-01-09,1.2000,1.2100,1.2000,1.2100,666,0
D,2013-01-08,1.2100,1.2100,1.1900,1.2000,1010,0
D,2013-01-07,1.1900,1.2100,1.1900,1.2100,629,0
D,2013-01-04,1.2000,1.2000,1.1800,1.1900,595,0
D,2013-01-03,1.1900,1.2000,1.1900,1.2000,240,0
D,2013-01-02,1.2000,1.2000,1.1900,1.1900,160,0
D,2012-12-31,1.1800,1.1900,1.1700,1.1900,470,0
D,2012-12-28,1.1800,1.1800,1.1800,1.1800,513,0
D,2012-12-27,1.1800,1.1800,1.1700,1.1800,922,0
D,2012-12-26,1.1700,1.1800,1.1700,1.1700,310,0
D,2012-12-24,1.1800,1.1800,1.1700,1.1700,900,0
D,2012-12-21,1.1800,1.1800,1.1700,1.1700,922,0
D,2012-12-20,1.1800,1.1800,1.1800,1.1800,1270,0
D,2012-12-19,1.1900,1.1900,1.1800,1.1800,120,0
D,2012-12-18,1.1800,1.1800,1.1800,1.1800,379,0
D,2012-12-17,1.1800,1.1900,1.1800,1.1900,293,0
D,2012-12-14,1.2000,1.2000,1.1900,1.1900,225,0
D,2012-12-13,1.1900,1.2000,1.1900,1.2000,135,0
D,2012-12-12,1.2100,1.2100,1.1900,1.1900,510,0
D,2012-12-11,1.1800,1.1800,1.1800,1.1800,0,0
D,2012-12-10,1.1900,1.1900,1.1800,1.1800,400,0
D,2012-12-07,1.1900,1.1900,1.1800,1.1800,325,0
D,2012-12-06,1.1900,1.1900,1.1800,1.1800,155,0
D,2012-12-05,1.1800,1.1900,1.1800,1.1900,541,0
D,2012-12-04,1.1800,1.1800,1.1700,1.1800,1286,0
D,2012-12-03,1.1800,1.1900,1.1800,1.1800,352,0
D,2012-11-30,1.1900,1.1900,1.1800,1.1800,466,0
D,2012-11-29,1.1900,1.1900,1.1800,1.1800,220,0
D,2012-11-28,1.1800,1.1800,1.1800,1.1800,12,0
D,2012-11-27,1.1900,1.2000,1.1800,1.1900,984,0
D,2012-11-26,1.2000,1.2000,1.1900,1.1900,140,0
D,2012-11-23,1.2200,1.2200,1.1900,1.1900,949,0
D,2012-11-22,1.2000,1.2100,1.2000,1.2100,280,0
D,2012-11-21,1.2000,1.2100,1.2000,1.2100,205,0
D,2012-11-20,1.2100,1.2100,1.2100,1.2100,183,0
D,2012-11-19,1.2000,1.2000,1.2000,1.2000,280,0
D,2012-11-16,1.2000,1.2200,1.2000,1.2100,480,0
D,2012-11-14,1.2100,1.2100,1.2000,1.2000,300,0
D,2012-11-12,1.2200,1.2200,1.2200,1.2200,408,0
D,2012-11-09,1.2300,1.2300,1.2200,1.2300,360,0
D,2012-11-08,1.2200,1.2200,1.2100,1.2200,510,0
D,2012-11-07,1.2200,1.2200,1.2200,1.2200,768,0
D,2012-11-06,1.2300,1.2400,1.2100,1.2200,2435,0
D,2012-11-05,1.2300,1.2300,1.2200,1.2300,280,0
D,2012-11-02,1.2300,1.2300,1.2200,1.2200,561,0
D,2012-11-01,1.2200,1.2300,1.2200,1.2200,541,0
D,2012-10-31,1.2200,1.2200,1.2200,1.2200,197,0
D,2012-10-30,1.2200,1.2300,1.2200,1.2200,239,0
D,2012-10-29,1.2200,1.2300,1.2200,1.2200,1223,0
D,2012-10-25,1.2300,1.2300,1.2200,1.2200,334,0
D,2012-10-24,1.2100,1.2300,1.2000,1.2300,870,0
D,2012-10-23,1.2200,1.2200,1.2100,1.2100,94,0
D,2012-10-22,1.2000,1.2200,1.2000,1.2200,656,0
D,2012-10-19,1.2200,1.2200,1.2100,1.2100,368,0
D,2012-10-18,1.2000,1.2100,1.2000,1.2000,317,0
D,2012-10-17,1.2100,1.2100,1.2000,1.2000,649,0
D,2012-10-16,1.2000,1.2000,1.2000,1.2000,32,0
D,2012-10-15,1.2000,1.2000,1.2000,1.2000,70,0
D,2012-10-12,1.2200,1.2200,1.2000,1.2000,313,0
D,2012-10-11,1.2100,1.2200,1.2100,1.2200,400,0
D,2012-10-10,1.2400,1.2400,1.2200,1.2200,277,0
D,2012-10-09,1.2200,1.2300,1.2100,1.2300,280,0
D,2012-10-08,1.2200,1.2200,1.2100,1.2100,520,0
D,2012-10-05,1.2400,1.2400,1.2200,1.2200,690,0
D,2012-10-04,1.2100,1.2400,1.2000,1.2200,961,0
D,2012-10-03,1.1900,1.2100,1.1900,1.2000,730,0
D,2012-05-03,1.3800,1.3800,1.3700,1.3800,401,0
D,2012-05-02,1.3900,1.3900,1.3900,1.3900,35,0
