D,2013-04-02,0.2050,0.2050,0.2050,0.2050,0,0
D,2013-04-01,0.2050,0.2050,0.2050,0.2050,0,0
D,2013-03-29,0.2050,0.2050,0.2050,0.2050,0,0
D,2013-03-28,0.2050,0.2050,0.2050,0.2050,0,0
D,2013-03-27,0.1950,0.2050,0.1950,0.2050,240,0
D,2013-03-26,0.2100,0.2200,0.2100,0.2200,400,0
D,2013-03-25,0.2350,0.2350,0.2350,0.2350,0,0
D,2013-03-22,0.2350,0.2350,0.2350,0.2350,0,0
D,2013-03-21,0.2000,0.2350,0.2000,0.2350,1500,0
D,2013-03-20,0.2050,0.2050,0.2050,0.2050,0,0
D,2013-03-19,0.2050,0.2050,0.2050,0.2050,0,0
D,2013-03-18,0.2100,0.2100,0.2050,0.2050,300,0
D,2013-03-15,0.2250,0.2250,0.2250,0.2250,200,0
D,2013-03-14,0.1950,0.2050,0.1950,0.2050,2000,0
D,2013-03-13,0.2350,0.2350,0.2350,0.2350,0,0
D,2013-03-12,0.1950,0.2500,0.1950,0.2350,3240,0
D,2013-03-11,0.1700,0.1700,0.1700,0.1700,0,0
D,2013-03-08,0.1700,0.1700,0.1700,0.1700,200,0
D,2013-03-07,0.1850,0.1850,0.1850,0.1850,0,0
D,2013-03-06,0.1950,0.1950,0.1850,0.1850,460,0
D,2013-03-05,0.1750,0.1900,0.1750,0.1900,1700,0
D,2013-03-04,0.1600,0.1750,0.1600,0.1750,1020,0
D,2013-03-01,0.1300,0.1300,0.1300,0.1300,0,0
D,2013-02-28,0.1300,0.1300,0.1300,0.1300,0,0
D,2013-02-27,0.1300,0.1300,0.1300,0.1300,1000,0
D,2013-02-26,0.1200,0.1200,0.1200,0.1200,1000,0
D,2013-02-25,0.1200,0.1200,0.1200,0.1200,0,0
D,2013-02-22,0.1200,0.1200,0.1200,0.1200,0,0
D,2013-02-21,0.1200,0.1200,0.1200,0.1200,0,0
D,2013-02-20,0.1200,0.1200,0.1200,0.1200,100,0
D,2013-02-19,0.1400,0.1400,0.1400,0.1400,0,0
D,2013-02-18,0.1400,0.1400,0.1400,0.1400,0,0
D,2013-02-15,0.1400,0.1400,0.1400,0.1400,0,0
D,2013-02-14,0.1400,0.1400,0.1400,0.1400,0,0
D,2013-02-13,0.1400,0.1400,0.1400,0.1400,0,0
D,2013-02-08,0.1400,0.1400,0.1400,0.1400,0,0
D,2013-02-07,0.1400,0.1400,0.1400,0.1400,0,0
D,2013-02-06,0.1400,0.1400,0.1400,0.1400,0,0
D,2013-02-05,0.1400,0.1400,0.1400,0.1400,300,0
D,2013-02-04,0.1450,0.1450,0.1450,0.1450,0,0
D,2013-01-31,0.1450,0.1450,0.1450,0.1450,181,0
D,2013-01-30,0.1450,0.1450,0.1450,0.1450,469,0
D,2013-01-29,0.1500,0.1600,0.1500,0.1500,1050,0
D,2013-01-25,0.1600,0.1600,0.1550,0.1600,710,0
D,2013-01-23,0.1650,0.1650,0.1650,0.1650,0,0
D,2013-01-22,0.1650,0.1650,0.1600,0.1650,1500,0
D,2013-01-21,0.1750,0.1950,0.1600,0.1700,2760,0
D,2013-01-18,0.1700,0.1700,0.1700,0.1700,500,0
D,2013-01-17,0.1600,0.1600,0.1600,0.1600,0,0
D,2013-01-16,0.1600,0.1600,0.1600,0.1600,0,0
D,2013-01-15,0.1600,0.1600,0.1600,0.1600,0,0
D,2013-01-14,0.1650,0.1650,0.1600,0.1600,350,0
D,2013-01-11,0.1700,0.1850,0.1700,0.1850,450,0
D,2013-01-10,0.1650,0.1650,0.1650,0.1650,420,0
D,2013-01-09,0.1750,0.1750,0.1750,0.1750,0,0
D,2013-01-08,0.1800,0.1800,0.1750,0.1750,550,0
D,2013-01-07,0.1450,0.1650,0.1450,0.1650,1920,0
D,2013-01-04,0.1350,0.1350,0.1350,0.1350,500,0
D,2013-01-03,0.1350,0.1350,0.1350,0.1350,100,0
D,2013-01-02,0.1300,0.1450,0.1300,0.1400,1200,0
D,2012-12-31,0.1250,0.1250,0.1250,0.1250,0,0
D,2012-12-28,0.1250,0.1250,0.1250,0.1250,0,0
D,2012-12-27,0.1250,0.1250,0.1250,0.1250,600,0
D,2012-12-26,0.1300,0.1300,0.1300,0.1300,0,0
D,2012-12-24,0.1300,0.1300,0.1300,0.1300,300,0
D,2012-12-21,0.1350,0.1350,0.1350,0.1350,350,0
D,2012-12-20,0.1200,0.1200,0.1200,0.1200,200,0
D,2012-12-19,0.1300,0.1300,0.1300,0.1300,200,0
D,2012-12-18,0.1350,0.1350,0.1350,0.1350,100,0
D,2012-12-17,0.1400,0.1400,0.1400,0.1400,0,0
D,2012-12-14,0.1400,0.1400,0.1400,0.1400,200,0
D,2012-12-13,0.1400,0.1400,0.1400,0.1400,300,0
D,2012-12-12,0.1300,0.1300,0.1300,0.1300,200,0
D,2012-12-11,0.1250,0.1250,0.1250,0.1250,300,0
D,2012-12-10,0.1150,0.1150,0.1150,0.1150,200,0
D,2012-12-07,0.1150,0.1150,0.1150,0.1150,0,0
D,2012-12-06,0.1150,0.1150,0.1150,0.1150,0,0
D,2012-12-05,0.1150,0.1150,0.1150,0.1150,0,0
D,2012-12-04,0.1150,0.1150,0.1150,0.1150,0,0
D,2012-12-03,0.1150,0.1150,0.1150,0.1150,0,0
D,2012-11-30,0.1150,0.1150,0.1150,0.1150,0,0
D,2012-11-29,0.1150,0.1150,0.1150,0.1150,0,0
D,2012-11-28,0.1150,0.1150,0.1150,0.1150,0,0
D,2012-11-27,0.1150,0.1150,0.1150,0.1150,0,0
D,2012-11-26,0.1150,0.1150,0.1150,0.1150,0,0
D,2012-11-23,0.1150,0.1150,0.1150,0.1150,0,0
D,2012-11-22,0.1150,0.1150,0.1150,0.1150,0,0
D,2012-11-21,0.1150,0.1150,0.1150,0.1150,0,0
D,2012-11-20,0.1100,0.1150,0.1100,0.1150,1000,0
D,2012-11-19,0.1050,0.1050,0.1050,0.1050,0,0
D,2012-11-16,0.1050,0.1050,0.1050,0.1050,0,0
D,2012-11-14,0.1050,0.1050,0.1050,0.1050,0,0
D,2012-11-12,0.1050,0.1050,0.1050,0.1050,0,0
D,2012-11-09,0.1050,0.1050,0.1050,0.1050,0,0
D,2012-11-08,0.1050,0.1050,0.1050,0.1050,0,0
D,2012-11-07,0.1050,0.1050,0.1050,0.1050,0,0
D,2012-11-06,0.1050,0.1050,0.1050,0.1050,200,0
D,2012-11-05,0.1050,0.1050,0.1050,0.1050,0,0
D,2012-11-02,0.1050,0.1050,0.1050,0.1050,750,0
D,2012-11-01,0.1100,0.1100,0.1100,0.1100,0,0
D,2012-10-31,0.1150,0.1150,0.1100,0.1100,600,0
D,2012-10-30,0.1050,0.1100,0.1050,0.1100,1200,0
D,2012-10-29,0.1000,0.1050,0.1000,0.1050,300,0
D,2012-10-25,0.0950,0.0950,0.0950,0.0950,0,0
D,2012-10-24,0.0950,0.0950,0.0950,0.0950,0,0
D,2012-10-23,0.0950,0.0950,0.0950,0.0950,0,0
D,2012-10-22,0.0950,0.0950,0.0950,0.0950,0,0
D,2012-10-19,0.0950,0.0950,0.0950,0.0950,0,0
D,2012-10-18,0.0950,0.0950,0.0950,0.0950,0,0
D,2012-10-17,0.0950,0.0950,0.0950,0.0950,100,0
D,2012-10-16,0.1000,0.1000,0.1000,0.1000,0,0
D,2012-10-15,0.1000,0.1000,0.1000,0.1000,100,0
D,2012-10-12,0.0900,0.0900,0.0900,0.0900,400,0
D,2012-10-11,0.0900,0.0900,0.0900,0.0900,0,0
D,2012-10-10,0.0900,0.0900,0.0900,0.0900,0,0
D,2012-10-09,0.0900,0.0900,0.0900,0.0900,0,0
D,2012-10-08,0.0900,0.0900,0.0900,0.0900,0,0
D,2012-10-05,0.0900,0.0900,0.0900,0.0900,0,0
D,2012-10-04,0.0900,0.0900,0.0900,0.0900,0,0
D,2012-10-03,0.0900,0.0900,0.0900,0.0900,750,0
D,2012-05-03,0.1500,0.1500,0.1500,0.1500,0,0
D,2012-05-02,0.1500,0.1500,0.1500,0.1500,0,0
