D,2014-05-09,0.0100,0.0100,0.0100,0.0100,0,0
D,2014-05-08,0.0100,0.0100,0.0100,0.0100,0,0
D,2014-05-07,0.0100,0.0100,0.0100,0.0100,0,0
D,2014-05-06,0.0100,0.0100,0.0100,0.0100,200,0
D,2014-05-05,0.0150,0.0150,0.0150,0.0150,6250,0
D,2014-05-02,0.0200,0.0200,0.0150,0.0150,1300,0
D,2014-04-30,0.0200,0.0200,0.0200,0.0200,3800,0
D,2014-04-29,0.0250,0.0250,0.0200,0.0200,4846,0
D,2014-04-28,0.0300,0.0300,0.0250,0.0250,2500,0
D,2014-04-25,0.0350,0.0350,0.0300,0.0300,7600,0
D,2014-04-24,0.0400,0.0400,0.0350,0.0350,1050,0
D,2014-04-23,0.0400,0.0400,0.0400,0.0400,10950,0
D,2014-04-22,0.0300,0.0400,0.0300,0.0400,23600,0
D,2014-04-21,0.0350,0.0350,0.0300,0.0300,1200,0
D,2014-04-18,0.0350,0.0350,0.0350,0.0350,7500,0
D,2014-04-17,0.0350,0.0350,0.0350,0.0350,6173,0
D,2014-04-16,0.0400,0.0400,0.0350,0.0400,9600,0
D,2014-04-15,0.0400,0.0400,0.0350,0.0400,21600,0
D,2014-04-14,0.0250,0.0400,0.0250,0.0400,21450,0
D,2014-04-11,0.0250,0.0250,0.0250,0.0250,4600,0
D,2014-04-10,0.0300,0.0300,0.0250,0.0250,2500,0
D,2014-04-09,0.0200,0.0200,0.0200,0.0200,1000,0
D,2014-04-08,0.0150,0.0150,0.0150,0.0150,4500,0
D,2014-04-07,0.0150,0.0150,0.0150,0.0150,200,0
D,2014-04-04,0.0200,0.0200,0.0200,0.0200,4000,0
D,2014-04-03,0.0250,0.0250,0.0200,0.0200,700,0
D,2014-04-02,0.0350,0.0350,0.0350,0.0350,0,0
D,2014-04-01,0.0350,0.0350,0.0350,0.0350,0,0
D,2014-03-31,0.0350,0.0350,0.0350,0.0350,2500,0
D,2014-03-28,0.0350,0.0350,0.0350,0.0350,0,0
D,2014-03-27,0.0350,0.0350,0.0350,0.0350,312,0
D,2014-03-26,0.0350,0.0350,0.0350,0.0350,2688,0
D,2014-03-25,0.0350,0.0350,0.0350,0.0350,1000,0
D,2014-03-24,0.0400,0.0400,0.0400,0.0400,0,0
D,2014-03-21,0.0400,0.0400,0.0400,0.0400,500,0
D,2014-03-20,0.0400,0.0400,0.0400,0.0400,3700,0
D,2014-03-19,0.0350,0.0450,0.0350,0.0450,5866,0
D,2014-03-18,0.0350,0.0350,0.0350,0.0350,0,0
D,2014-03-17,0.0350,0.0350,0.0350,0.0350,500,0
D,2014-03-14,0.0350,0.0350,0.0350,0.0350,2666,0
D,2014-03-13,0.0400,0.0400,0.0350,0.0350,10000,0
D,2014-03-12,0.0450,0.0450,0.0400,0.0400,2500,0
D,2014-03-11,0.0400,0.0450,0.0400,0.0450,13799,0
D,2014-03-10,0.0450,0.0450,0.0350,0.0400,10700,0
D,2014-03-07,0.0450,0.0450,0.0450,0.0450,6400,0
D,2014-03-06,0.0450,0.0500,0.0450,0.0500,13931,0
D,2014-03-05,0.0550,0.0550,0.0450,0.0500,8651,0
D,2014-03-04,0.0550,0.0550,0.0550,0.0550,10400,0
D,2014-03-03,0.0650,0.0650,0.0500,0.0550,13400,0
D,2014-02-28,0.0750,0.0750,0.0650,0.0650,8500,0
D,2014-02-27,0.0800,0.0800,0.0750,0.0750,6100,0
D,2014-02-26,0.0850,0.0850,0.0800,0.0800,6900,0
D,2014-02-25,0.0850,0.0850,0.0850,0.0850,500,0
D,2014-02-24,0.0900,0.0900,0.0850,0.0850,7894,0
D,2014-02-21,0.0950,0.0950,0.0950,0.0950,1000,0
D,2014-02-20,0.0950,0.1000,0.0950,0.0950,5100,0
D,2014-02-19,0.0950,0.0950,0.0950,0.0950,3294,0
D,2014-02-18,0.0850,0.0950,0.0850,0.0950,5505,0
D,2014-02-17,0.0850,0.0850,0.0850,0.0850,0,0
D,2014-02-14,0.0850,0.0850,0.0850,0.0850,0,0
D,2014-02-13,0.0900,0.0900,0.0850,0.0850,4194,0
D,2014-02-12,0.0900,0.0900,0.0900,0.0900,700,0
D,2014-02-11,0.0900,0.0900,0.0900,0.0900,0,0
D,2014-02-10,0.0900,0.0900,0.0900,0.0900,1308,0
D,2014-02-07,0.0900,0.0950,0.0900,0.0900,3442,0
D,2014-02-06,0.0900,0.0900,0.0850,0.0900,1300,0
D,2014-02-05,0.0900,0.0900,0.0850,0.0850,778,0
D,2014-02-04,0.0900,0.0950,0.0900,0.0950,1060,0
D,2014-01-30,0.0900,0.0900,0.0900,0.0900,1122,0
D,2014-01-29,0.0900,0.0900,0.0900,0.0900,2510,0
D,2014-01-28,0.0950,0.0950,0.0900,0.0900,3950,0
D,2014-01-27,0.1000,0.1000,0.0900,0.0900,2358,0
D,2014-01-24,0.1000,0.1000,0.1000,0.1000,3610,0
D,2014-01-23,0.1050,0.1050,0.1000,0.1000,2162,0
D,2014-01-22,0.1050,0.1050,0.1050,0.1050,200,0
D,2014-01-21,0.1100,0.1150,0.1050,0.1050,4936,0
D,2014-01-20,0.1150,0.1150,0.1150,0.1150,4470,0
D,2014-01-16,0.1100,0.1100,0.1100,0.1100,2900,0
D,2014-01-15,0.1150,0.1150,0.1150,0.1150,3100,0
D,2014-01-13,0.1100,0.1200,0.1100,0.1150,3880,0
D,2014-01-10,0.1100,0.1200,0.1100,0.1150,7960,0
D,2014-01-09,0.1100,0.1100,0.1100,0.1100,1143,0
D,2014-01-08,0.1150,0.1150,0.1100,0.1100,5542,0
D,2014-01-07,0.1100,0.1100,0.1100,0.1100,2500,0
D,2014-01-06,0.1100,0.1150,0.1100,0.1100,1700,0
D,2014-01-03,0.1100,0.1100,0.1050,0.1050,1200,0
D,2014-01-02,0.1250,0.1250,0.1150,0.1150,2061,0
D,2013-12-31,0.1250,0.1300,0.1200,0.1200,3834,0
D,2013-12-30,0.1150,0.1300,0.1150,0.1250,6340,0
D,2013-12-27,0.1000,0.1250,0.1000,0.1250,24794,0
D,2013-12-26,0.0950,0.1000,0.0950,0.1000,1501,0
D,2013-12-24,0.0950,0.0950,0.0950,0.0950,1500,0
D,2013-12-23,0.1000,0.1000,0.0900,0.0950,4750,0
D,2013-12-20,0.0950,0.1000,0.0950,0.0950,2830,0
D,2013-12-19,0.1100,0.1100,0.0950,0.0950,10445,0
D,2013-12-18,0.1050,0.1100,0.1050,0.1100,6441,0
D,2013-12-17,0.1100,0.1100,0.1000,0.1050,9108,0
D,2013-12-16,0.1150,0.1150,0.1150,0.1150,2266,0
D,2013-12-13,0.1250,0.1250,0.1100,0.1150,6014,0
D,2013-12-12,0.1350,0.1350,0.1300,0.1300,3004,0
D,2013-12-11,0.1200,0.1500,0.1200,0.1300,19482,0
D,2013-12-10,0.1100,0.1200,0.1100,0.1200,4710,0
D,2013-12-09,0.1100,0.1100,0.1100,0.1100,3900,0
D,2013-12-06,0.0950,0.1050,0.0950,0.1050,17049,0
D,2013-12-05,0.0900,0.0950,0.0900,0.0950,650,0
D,2013-12-04,0.0950,0.0950,0.0900,0.0900,350,0
D,2013-12-03,0.1000,0.1000,0.0900,0.0900,1031,0
D,2013-12-02,0.0900,0.1050,0.0900,0.1050,2374,0
D,2013-11-29,0.0700,0.0800,0.0700,0.0800,8382,0
D,2013-11-28,0.0650,0.0650,0.0650,0.0650,909,0
D,2013-11-27,0.0650,0.0650,0.0650,0.0650,0,0
D,2013-11-26,0.0750,0.0750,0.0650,0.0650,3000,0
D,2013-11-25,0.0750,0.0750,0.0750,0.0750,1000,0
D,2013-11-22,0.0750,0.0750,0.0750,0.0750,300,0
D,2013-11-21,0.0800,0.0800,0.0800,0.0800,650,0
D,2013-11-20,0.0850,0.0850,0.0750,0.0750,4700,0
D,2013-11-19,0.0900,0.0900,0.0900,0.0900,0,0
D,2013-11-18,0.0900,0.0900,0.0900,0.0900,0,0
D,2013-11-15,0.0900,0.0900,0.0900,0.0900,300,0
D,2013-11-14,0.0900,0.1000,0.0900,0.0900,3636,0
D,2013-11-13,0.1050,0.1050,0.1050,0.1050,0,0
D,2013-11-12,0.1050,0.1050,0.1050,0.1050,150,0
D,2013-11-11,0.1050,0.1050,0.1050,0.1050,300,0
D,2013-11-08,0.0950,0.1000,0.0950,0.1000,4000,0
D,2013-11-07,0.1000,0.1000,0.1000,0.1000,0,0
D,2013-11-06,0.1000,0.1000,0.1000,0.1000,0,0
D,2013-11-04,0.1000,0.1000,0.1000,0.1000,0,0
D,2013-11-01,0.0950,0.1000,0.0950,0.1000,2700,0
D,2013-10-31,0.1000,0.1000,0.1000,0.1000,300,0
D,2013-10-30,0.0950,0.1050,0.0950,0.1050,1000,0
D,2013-10-29,0.0950,0.0950,0.0950,0.0950,300,0
D,2013-10-28,0.0900,0.0950,0.0900,0.0900,3000,0
D,2013-10-25,0.0950,0.0950,0.0950,0.0950,0,0
D,2013-10-24,0.0950,0.0950,0.0950,0.0950,0,0
D,2013-10-23,0.0950,0.0950,0.0950,0.0950,500,0
D,2013-10-22,0.0950,0.0950,0.0950,0.0950,5800,0
D,2013-10-21,0.1000,0.1000,0.1000,0.1000,300,0
D,2013-10-18,0.0950,0.0950,0.0950,0.0950,0,0
D,2013-10-17,0.0950,0.0950,0.0950,0.0950,0,0
D,2013-10-16,0.0950,0.0950,0.0950,0.0950,0,0
D,2013-10-14,0.0900,0.1000,0.0900,0.0950,2410,0
D,2013-10-11,0.0950,0.0950,0.0950,0.0950,0,0
D,2013-10-10,0.0950,0.0950,0.0950,0.0950,0,0
D,2013-10-09,0.0950,0.0950,0.0950,0.0950,0,0
D,2013-10-08,0.0950,0.0950,0.0950,0.0950,300,0
D,2013-10-07,0.1100,0.1100,0.1000,0.1000,8300,0
D,2013-10-04,0.1100,0.1100,0.1100,0.1100,2000,0
D,2013-10-03,0.1150,0.1150,0.1150,0.1150,0,0
D,2013-10-02,0.1150,0.1150,0.1150,0.1150,0,0
D,2013-10-01,0.1150,0.1150,0.1150,0.1150,0,0
D,2013-09-30,0.1150,0.1150,0.1150,0.1150,0,0
D,2013-09-27,0.1150,0.1150,0.1150,0.1150,0,0
D,2013-09-26,0.1150,0.1150,0.1150,0.1150,0,0
D,2013-09-25,0.1150,0.1150,0.1150,0.1150,900,0
D,2013-09-24,0.1150,0.1150,0.1150,0.1150,400,0
D,2013-09-23,0.1150,0.1150,0.1150,0.1150,0,0
D,2013-09-20,0.1150,0.1150,0.1150,0.1150,0,0
D,2013-09-19,0.1150,0.1150,0.1150,0.1150,0,0
D,2013-09-18,0.1150,0.1150,0.1150,0.1150,0,0
D,2013-09-17,0.1150,0.1150,0.1150,0.1150,0,0
D,2013-09-13,0.1150,0.1150,0.1150,0.1150,0,0
D,2013-09-12,0.1150,0.1150,0.1150,0.1150,0,0
D,2013-09-11,0.1150,0.1150,0.1150,0.1150,200,0
D,2013-09-10,0.1150,0.1150,0.1150,0.1150,200,0
D,2013-09-09,0.1100,0.1100,0.1100,0.1100,200,0
D,2013-09-06,0.1150,0.1150,0.1150,0.1150,0,0
D,2013-09-05,0.1150,0.1150,0.1150,0.1150,200,0
D,2013-09-04,0.1200,0.1200,0.1200,0.1200,0,0
D,2013-09-03,0.1200,0.1200,0.1200,0.1200,300,0
D,2013-09-02,0.1200,0.1200,0.1200,0.1200,0,0
D,2013-08-30,0.1200,0.1200,0.1200,0.1200,300,0
D,2013-08-29,0.1250,0.1250,0.1250,0.1250,0,0
D,2013-08-28,0.1200,0.1250,0.1200,0.1250,600,0
D,2013-08-27,0.1350,0.1350,0.1350,0.1350,0,0
D,2013-08-26,0.1350,0.1350,0.1350,0.1350,0,0
D,2013-08-23,0.1350,0.1350,0.1350,0.1350,0,0
D,2013-08-22,0.1350,0.1350,0.1300,0.1350,800,0
D,2013-08-21,0.1350,0.1350,0.1350,0.1350,0,0
D,2013-08-20,0.1400,0.1400,0.1350,0.1350,800,0
D,2013-08-19,0.1600,0.1650,0.1600,0.1650,1900,0
D,2013-08-16,0.1400,0.1550,0.1400,0.1550,1800,0
D,2013-08-15,0.1350,0.1350,0.1350,0.1350,900,0
D,2013-08-14,0.1200,0.1200,0.1200,0.1200,300,0
D,2013-08-13,0.1300,0.1300,0.1300,0.1300,0,0
D,2013-08-12,0.1300,0.1300,0.1300,0.1300,0,0
D,2013-08-07,0.1300,0.1300,0.1300,0.1300,0,0
D,2013-08-06,0.1450,0.1450,0.1300,0.1300,400,0
D,2013-08-05,0.1450,0.1450,0.1450,0.1450,300,0
D,2013-08-02,0.1500,0.1500,0.1500,0.1500,0,0
D,2013-08-01,0.1500,0.1500,0.1500,0.1500,0,0
D,2013-07-31,0.1650,0.1650,0.1450,0.1500,8000,0
D,2013-07-30,0.1650,0.1650,0.1600,0.1600,1200,0
D,2013-07-29,0.1650,0.1650,0.1650,0.1650,8800,0
D,2013-07-26,0.1650,0.1650,0.1650,0.1650,4000,0
D,2013-07-25,0.1650,0.1650,0.1650,0.1650,5920,0
D,2013-07-24,0.1650,0.1650,0.1650,0.1650,600,0
D,2013-07-23,0.1650,0.1650,0.1600,0.1650,2300,0
D,2013-07-22,0.1650,0.1650,0.1650,0.1650,200,0
D,2013-07-19,0.1650,0.1650,0.1600,0.1600,7800,0
D,2013-07-18,0.1600,0.1600,0.1600,0.1600,0,0
D,2013-07-17,0.1600,0.1600,0.1600,0.1600,0,0
D,2013-07-16,0.1600,0.1600,0.1600,0.1600,0,0
D,2013-07-15,0.1600,0.1600,0.1600,0.1600,0,0
D,2013-07-12,0.1600,0.1600,0.1600,0.1600,2300,0
D,2013-07-11,0.1600,0.1600,0.1600,0.1600,1000,0
D,2013-07-10,0.1600,0.1600,0.1600,0.1600,11950,0
D,2013-07-09,0.1600,0.1600,0.1600,0.1600,8000,0
D,2013-07-08,0.1600,0.1600,0.1600,0.1600,10000,0
D,2013-07-05,0.1600,0.1600,0.1600,0.1600,2000,0
D,2013-07-04,0.1600,0.1600,0.1600,0.1600,10450,0
D,2013-07-03,0.1600,0.1600,0.1600,0.1600,1500,0
D,2013-07-02,0.1600,0.1600,0.1600,0.1600,5000,0
D,2013-07-01,0.1600,0.1600,0.1600,0.1600,300,0
D,2013-06-28,0.1600,0.1600,0.1600,0.1600,2500,0
D,2013-06-27,0.1600,0.1600,0.1550,0.1600,12400,0
D,2013-06-26,0.1550,0.1600,0.1550,0.1600,4500,0
D,2013-06-25,0.1550,0.1550,0.1500,0.1500,5800,0
D,2013-06-24,0.1650,0.1650,0.1600,0.1600,7400,0
D,2013-06-21,0.1650,0.1650,0.1650,0.1650,800,0
D,2013-06-20,0.1700,0.1700,0.1650,0.1650,900,0
D,2013-06-19,0.1700,0.1700,0.1700,0.1700,3000,0
D,2013-06-18,0.1700,0.1700,0.1700,0.1700,2000,0
D,2013-06-17,0.1750,0.1750,0.1700,0.1700,2000,0
D,2013-06-14,0.1750,0.1750,0.1700,0.1700,1200,0
D,2013-06-13,0.1850,0.1850,0.1700,0.1800,13000,0
D,2013-06-12,0.1850,0.1850,0.1800,0.1850,6200,0
D,2013-06-11,0.1900,0.1900,0.1850,0.1850,8700,0
D,2013-06-10,0.1850,0.1900,0.1850,0.1850,3300,0
D,2013-06-07,0.1800,0.1800,0.1800,0.1800,5000,0
D,2013-06-06,0.1800,0.1800,0.1750,0.1750,5600,0
D,2013-06-05,0.1850,0.1850,0.1850,0.1850,3800,0
D,2013-06-04,0.1850,0.1850,0.1850,0.1850,4900,0
D,2013-06-03,0.1800,0.1850,0.1800,0.1850,5400,0
D,2013-05-31,0.1800,0.1850,0.1800,0.1850,6500,0
D,2013-05-30,0.1850,0.1850,0.1800,0.1850,4900,0
D,2013-05-29,0.1700,0.1850,0.1700,0.1850,4500,0
D,2013-05-28,0.1650,0.1650,0.1650,0.1650,0,0
D,2013-05-27,0.1650,0.1650,0.1650,0.1650,0,0
D,2013-05-23,0.1650,0.1650,0.1650,0.1650,0,0
D,2013-05-22,0.1650,0.1650,0.1650,0.1650,201,0
D,2013-05-21,0.1600,0.1650,0.1600,0.1600,3600,0
D,2013-05-20,0.1500,0.1600,0.1500,0.1550,3501,0
D,2013-05-17,0.1500,0.1500,0.1500,0.1500,2500,0
D,2013-05-16,0.1500,0.1500,0.1500,0.1500,2800,0
