D,2014-04-08,0.1050,0.1100,0.1050,0.1100,11188,0
D,2014-04-07,0.1050,0.1100,0.1050,0.1100,6140,0
D,2014-04-04,0.1100,0.1100,0.1050,0.1100,15510,0
D,2014-04-03,0.1100,0.1100,0.1100,0.1100,4600,0
D,2014-04-02,0.1100,0.1150,0.1050,0.1100,90959,0
D,2014-04-01,0.1050,0.1100,0.1050,0.1100,4100,0
D,2014-03-31,0.1050,0.1100,0.1050,0.1050,1850,0
D,2014-03-28,0.1050,0.1050,0.1050,0.1050,3527,0
D,2014-03-27,0.1100,0.1100,0.1000,0.1100,20877,0
D,2014-03-26,0.1050,0.1050,0.1050,0.1050,9042,0
D,2014-03-25,0.1100,0.1100,0.1050,0.1100,1590,0
D,2014-03-24,0.1100,0.1100,0.1050,0.1100,9836,0
D,2014-03-21,0.1000,0.1100,0.1000,0.1100,6486,0
D,2014-03-20,0.1050,0.1050,0.1000,0.1000,16504,0
D,2014-03-19,0.1000,0.1050,0.1000,0.1050,4100,0
D,2014-03-18,0.1050,0.1050,0.1000,0.1000,15341,0
D,2014-03-17,0.1000,0.1100,0.1000,0.1050,28111,0
D,2014-03-14,0.1000,0.1100,0.1000,0.1000,59775,0
D,2014-03-13,0.1100,0.1100,0.1000,0.1050,8850,0
D,2014-03-12,0.1050,0.1100,0.1000,0.1050,64960,0
D,2014-03-11,0.1100,0.1100,0.1050,0.1100,37225,0
D,2014-03-10,0.1100,0.1150,0.1100,0.1100,125311,0
D,2014-03-07,0.1150,0.1200,0.1100,0.1200,23680,0
D,2014-03-06,0.1150,0.1150,0.1100,0.1150,3730,0
D,2014-03-05,0.1150,0.1250,0.1100,0.1150,195199,0
D,2014-03-04,0.1150,0.1250,0.1150,0.1150,30054,0
D,2014-03-03,0.1150,0.1200,0.1100,0.1150,19004,0
D,2014-02-28,0.1250,0.1250,0.1150,0.1150,23689,0
D,2014-02-27,0.1150,0.1300,0.1150,0.1250,188059,0
D,2014-02-26,0.1150,0.1200,0.1100,0.1100,22176,0
D,2014-02-25,0.1200,0.1200,0.1150,0.1150,29376,0
D,2014-02-24,0.1150,0.1200,0.1150,0.1150,11600,0
D,2014-02-21,0.1150,0.1200,0.1150,0.1150,25551,0
D,2014-02-20,0.1150,0.1250,0.1100,0.1100,154415,0
D,2014-02-19,0.1100,0.1200,0.1100,0.1150,143933,0
D,2014-02-18,0.1100,0.1100,0.1050,0.1100,13219,0
D,2014-02-17,0.1100,0.1100,0.1100,0.1100,12649,0
D,2014-02-14,0.1200,0.1200,0.1100,0.1150,79108,0
D,2014-02-13,0.1050,0.1200,0.1050,0.1150,72988,0
D,2014-02-12,0.1050,0.1050,0.1050,0.1050,3712,0
D,2014-02-11,0.1050,0.1100,0.1050,0.1050,4918,0
D,2014-02-10,0.1050,0.1050,0.1050,0.1050,9376,0
D,2014-02-07,0.1050,0.1100,0.1050,0.1100,15606,0
D,2014-02-06,0.1050,0.1100,0.1050,0.1100,12822,0
D,2014-02-05,0.1050,0.1100,0.1050,0.1050,4001,0
D,2014-02-04,0.1050,0.1100,0.1000,0.1050,3172,0
D,2014-01-30,0.1100,0.1100,0.1050,0.1050,9082,0
D,2014-01-29,0.1050,0.1100,0.1050,0.1050,4631,0
D,2014-01-28,0.1050,0.1050,0.1050,0.1050,9770,0
D,2014-01-27,0.1050,0.1050,0.1000,0.1000,13799,0
D,2014-01-24,0.1050,0.1050,0.1050,0.1050,10000,0
D,2014-01-23,0.1050,0.1100,0.1050,0.1050,16143,0
D,2014-01-22,0.1050,0.1050,0.1050,0.1050,11950,0
D,2014-01-21,0.1050,0.1100,0.1000,0.1100,21419,0
D,2014-01-20,0.1050,0.1050,0.1050,0.1050,21818,0
D,2014-01-16,0.1100,0.1100,0.1050,0.1050,45972,0
D,2014-01-15,0.1100,0.1100,0.1050,0.1050,8565,0
D,2014-01-13,0.1050,0.1250,0.1000,0.1100,246402,0
D,2014-01-10,0.1050,0.1100,0.1000,0.1050,14552,0
D,2014-01-09,0.1050,0.1100,0.1050,0.1100,15022,0
D,2014-01-08,0.1100,0.1100,0.1050,0.1050,7625,0
D,2014-01-07,0.1000,0.1100,0.1000,0.1100,30423,0
D,2014-01-06,0.1050,0.1100,0.1000,0.1050,30361,0
D,2014-01-03,0.1050,0.1050,0.1000,0.1000,14356,0
D,2014-01-02,0.1100,0.1100,0.1050,0.1100,18320,0
D,2013-12-31,0.1100,0.1100,0.1050,0.1100,22552,0
D,2013-12-30,0.1000,0.1150,0.1000,0.1100,83516,0
D,2013-12-27,0.1000,0.1050,0.1000,0.1000,26358,0
D,2013-12-26,0.1000,0.1000,0.0950,0.1000,23230,0
D,2013-12-24,0.1050,0.1050,0.1000,0.1000,21203,0
D,2013-12-23,0.1000,0.1050,0.0950,0.1050,25816,0
D,2013-12-20,0.1000,0.1000,0.0950,0.1000,51158,0
D,2013-12-19,0.0950,0.1000,0.0950,0.1000,61227,0
D,2013-12-18,0.1050,0.1050,0.0950,0.0950,47853,0
D,2013-12-17,0.1050,0.1100,0.1000,0.1000,77614,0
D,2013-12-16,0.1100,0.1100,0.1050,0.1050,95585,0
D,2013-12-13,0.1150,0.1200,0.1050,0.1150,128176,0
D,2013-12-12,0.1150,0.1250,0.1150,0.1200,73104,0
D,2013-12-11,0.1050,0.1250,0.1050,0.1200,243295,0
D,2013-12-10,0.1050,0.1150,0.1050,0.1050,144726,0
D,2013-12-09,0.1050,0.1100,0.1050,0.1050,142110,0
D,2013-12-06,0.1200,0.1200,0.1100,0.1100,84357,0
D,2013-12-05,0.1100,0.1200,0.1100,0.1200,82497,0
D,2013-12-04,0.1350,0.1400,0.1050,0.1100,394555,0
D,2013-12-03,0.2350,0.2400,0.1350,0.1350,640959,0
D,2013-12-02,0.2250,0.2400,0.2150,0.2300,133208,0
D,2013-11-29,0.2100,0.2250,0.2000,0.2250,189185,0
D,2013-11-28,0.3150,0.4350,0.2100,0.2150,1101692,0
D,2013-11-27,0.2800,0.3150,0.2800,0.3100,307866,0
D,2013-11-26,0.2650,0.2900,0.2550,0.2800,160177,0
D,2013-11-25,0.2700,0.3250,0.2550,0.2650,280417,0
D,2013-11-22,0.2300,0.2700,0.2250,0.2600,229723,0
D,2013-11-21,0.1700,0.2700,0.1700,0.2300,304428,0
D,2013-11-20,0.1700,0.1700,0.1650,0.1700,4653,0
D,2013-11-19,0.1700,0.1850,0.1700,0.1750,87398,0
D,2013-11-18,0.1600,0.1800,0.1600,0.1750,38450,0
D,2013-11-15,0.1650,0.1750,0.1650,0.1650,21650,0
D,2013-11-14,0.1650,0.1700,0.1500,0.1650,188444,0
D,2013-11-13,0.1700,0.1700,0.1650,0.1650,21680,0
D,2013-11-12,0.1650,0.1750,0.1650,0.1750,28992,0
D,2013-11-11,0.1800,0.1800,0.1650,0.1750,68008,0
D,2013-11-08,0.1500,0.1850,0.1500,0.1800,200537,0
D,2013-11-07,0.1550,0.1550,0.1450,0.1500,27803,0
D,2013-11-06,0.1400,0.1550,0.1350,0.1550,67018,0
D,2013-11-04,0.1350,0.1400,0.1350,0.1400,93287,0
D,2013-11-01,0.1350,0.1400,0.1350,0.1400,13273,0
D,2013-10-31,0.1350,0.1400,0.1350,0.1400,67011,0
D,2013-10-30,0.1350,0.1350,0.1350,0.1350,25850,0
D,2013-10-29,0.1350,0.1350,0.1300,0.1350,3062,0
D,2013-10-28,0.1300,0.1350,0.1300,0.1350,21112,0
D,2013-10-25,0.1300,0.1350,0.1300,0.1300,30516,0
D,2013-10-24,0.1350,0.1350,0.1300,0.1300,4940,0
D,2013-10-23,0.1250,0.1350,0.1250,0.1300,34263,0
D,2013-10-22,0.1300,0.1300,0.1250,0.1250,26792,0
D,2013-10-21,0.1250,0.1300,0.1250,0.1300,38429,0
D,2013-10-18,0.1250,0.1300,0.1250,0.1250,20667,0
D,2013-10-17,0.1200,0.1300,0.1200,0.1250,49666,0
D,2013-10-16,0.1250,0.1300,0.1200,0.1200,33256,0
D,2013-10-14,0.1150,0.1250,0.1150,0.1250,23400,0
D,2013-10-11,0.1150,0.1150,0.1150,0.1150,5085,0
D,2013-10-10,0.1100,0.1200,0.1100,0.1150,48513,0
D,2013-10-09,0.1050,0.1050,0.1050,0.1050,16639,0
D,2013-10-08,0.1000,0.1050,0.1000,0.1050,13207,0
D,2013-10-07,0.1000,0.1000,0.1000,0.1000,9210,0
D,2013-10-04,0.1000,0.1050,0.1000,0.1000,15350,0
D,2013-10-03,0.0900,0.1050,0.0900,0.1050,84230,0
D,2013-10-02,0.0900,0.0900,0.0850,0.0850,6500,0
D,2013-10-01,0.0850,0.0950,0.0850,0.0900,14490,0
D,2013-09-30,0.0900,0.0900,0.0850,0.0850,700,0
D,2013-09-27,0.0900,0.0900,0.0850,0.0850,7500,0
D,2013-09-26,0.0850,0.0850,0.0850,0.0850,2600,0
D,2013-09-25,0.0900,0.0900,0.0900,0.0900,2800,0
D,2013-09-24,0.0900,0.0950,0.0900,0.0900,5905,0
D,2013-09-23,0.0900,0.0950,0.0900,0.0950,24380,0
D,2013-09-20,0.0800,0.0950,0.0800,0.0850,44738,0
D,2013-09-19,0.0750,0.0750,0.0750,0.0750,0,0
D,2013-09-18,0.0750,0.0750,0.0750,0.0750,2900,0
D,2013-09-17,0.0750,0.0750,0.0750,0.0750,2000,0
D,2013-09-13,0.0750,0.0750,0.0750,0.0750,1768,0
D,2013-09-12,0.0800,0.0800,0.0750,0.0800,802,0
D,2013-09-11,0.0800,0.0800,0.0800,0.0800,0,0
D,2013-09-10,0.0750,0.0800,0.0750,0.0800,1200,0
D,2013-09-09,0.0750,0.0750,0.0750,0.0750,1800,0
D,2013-09-06,0.0800,0.0800,0.0800,0.0800,0,0
D,2013-09-05,0.0800,0.0800,0.0800,0.0800,0,0
D,2013-09-04,0.0750,0.0800,0.0750,0.0800,5001,0
D,2013-09-03,0.0700,0.0750,0.0700,0.0750,16470,0
D,2013-09-02,0.0700,0.0700,0.0700,0.0700,1399,0
D,2013-08-30,0.0700,0.0700,0.0700,0.0700,3020,0
D,2013-08-29,0.0750,0.0750,0.0700,0.0700,1659,0
D,2013-08-28,0.0700,0.0750,0.0700,0.0750,8132,0
D,2013-08-27,0.0750,0.0750,0.0750,0.0750,13070,0
D,2013-08-26,0.0800,0.0800,0.0750,0.0750,1038,0
D,2013-08-23,0.0800,0.0800,0.0750,0.0750,1150,0
D,2013-08-22,0.0800,0.0800,0.0800,0.0800,2000,0
D,2013-08-21,0.0800,0.0800,0.0800,0.0800,2505,0
D,2013-08-20,0.0800,0.0800,0.0800,0.0800,3001,0
D,2013-08-19,0.0800,0.0800,0.0800,0.0800,5049,0
D,2013-08-16,0.0800,0.0800,0.0800,0.0800,2000,0
D,2013-08-15,0.0850,0.0850,0.0800,0.0800,2594,0
D,2013-08-14,0.0850,0.0850,0.0850,0.0850,5320,0
D,2013-08-13,0.0800,0.0850,0.0800,0.0850,4851,0
D,2013-08-12,0.0750,0.0750,0.0750,0.0750,0,0
D,2013-08-07,0.0750,0.0750,0.0750,0.0750,0,0
D,2013-08-06,0.0750,0.0800,0.0750,0.0750,1020,0
D,2013-08-05,0.0800,0.0800,0.0800,0.0800,500,0
D,2013-08-02,0.0800,0.0800,0.0800,0.0800,1900,0
D,2013-08-01,0.0800,0.0800,0.0800,0.0800,400,0
D,2013-07-31,0.0750,0.0800,0.0750,0.0800,10019,0
D,2013-07-30,0.0750,0.0750,0.0750,0.0750,0,0
D,2013-07-29,0.0750,0.0750,0.0750,0.0750,1130,0
D,2013-07-26,0.0750,0.0800,0.0750,0.0750,7550,0
D,2013-07-25,0.0750,0.0750,0.0750,0.0750,345,0
D,2013-07-24,0.0750,0.0750,0.0750,0.0750,0,0
D,2013-07-23,0.0750,0.0750,0.0750,0.0750,164,0
D,2013-07-22,0.0800,0.0800,0.0800,0.0800,2000,0
D,2013-07-19,0.0800,0.0800,0.0800,0.0800,1000,0
D,2013-07-18,0.0800,0.0800,0.0800,0.0800,301,0
D,2013-07-17,0.0800,0.0800,0.0800,0.0800,8900,0
D,2013-07-16,0.0800,0.0800,0.0800,0.0800,0,0
D,2013-07-15,0.0750,0.0800,0.0750,0.0800,1501,0
D,2013-07-12,0.0750,0.0800,0.0750,0.0800,1060,0
D,2013-07-11,0.0800,0.0850,0.0800,0.0800,17269,0
D,2013-07-10,0.0750,0.0800,0.0750,0.0750,3821,0
D,2013-07-09,0.0750,0.0750,0.0750,0.0750,1980,0
D,2013-07-08,0.0750,0.0750,0.0750,0.0750,6050,0
D,2013-07-05,0.0750,0.0800,0.0750,0.0750,2840,0
D,2013-07-04,0.0750,0.0800,0.0750,0.0750,2160,0
D,2013-07-03,0.0750,0.0800,0.0750,0.0800,6911,0
D,2013-07-02,0.0750,0.0750,0.0750,0.0750,3675,0
D,2013-07-01,0.0750,0.0800,0.0750,0.0800,23625,0
D,2013-06-28,0.0800,0.0800,0.0800,0.0800,1750,0
D,2013-06-27,0.0800,0.0800,0.0800,0.0800,2910,0
D,2013-06-26,0.0800,0.0800,0.0800,0.0800,500,0
D,2013-06-25,0.0800,0.0850,0.0750,0.0850,10103,0
D,2013-06-24,0.0800,0.0800,0.0750,0.0800,10204,0
D,2013-06-21,0.0750,0.0800,0.0750,0.0800,11313,0
D,2013-06-20,0.0800,0.0800,0.0800,0.0800,1801,0
D,2013-06-19,0.0800,0.0800,0.0800,0.0800,1026,0
D,2013-06-18,0.0800,0.0800,0.0800,0.0800,1640,0
D,2013-06-17,0.0800,0.0800,0.0800,0.0800,896,0
D,2013-06-14,0.0800,0.0800,0.0800,0.0800,2115,0
D,2013-06-13,0.0800,0.0800,0.0800,0.0800,300,0
D,2013-06-12,0.0800,0.0850,0.0800,0.0850,4607,0
D,2013-06-11,0.0800,0.0800,0.0800,0.0800,6983,0
D,2013-06-10,0.0800,0.0800,0.0800,0.0800,4069,0
D,2013-06-07,0.0800,0.0800,0.0800,0.0800,5309,0
D,2013-06-06,0.0800,0.0850,0.0800,0.0800,23050,0
D,2013-06-05,0.0850,0.0850,0.0800,0.0800,1610,0
D,2013-06-04,0.0800,0.0850,0.0800,0.0850,5293,0
D,2013-06-03,0.0850,0.0850,0.0800,0.0850,551,0
D,2013-05-31,0.0850,0.0850,0.0850,0.0850,3434,0
D,2013-05-30,0.0850,0.0900,0.0850,0.0900,2901,0
D,2013-05-29,0.0850,0.0850,0.0850,0.0850,5020,0
D,2013-05-28,0.0850,0.0900,0.0850,0.0900,3910,0
D,2013-05-27,0.0850,0.0850,0.0850,0.0850,4800,0
D,2013-05-23,0.0850,0.0900,0.0850,0.0850,14186,0
D,2013-05-22,0.0900,0.0950,0.0850,0.0850,11810,0
D,2013-05-21,0.0900,0.0950,0.0900,0.0900,19227,0
D,2013-05-20,0.0900,0.0950,0.0900,0.0950,10900,0
D,2013-05-17,0.0900,0.0900,0.0900,0.0900,10720,0
D,2013-05-16,0.0900,0.0900,0.0900,0.0900,17099,0
D,2013-05-15,0.0900,0.0950,0.0900,0.0900,58131,0
D,2013-05-14,0.0900,0.0900,0.0850,0.0850,10575,0
D,2013-05-13,0.0850,0.0950,0.0800,0.0900,18094,0
D,2013-05-10,0.0800,0.0850,0.0800,0.0850,11550,0
D,2013-05-09,0.0750,0.0800,0.0750,0.0800,4790,0
D,2013-05-08,0.0800,0.0800,0.0750,0.0800,3860,0
D,2013-05-07,0.0800,0.0850,0.0800,0.0850,13870,0
D,2013-05-06,0.0750,0.0800,0.0750,0.0750,1050,0
D,2013-05-03,0.0750,0.0750,0.0700,0.0700,20136,0
D,2013-05-02,0.0750,0.0750,0.0700,0.0750,7260,0
D,2013-04-30,0.0750,0.0750,0.0700,0.0750,8111,0
D,2013-04-29,0.0800,0.0800,0.0750,0.0750,2180,0
D,2013-04-26,0.0750,0.0800,0.0750,0.0750,33514,0
D,2013-04-25,0.0800,0.0800,0.0750,0.0750,19887,0
D,2013-04-24,0.0800,0.0800,0.0800,0.0800,10971,0
D,2013-04-23,0.0800,0.0800,0.0800,0.0800,4651,0
D,2013-04-22,0.0850,0.0850,0.0800,0.0850,26520,0
D,2013-04-19,0.0850,0.0900,0.0850,0.0850,54850,0
D,2013-04-18,0.0850,0.0850,0.0800,0.0850,9488,0
D,2013-04-17,0.0850,0.0900,0.0850,0.0900,18807,0
D,2013-04-16,0.0850,0.0850,0.0800,0.0850,73302,0
D,2013-04-15,0.0850,0.0850,0.0850,0.0850,4227,0
D,2013-04-12,0.0900,0.0900,0.0850,0.0850,17721,0
D,2013-04-11,0.0900,0.0900,0.0850,0.0850,4347,0
D,2013-04-10,0.0900,0.0950,0.0850,0.0900,112612,0
D,2013-04-09,0.0900,0.0900,0.0900,0.0900,10511,0
D,2013-04-08,0.0900,0.0950,0.0900,0.0900,114440,0
D,2013-04-05,0.0900,0.0900,0.0900,0.0900,2640,0
D,2013-04-04,0.0900,0.0900,0.0900,0.0900,2290,0
D,2013-04-03,0.0950,0.1000,0.0850,0.0950,11155,0
D,2013-04-02,0.0950,0.0950,0.0900,0.0950,88359,0
D,2013-04-01,0.0900,0.0950,0.0900,0.0950,7436,0
D,2013-03-29,0.0900,0.0900,0.0900,0.0900,5840,0
D,2013-03-28,0.0900,0.0950,0.0900,0.0950,500,0
D,2013-03-27,0.0850,0.1000,0.0850,0.0950,146896,0
D,2013-03-26,0.0850,0.0850,0.0850,0.0850,12700,0
D,2013-03-25,0.0900,0.0900,0.0850,0.0850,9530,0
D,2013-03-22,0.0900,0.0900,0.0850,0.0850,2056,0
D,2013-03-21,0.0850,0.0900,0.0850,0.0900,27850,0
D,2013-03-20,0.0800,0.0850,0.0800,0.0800,19924,0
D,2013-03-19,0.0800,0.0850,0.0800,0.0800,8192,0
D,2013-03-18,0.0800,0.0800,0.0800,0.0800,11080,0
D,2013-03-15,0.0850,0.0850,0.0800,0.0800,18853,0
D,2013-03-14,0.0850,0.0900,0.0850,0.0850,14434,0
D,2013-03-13,0.0950,0.0950,0.0800,0.0850,40264,0
D,2013-03-12,0.0900,0.0950,0.0900,0.0900,20524,0
D,2013-03-11,0.0950,0.1000,0.0850,0.0900,386225,0
D,2013-03-08,0.0950,0.0950,0.0950,0.0950,2940,0
D,2013-03-07,0.1000,0.1050,0.1000,0.1000,90689,0
D,2013-03-06,0.0950,0.1000,0.0950,0.1000,16854,0
D,2013-03-05,0.0950,0.1000,0.0950,0.0950,3919,0
D,2013-03-04,0.1000,0.1000,0.0950,0.0950,3878,0
D,2013-03-01,0.1000,0.1000,0.1000,0.1000,92780,0
D,2013-02-28,0.0950,0.1000,0.0950,0.1000,50658,0
D,2013-02-27,0.0950,0.0950,0.0950,0.0950,7878,0
D,2013-02-26,0.0950,0.1000,0.0950,0.1000,6222,0
D,2013-02-25,0.0950,0.1000,0.0950,0.0950,146450,0
D,2013-02-22,0.0900,0.0900,0.0900,0.0900,6300,0
D,2013-02-21,0.0900,0.0950,0.0900,0.0900,18962,0
D,2013-02-20,0.0900,0.0900,0.0900,0.0900,7750,0
D,2013-02-19,0.0950,0.0950,0.0900,0.0900,6790,0
D,2013-02-18,0.0950,0.1000,0.0950,0.1000,7620,0
D,2013-02-15,0.1000,0.1000,0.0950,0.0950,53197,0
D,2013-02-14,0.1050,0.1100,0.1000,0.1100,6657,0
D,2013-02-13,0.1050,0.1100,0.1050,0.1100,34103,0
D,2013-02-08,0.0950,0.1050,0.0900,0.1050,17519,0
D,2013-02-07,0.0950,0.1000,0.0950,0.0950,12310,0
D,2013-02-06,0.0950,0.1000,0.0900,0.0950,25788,0
D,2013-02-05,0.0900,0.1000,0.0850,0.1000,15239,0
D,2013-02-04,0.0950,0.0950,0.0900,0.0900,13807,0
D,2013-01-31,0.1000,0.1000,0.0950,0.0950,17774,0
D,2013-01-30,0.1000,0.1000,0.0950,0.1000,17731,0
D,2013-01-29,0.1100,0.1100,0.1000,0.1000,24811,0
D,2013-01-25,0.1050,0.1100,0.1050,0.1100,13531,0
D,2013-01-23,0.1050,0.1100,0.1000,0.1050,61143,0
D,2013-01-22,0.1000,0.1050,0.1000,0.1000,26170,0
D,2013-01-21,0.1100,0.1100,0.1000,0.1000,70405,0
D,2013-01-18,0.1050,0.1150,0.1000,0.1100,101174,0
D,2013-01-17,0.1100,0.1150,0.1050,0.1050,43742,0
D,2013-01-16,0.1200,0.1200,0.1100,0.1100,31785,0
D,2013-01-15,0.1300,0.1300,0.1100,0.1150,214128,0
D,2013-01-14,0.1450,0.1550,0.1250,0.1300,539590,0
D,2013-01-11,0.1700,0.1700,0.1400,0.1450,280381,0
D,2013-01-10,0.1650,0.1700,0.1600,0.1700,309719,0
D,2013-01-09,0.1700,0.1750,0.1600,0.1650,383163,0
D,2013-01-08,0.1800,0.1850,0.1700,0.1700,367451,0
D,2013-01-07,0.1950,0.2000,0.1800,0.1800,307714,0
D,2013-01-04,0.2000,0.2050,0.1950,0.2000,169833,0
D,2013-01-03,0.1850,0.2050,0.1850,0.2000,292446,0
D,2013-01-02,0.1800,0.1850,0.1800,0.1850,58336,0
D,2012-12-31,0.1750,0.1850,0.1700,0.1800,316149,0
D,2012-12-28,0.1800,0.1800,0.1650,0.1750,235335,0
D,2012-12-27,0.1850,0.1950,0.1700,0.1750,354631,0
D,2012-12-26,0.1900,0.1950,0.1850,0.1900,226022,0
D,2012-12-24,0.1900,0.1950,0.1850,0.1900,210410,0
D,2012-12-21,0.2000,0.2000,0.1850,0.1850,296027,0
D,2012-12-20,0.1900,0.2000,0.1800,0.1950,144654,0
D,2012-12-19,0.1850,0.1950,0.1700,0.1900,220932,0
D,2012-12-18,0.1400,0.2000,0.1400,0.1850,507298,0
D,2012-12-17,0.1350,0.1400,0.1350,0.1400,107013,0
D,2012-12-14,0.1350,0.1450,0.1350,0.1450,12796,0
D,2012-12-13,0.1500,0.1500,0.1350,0.1450,87489,0
D,2012-12-12,0.1650,0.1750,0.1500,0.1500,255608,0
D,2012-12-11,0.1650,0.1800,0.1450,0.1650,294997,0
D,2012-12-10,0.1400,0.1700,0.1400,0.1650,304744,0
D,2012-12-07,0.1300,0.1600,0.1300,0.1400,417198,0
D,2012-12-06,0.1000,0.1350,0.1000,0.1300,65889,0
D,2012-12-05,0.0850,0.1000,0.0850,0.1000,65839,0
D,2012-12-04,0.0900,0.0900,0.0700,0.0850,128697,0
D,2012-12-03,0.1100,0.1100,0.1100,0.1100,24107,0
D,2012-11-30,0.1200,0.1200,0.1100,0.1100,7063,0
D,2012-11-29,0.1200,0.1200,0.1200,0.1200,8040,0
D,2012-11-28,0.1250,0.1250,0.1200,0.1200,1340,0
D,2012-11-27,0.1250,0.1300,0.1250,0.1250,110818,0
D,2012-11-26,0.1200,0.1200,0.1200,0.1200,6564,0
D,2012-11-23,0.1200,0.1200,0.1200,0.1200,10040,0
D,2012-11-22,0.1200,0.1200,0.1200,0.1200,7830,0
D,2012-11-21,0.1200,0.1200,0.1200,0.1200,21713,0
D,2012-11-20,0.1250,0.1250,0.1200,0.1200,25470,0
D,2012-11-19,0.1250,0.1250,0.1200,0.1200,6924,0
D,2012-11-16,0.1200,0.1250,0.1200,0.1200,1070,0
D,2012-11-14,0.1200,0.1300,0.1200,0.1250,82006,0
D,2012-11-12,0.1200,0.1250,0.1200,0.1200,8550,0
D,2012-11-09,0.1200,0.1250,0.1200,0.1200,19180,0
D,2012-11-08,0.1200,0.1200,0.1200,0.1200,33866,0
D,2012-11-07,0.1250,0.1300,0.1200,0.1250,42983,0
D,2012-11-06,0.1250,0.1300,0.1250,0.1300,32042,0
D,2012-11-05,0.1400,0.1400,0.1250,0.1250,84986,0
D,2012-11-02,0.1450,0.1450,0.1400,0.1400,109679,0
D,2012-11-01,0.1550,0.1600,0.1400,0.1450,296978,0
D,2012-10-31,0.1550,0.1650,0.1500,0.1500,320655,0
D,2012-10-30,0.1450,0.1600,0.1450,0.1550,343758,0
D,2012-10-29,0.1400,0.1450,0.1350,0.1450,90821,0
D,2012-10-25,0.1400,0.1450,0.1400,0.1400,57447,0
D,2012-10-24,0.1400,0.1400,0.1400,0.1400,83205,0
D,2012-10-23,0.1400,0.1400,0.1350,0.1400,34768,0
D,2012-10-22,0.1350,0.1450,0.1350,0.1400,85099,0
D,2012-10-19,0.1350,0.1350,0.1350,0.1350,56950,0
D,2012-10-18,0.1350,0.1400,0.1350,0.1400,81866,0
D,2012-10-17,0.1350,0.1400,0.1350,0.1350,37562,0
D,2012-10-16,0.1350,0.1350,0.1350,0.1350,71422,0
D,2012-10-15,0.1350,0.1350,0.1300,0.1350,50281,0
D,2012-10-12,0.1350,0.1350,0.1300,0.1350,70782,0
D,2012-10-11,0.1350,0.1350,0.1350,0.1350,49186,0
D,2012-10-10,0.1400,0.1400,0.1300,0.1350,83539,0
D,2012-10-09,0.1450,0.1500,0.1400,0.1400,58948,0
D,2012-10-08,0.1450,0.1450,0.1450,0.1450,117253,0
D,2012-10-05,0.1400,0.1450,0.1400,0.1450,56618,0
D,2012-10-04,0.1400,0.1450,0.1400,0.1450,76598,0
D,2012-10-03,0.1350,0.1400,0.1350,0.1400,32656,0
D,2012-05-03,0.1200,0.1250,0.1200,0.1250,12158,0
D,2012-05-02,0.1200,0.1250,0.1200,0.1200,7163,0
