D,2013-11-29,0.0100,0.0100,0.0100,0.0100,0,0
D,2013-11-28,0.0100,0.0100,0.0100,0.0100,0,0
D,2013-11-27,0.0100,0.0100,0.0100,0.0100,0,0
D,2013-11-26,0.0100,0.0100,0.0100,0.0100,0,0
D,2013-11-25,0.0100,0.0100,0.0100,0.0100,0,0
D,2013-11-22,0.0100,0.0100,0.0100,0.0100,0,0
D,2013-11-21,0.0100,0.0100,0.0100,0.0100,0,0
D,2013-11-20,0.0100,0.0100,0.0100,0.0100,0,0
D,2013-11-19,0.0100,0.0100,0.0100,0.0100,0,0
D,2013-11-18,0.0100,0.0100,0.0100,0.0100,0,0
D,2013-11-15,0.0100,0.0100,0.0100,0.0100,0,0
D,2013-11-14,0.0100,0.0100,0.0100,0.0100,0,0
D,2013-11-13,0.0100,0.0100,0.0100,0.0100,0,0
D,2013-11-12,0.0100,0.0100,0.0100,0.0100,0,0
D,2013-11-11,0.0100,0.0100,0.0100,0.0100,0,0
D,2013-11-08,0.0100,0.0100,0.0100,0.0100,0,0
D,2013-11-07,0.0100,0.0100,0.0100,0.0100,0,0
D,2013-11-06,0.0100,0.0100,0.0100,0.0100,0,0
D,2013-11-04,0.0100,0.0100,0.0100,0.0100,0,0
D,2013-11-01,0.0100,0.0100,0.0100,0.0100,0,0
D,2013-10-31,0.0100,0.0100,0.0100,0.0100,0,0
D,2013-10-30,0.0050,0.0100,0.0050,0.0100,600,0
D,2013-10-29,0.0100,0.0100,0.0100,0.0100,0,0
D,2013-10-28,0.0100,0.0100,0.0100,0.0100,0,0
D,2013-10-25,0.0050,0.0100,0.0050,0.0100,1068,0
D,2013-10-24,0.0050,0.0050,0.0050,0.0050,1207,0
D,2013-10-23,0.0150,0.0150,0.0150,0.0150,0,0
D,2013-10-22,0.0050,0.0150,0.0050,0.0150,1158,0
D,2013-10-21,0.0150,0.0150,0.0150,0.0150,18,0
D,2013-10-18,0.0100,0.0150,0.0100,0.0150,197,0
D,2013-10-17,0.0100,0.0100,0.0100,0.0100,1301,0
D,2013-10-16,0.0100,0.0100,0.0100,0.0100,90,0
D,2013-10-14,0.0050,0.0050,0.0050,0.0050,0,0
D,2013-10-11,0.0150,0.0200,0.0050,0.0050,450,0
D,2013-10-10,0.0250,0.0250,0.0250,0.0250,600,0
D,2013-10-09,0.0050,0.0050,0.0050,0.0050,0,0
D,2013-10-08,0.0050,0.0050,0.0050,0.0050,0,0
D,2013-10-07,0.0050,0.0050,0.0050,0.0050,0,0
D,2013-10-04,0.0050,0.0050,0.0050,0.0050,0,0
D,2013-10-03,0.0050,0.0050,0.0050,0.0050,0,0
D,2013-10-02,0.0150,0.0250,0.0050,0.0050,882,0
D,2013-10-01,0.0150,0.0150,0.0150,0.0150,0,0
D,2013-09-30,0.0150,0.0150,0.0150,0.0150,0,0
D,2013-09-27,0.0100,0.0150,0.0100,0.0150,773,0
D,2013-09-26,0.0250,0.0250,0.0250,0.0250,0,0
D,2013-09-25,0.0250,0.0250,0.0250,0.0250,0,0
D,2013-09-24,0.0250,0.0250,0.0250,0.0250,2350,0
D,2013-09-23,0.0200,0.0200,0.0200,0.0200,370,0
D,2013-09-20,0.0250,0.0300,0.0200,0.0300,1870,0
D,2013-09-19,0.0200,0.0300,0.0200,0.0300,1251,0
D,2013-09-18,0.0500,0.0500,0.0300,0.0350,3507,0
D,2013-09-17,0.0100,0.0450,0.0100,0.0450,5288,0
D,2013-09-13,0.0050,0.0050,0.0050,0.0050,0,0
D,2013-09-12,0.0100,0.0100,0.0050,0.0050,495,0
D,2013-09-11,0.0050,0.0050,0.0050,0.0050,0,0
D,2013-09-10,0.0050,0.0050,0.0050,0.0050,0,0
D,2013-09-09,0.0050,0.0050,0.0050,0.0050,0,0
D,2013-09-06,0.0050,0.0050,0.0050,0.0050,0,0
D,2013-09-05,0.0050,0.0050,0.0050,0.0050,1000,0
D,2013-09-04,0.0050,0.0050,0.0050,0.0050,175,0
D,2013-09-03,0.0050,0.0050,0.0050,0.0050,2848,0
D,2013-09-02,0.0050,0.0050,0.0050,0.0050,0,0
D,2013-08-30,0.0050,0.0050,0.0050,0.0050,0,0
D,2013-08-29,0.0050,0.0050,0.0050,0.0050,100,0
D,2013-08-28,0.0050,0.0100,0.0050,0.0100,2944,0
D,2013-08-27,0.0150,0.0150,0.0150,0.0150,0,0
D,2013-08-26,0.0150,0.0150,0.0150,0.0150,0,0
D,2013-08-23,0.0050,0.0150,0.0050,0.0150,1899,0
D,2013-08-22,0.0150,0.0150,0.0150,0.0150,0,0
D,2013-08-21,0.0050,0.0150,0.0050,0.0150,2502,0
D,2013-08-20,0.0050,0.0150,0.0050,0.0150,201,0
D,2013-08-19,0.0050,0.0050,0.0050,0.0050,0,0
D,2013-08-16,0.0050,0.0050,0.0050,0.0050,0,0
D,2013-08-15,0.0050,0.0050,0.0050,0.0050,0,0
D,2013-08-14,0.0050,0.0050,0.0050,0.0050,0,0
D,2013-08-13,0.0050,0.0050,0.0050,0.0050,0,0
D,2013-08-12,0.0050,0.0050,0.0050,0.0050,0,0
D,2013-08-07,0.0050,0.0050,0.0050,0.0050,0,0
D,2013-08-06,0.0050,0.0050,0.0050,0.0050,0,0
D,2013-08-05,0.0050,0.0050,0.0050,0.0050,0,0
D,2013-08-02,0.0050,0.0050,0.0050,0.0050,0,0
D,2013-08-01,0.0100,0.0100,0.0050,0.0050,1001,0
D,2013-07-31,0.0050,0.0150,0.0050,0.0150,1001,0
D,2013-07-30,0.0100,0.0100,0.0100,0.0100,0,0
D,2013-07-29,0.0100,0.0100,0.0100,0.0100,0,0
D,2013-07-26,0.0100,0.0100,0.0100,0.0100,0,0
D,2013-07-25,0.0100,0.0100,0.0100,0.0100,0,0
D,2013-07-24,0.0100,0.0100,0.0050,0.0100,700,0
D,2013-07-23,0.0300,0.0300,0.0300,0.0300,0,0
D,2013-07-22,0.0300,0.0300,0.0300,0.0300,0,0
D,2013-07-19,0.0300,0.0300,0.0300,0.0300,0,0
D,2013-07-18,0.0300,0.0300,0.0300,0.0300,400,0
D,2013-07-17,0.0250,0.0250,0.0250,0.0250,0,0
D,2013-07-16,0.0250,0.0250,0.0250,0.0250,0,0
D,2013-07-15,0.0250,0.0250,0.0250,0.0250,0,0
D,2013-07-12,0.0250,0.0250,0.0250,0.0250,0,0
D,2013-07-11,0.0250,0.0250,0.0250,0.0250,0,0
D,2013-07-10,0.0250,0.0250,0.0250,0.0250,0,0
D,2013-07-09,0.0250,0.0250,0.0250,0.0250,0,0
D,2013-07-08,0.0250,0.0250,0.0250,0.0250,0,0
D,2013-07-05,0.0250,0.0250,0.0250,0.0250,0,0
D,2013-07-04,0.0250,0.0250,0.0250,0.0250,0,0
D,2013-07-03,0.0250,0.0250,0.0250,0.0250,0,0
D,2013-07-02,0.0250,0.0250,0.0250,0.0250,0,0
D,2013-07-01,0.0250,0.0250,0.0250,0.0250,0,0
D,2013-06-28,0.0250,0.0250,0.0250,0.0250,0,0
D,2013-06-27,0.0250,0.0250,0.0250,0.0250,0,0
D,2013-06-26,0.0250,0.0250,0.0250,0.0250,0,0
D,2013-06-25,0.0250,0.0250,0.0250,0.0250,0,0
D,2013-06-24,0.0250,0.0250,0.0250,0.0250,0,0
D,2013-06-21,0.0250,0.0250,0.0250,0.0250,0,0
D,2013-06-20,0.0250,0.0250,0.0250,0.0250,0,0
D,2013-06-19,0.0250,0.0250,0.0250,0.0250,150,0
D,2013-06-18,0.0200,0.0200,0.0200,0.0200,100,0
D,2013-06-17,0.0250,0.0250,0.0250,0.0250,0,0
D,2013-06-14,0.0250,0.0250,0.0250,0.0250,50,0
D,2013-06-13,0.0200,0.0200,0.0200,0.0200,0,0
D,2013-06-12,0.0200,0.0200,0.0200,0.0200,0,0
D,2013-06-11,0.0200,0.0200,0.0200,0.0200,0,0
D,2013-06-10,0.0200,0.0200,0.0200,0.0200,0,0
D,2013-06-07,0.0250,0.0300,0.0200,0.0200,1020,0
D,2013-06-06,0.0450,0.0450,0.0450,0.0450,0,0
D,2013-06-05,0.0450,0.0450,0.0450,0.0450,0,0
D,2013-06-04,0.0450,0.0450,0.0450,0.0450,0,0
D,2013-06-03,0.0400,0.0500,0.0400,0.0450,4500,0
D,2013-05-31,0.0350,0.0350,0.0350,0.0350,300,0
D,2013-05-30,0.0350,0.0350,0.0350,0.0350,0,0
D,2013-05-29,0.0350,0.0350,0.0350,0.0350,1675,0
D,2013-05-28,0.0350,0.0350,0.0350,0.0350,0,0
D,2013-05-27,0.0350,0.0350,0.0350,0.0350,0,0
D,2013-05-23,0.0350,0.0350,0.0350,0.0350,1,0
D,2013-05-22,0.0300,0.0500,0.0300,0.0500,1829,0
D,2013-05-21,0.0350,0.0350,0.0350,0.0350,0,0
D,2013-05-20,0.0350,0.0350,0.0350,0.0350,160,0
D,2013-05-17,0.0300,0.0350,0.0300,0.0350,1500,0
D,2013-05-16,0.0300,0.0500,0.0300,0.0500,2906,0
D,2013-05-15,0.0200,0.0200,0.0200,0.0200,0,0
D,2013-05-14,0.0200,0.0200,0.0200,0.0200,0,0
D,2013-05-13,0.0200,0.0200,0.0200,0.0200,0,0
D,2013-05-10,0.0200,0.0200,0.0200,0.0200,0,0
D,2013-05-09,0.0200,0.0200,0.0200,0.0200,0,0
D,2013-05-08,0.0200,0.0200,0.0200,0.0200,0,0
D,2013-05-07,0.0200,0.0200,0.0200,0.0200,0,0
D,2013-05-06,0.0200,0.0200,0.0200,0.0200,0,0
D,2013-05-03,0.0200,0.0200,0.0200,0.0200,0,0
D,2013-05-02,0.0200,0.0200,0.0200,0.0200,0,0
D,2013-04-30,0.0200,0.0200,0.0200,0.0200,0,0
D,2013-04-29,0.0200,0.0200,0.0200,0.0200,0,0
D,2013-04-26,0.0200,0.0200,0.0200,0.0200,100,0
D,2013-04-25,0.0250,0.0250,0.0250,0.0250,0,0
D,2013-04-24,0.0250,0.0250,0.0250,0.0250,0,0
D,2013-04-23,0.0250,0.0250,0.0250,0.0250,0,0
D,2013-04-22,0.0250,0.0250,0.0250,0.0250,0,0
D,2013-04-19,0.0250,0.0250,0.0250,0.0250,500,0
D,2013-04-18,0.0200,0.0200,0.0200,0.0200,200,0
D,2013-04-17,0.0200,0.0200,0.0200,0.0200,180,0
D,2013-04-16,0.0100,0.0100,0.0100,0.0100,0,0
D,2013-04-15,0.0100,0.0100,0.0100,0.0100,0,0
D,2013-04-12,0.0100,0.0100,0.0100,0.0100,125,0
D,2013-04-11,0.0100,0.0100,0.0100,0.0100,0,0
D,2013-04-10,0.0100,0.0100,0.0100,0.0100,0,0
D,2013-04-09,0.0100,0.0100,0.0100,0.0100,80,0
D,2013-04-08,0.0050,0.0050,0.0050,0.0050,0,0
D,2013-04-05,0.0050,0.0050,0.0050,0.0050,100,0
D,2013-04-04,0.0250,0.0250,0.0250,0.0250,170,0
D,2013-04-03,0.0200,0.0200,0.0200,0.0200,0,0
D,2013-04-02,0.0200,0.0200,0.0200,0.0200,200,0
D,2013-04-01,0.0300,0.0300,0.0300,0.0300,0,0
D,2013-03-29,0.0300,0.0300,0.0300,0.0300,0,0
D,2013-03-28,0.0300,0.0300,0.0300,0.0300,0,0
D,2013-03-27,0.0300,0.0300,0.0300,0.0300,0,0
D,2013-03-26,0.0300,0.0300,0.0300,0.0300,0,0
D,2013-03-25,0.0300,0.0300,0.0300,0.0300,0,0
D,2013-03-22,0.0300,0.0300,0.0300,0.0300,26,0
D,2013-03-21,0.0300,0.0300,0.0300,0.0300,0,0
D,2013-03-20,0.0300,0.0300,0.0300,0.0300,0,0
D,2013-03-19,0.0300,0.0300,0.0300,0.0300,0,0
D,2013-03-18,0.0300,0.0300,0.0300,0.0300,0,0
D,2013-03-15,0.0300,0.0300,0.0300,0.0300,300,0
D,2013-03-14,0.0300,0.0300,0.0300,0.0300,400,0
D,2013-03-13,0.0400,0.0400,0.0400,0.0400,0,0
D,2013-03-12,0.0400,0.0400,0.0400,0.0400,0,0
D,2013-03-11,0.0400,0.0400,0.0400,0.0400,0,0
D,2013-03-08,0.0400,0.0400,0.0400,0.0400,0,0
D,2013-03-07,0.0400,0.0400,0.0400,0.0400,0,0
D,2013-03-06,0.0400,0.0400,0.0400,0.0400,0,0
D,2013-03-05,0.0400,0.0400,0.0400,0.0400,0,0
D,2013-03-04,0.0400,0.0400,0.0400,0.0400,0,0
D,2013-03-01,0.0400,0.0400,0.0400,0.0400,1,0
D,2013-02-28,0.0300,0.0300,0.0300,0.0300,0,0
D,2013-02-27,0.0300,0.0300,0.0300,0.0300,0,0
D,2013-02-26,0.0300,0.0300,0.0300,0.0300,200,0
D,2013-02-25,0.0300,0.0300,0.0300,0.0300,0,0
D,2013-02-22,0.0300,0.0300,0.0300,0.0300,0,0
D,2013-02-21,0.0300,0.0300,0.0300,0.0300,0,0
D,2013-02-20,0.0300,0.0300,0.0300,0.0300,0,0
D,2013-02-19,0.0300,0.0300,0.0300,0.0300,0,0
D,2013-02-18,0.0300,0.0300,0.0300,0.0300,0,0
D,2013-02-15,0.0300,0.0300,0.0300,0.0300,0,0
D,2013-02-14,0.0300,0.0300,0.0300,0.0300,250,0
D,2013-02-13,0.0300,0.0300,0.0300,0.0300,0,0
D,2013-02-08,0.0300,0.0300,0.0300,0.0300,500,0
D,2013-02-07,0.0300,0.0300,0.0250,0.0250,598,0
D,2013-02-06,0.0350,0.0350,0.0350,0.0350,352,0
D,2013-02-05,0.0350,0.0350,0.0350,0.0350,300,0
D,2013-02-04,0.1000,0.1000,0.1000,0.1000,0,0
D,2013-01-31,0.1000,0.1000,0.1000,0.1000,0,0
D,2013-01-30,0.1000,0.1000,0.1000,0.1000,0,0
D,2013-01-29,0.1000,0.1000,0.1000,0.1000,0,0
D,2013-01-25,0.1000,0.1000,0.1000,0.1000,0,0
D,2013-01-23,0.1000,0.1000,0.1000,0.1000,0,0
D,2013-01-22,0.1000,0.1000,0.1000,0.1000,0,0
D,2013-01-21,0.1000,0.1000,0.1000,0.1000,0,0
D,2013-01-18,0.1000,0.1000,0.1000,0.1000,0,0
D,2013-01-17,0.1000,0.1000,0.1000,0.1000,1,0
D,2013-01-16,0.0600,0.0600,0.0600,0.0600,0,0
D,2013-01-15,0.0600,0.0600,0.0600,0.0600,0,0
D,2013-01-14,0.0500,0.0600,0.0500,0.0600,150,0
D,2013-01-11,0.0300,0.0300,0.0300,0.0300,50,0
D,2013-01-10,0.0300,0.0300,0.0300,0.0300,0,0
D,2013-01-09,0.0300,0.0300,0.0300,0.0300,0,0
D,2013-01-08,0.0300,0.0300,0.0300,0.0300,50,0
D,2013-01-07,0.0550,0.0550,0.0550,0.0550,365,0
D,2013-01-04,0.0600,0.0600,0.0600,0.0600,0,0
D,2013-01-03,0.0600,0.0600,0.0600,0.0600,0,0
D,2013-01-02,0.0600,0.0600,0.0600,0.0600,0,0
D,2012-12-31,0.0600,0.0600,0.0600,0.0600,0,0
D,2012-12-28,0.0600,0.0600,0.0600,0.0600,0,0
D,2012-12-27,0.0600,0.0600,0.0600,0.0600,0,0
D,2012-12-26,0.0600,0.0600,0.0600,0.0600,0,0
D,2012-12-24,0.0600,0.0600,0.0600,0.0600,0,0
D,2012-12-21,0.0600,0.0600,0.0600,0.0600,0,0
D,2012-12-20,0.0600,0.0600,0.0600,0.0600,0,0
D,2012-12-19,0.0600,0.0600,0.0600,0.0600,0,0
D,2012-12-18,0.0600,0.0600,0.0600,0.0600,0,0
D,2012-12-17,0.0600,0.0600,0.0600,0.0600,0,0
D,2012-12-14,0.0600,0.0600,0.0600,0.0600,0,0
D,2012-12-13,0.0600,0.0600,0.0600,0.0600,0,0
D,2012-12-12,0.0600,0.0600,0.0600,0.0600,0,0
D,2012-12-11,0.0600,0.0600,0.0600,0.0600,0,0
D,2012-12-10,0.0600,0.0600,0.0600,0.0600,400,0
D,2012-12-07,0.0600,0.0600,0.0600,0.0600,0,0
D,2012-12-06,0.0600,0.0600,0.0600,0.0600,0,0
D,2012-12-05,0.0600,0.0600,0.0600,0.0600,10,0
D,2012-12-04,0.0650,0.0650,0.0600,0.0600,124,0
D,2012-12-03,0.0600,0.0600,0.0600,0.0600,0,0
D,2012-11-30,0.0600,0.0600,0.0600,0.0600,0,0
D,2012-11-29,0.0600,0.0600,0.0600,0.0600,0,0
D,2012-11-28,0.0600,0.0600,0.0600,0.0600,0,0
D,2012-11-27,0.0600,0.0600,0.0600,0.0600,20,0
D,2012-11-26,0.0700,0.0700,0.0700,0.0700,0,0
D,2012-11-23,0.0700,0.0700,0.0700,0.0700,0,0
D,2012-11-22,0.0700,0.0700,0.0700,0.0700,0,0
D,2012-11-21,0.0700,0.0700,0.0700,0.0700,0,0
D,2012-11-20,0.0700,0.0700,0.0700,0.0700,0,0
D,2012-11-19,0.0700,0.0700,0.0700,0.0700,0,0
D,2012-11-16,0.0700,0.0700,0.0700,0.0700,510,0
D,2012-11-14,0.0700,0.0700,0.0700,0.0700,0,0
D,2012-11-12,0.0700,0.0700,0.0700,0.0700,0,0
D,2012-11-09,0.0700,0.0700,0.0700,0.0700,0,0
D,2012-11-08,0.0700,0.0700,0.0700,0.0700,0,0
D,2012-11-07,0.0700,0.0700,0.0700,0.0700,0,0
D,2012-11-06,0.0700,0.0700,0.0700,0.0700,70,0
D,2012-11-05,0.0800,0.0800,0.0800,0.0800,0,0
D,2012-11-02,0.0800,0.0800,0.0800,0.0800,500,0
D,2012-11-01,0.0800,0.0950,0.0800,0.0950,1590,0
D,2012-10-31,0.0700,0.0700,0.0700,0.0700,0,0
D,2012-10-30,0.0750,0.0750,0.0700,0.0700,1400,0
D,2012-10-29,0.0800,0.0800,0.0750,0.0800,1450,0
D,2012-10-25,0.0700,0.0700,0.0700,0.0700,0,0
D,2012-10-24,0.0700,0.0700,0.0700,0.0700,134,0
D,2012-10-23,0.0700,0.0800,0.0700,0.0800,5361,0
D,2012-10-22,0.0600,0.0600,0.0600,0.0600,20,0
D,2012-10-19,0.0650,0.0650,0.0650,0.0650,500,0
D,2012-10-18,0.0700,0.0700,0.0700,0.0700,0,0
D,2012-10-17,0.0700,0.0700,0.0700,0.0700,0,0
D,2012-10-16,0.0700,0.0700,0.0700,0.0700,0,0
D,2012-10-15,0.0700,0.0700,0.0700,0.0700,0,0
D,2012-10-12,0.0700,0.0700,0.0700,0.0700,0,0
D,2012-10-11,0.0700,0.0700,0.0700,0.0700,0,0
D,2012-10-10,0.0700,0.0700,0.0700,0.0700,0,0
D,2012-10-09,0.0700,0.0700,0.0700,0.0700,0,0
D,2012-10-08,0.0700,0.0700,0.0700,0.0700,0,0
D,2012-10-05,0.0700,0.0700,0.0700,0.0700,0,0
D,2012-10-04,0.0700,0.0700,0.0700,0.0700,0,0
D,2012-10-03,0.0700,0.0700,0.0700,0.0700,0,0
D,2012-05-03,0.1150,0.1150,0.1150,0.1150,627,0
D,2012-05-02,0.1000,0.1150,0.1000,0.1150,75,0
