D,2014-10-14,8.0000,8.0000,8.0000,8.0000,25,0
D,2014-10-13,8.0500,8.0500,8.0500,8.0500,10,0
D,2014-10-10,8.2000,8.2000,8.0500,8.0500,72,0
D,2014-10-09,8.2000,8.2000,8.2000,8.2000,200,0
D,2014-10-08,8.1000,8.1000,8.0000,8.0000,68,0
D,2014-10-07,8.0000,8.1500,8.0000,8.0000,252,0
D,2014-10-03,8.1000,8.1000,8.0500,8.0500,77,0
D,2014-10-02,8.0500,8.0500,8.0500,8.0500,110,0
D,2014-10-01,8.0000,8.0000,7.8000,7.8000,145,0
D,2014-09-30,8.0500,8.0500,8.0500,8.0500,50,0
D,2014-09-29,8.1000,8.1000,8.0000,8.0000,54,0
D,2014-09-26,8.0500,8.0500,8.0500,8.0500,60,0
D,2014-09-25,8.0500,8.0500,8.0000,8.0000,100,0
D,2014-09-24,8.0500,8.0500,8.0500,8.0500,30,0
D,2014-09-23,8.0000,8.0000,8.0000,8.0000,0,0
D,2014-09-22,8.0000,8.0000,8.0000,8.0000,44,0
D,2014-09-19,8.0000,8.0000,8.0000,8.0000,45,0
D,2014-09-18,7.8000,8.1000,7.8000,8.0000,353,0
D,2014-09-17,7.6000,7.6000,7.6000,7.6000,0,0
D,2014-09-15,7.6000,7.6000,7.6000,7.6000,5,0
D,2014-09-12,7.6000,7.6000,7.6000,7.6000,0,0
D,2014-09-11,7.6000,7.6000,7.6000,7.6000,0,0
D,2014-09-10,7.6000,7.6000,7.6000,7.6000,12,0
D,2014-09-09,7.6000,7.6000,7.6000,7.6000,0,0
D,2014-09-08,7.6000,7.6000,7.6000,7.6000,0,0
D,2014-09-05,7.6000,7.6000,7.6000,7.6000,0,0
D,2014-09-04,7.6000,7.6000,7.6000,7.6000,0,0
D,2014-09-03,7.6000,7.6000,7.6000,7.6000,20,0
D,2014-09-02,7.5000,7.6000,7.5000,7.6000,10,0
D,2014-08-29,7.5500,7.5500,7.5500,7.5500,0,0
D,2014-08-28,7.5500,7.5500,7.5500,7.5500,0,0
D,2014-08-27,7.5500,7.5500,7.5500,7.5500,0,0
D,2014-08-26,7.5500,7.5500,7.5500,7.5500,0,0
D,2014-08-25,7.5500,7.5500,7.5500,7.5500,0,0
D,2014-08-22,7.5500,7.5500,7.5500,7.5500,0,0
D,2014-08-21,7.5500,7.5500,7.5500,7.5500,0,0
D,2014-08-20,7.5200,7.5500,7.5200,7.5500,80,0
D,2014-08-19,7.6000,7.6000,7.6000,7.6000,0,0
D,2014-08-18,7.6000,7.6000,7.6000,7.6000,0,0
D,2014-08-15,7.6000,7.6000,7.6000,7.6000,2,0
D,2014-08-14,7.6000,7.6000,7.6000,7.6000,30,0
D,2014-08-13,7.6000,7.6000,7.6000,7.6000,0,0
D,2014-08-12,7.6000,7.6000,7.6000,7.6000,0,0
D,2014-08-11,7.6000,7.6000,7.6000,7.6000,10,0
D,2014-08-08,7.6800,7.6800,7.6800,7.6800,0,0
D,2014-08-07,7.6800,7.6800,7.6800,7.6800,0,0
D,2014-08-06,7.6800,7.6800,7.6800,7.6800,24,0
D,2014-08-05,7.4500,7.7000,7.4500,7.7000,31,0
D,2014-08-04,7.5200,7.5200,7.4000,7.4000,44,0
D,2014-08-01,7.8000,7.8000,7.8000,7.8000,5,0
D,2014-07-31,7.6000,7.6000,7.6000,7.6000,75,0
D,2014-07-30,7.2000,7.6000,7.2000,7.3100,260,0
D,2014-07-25,7.2000,7.2000,7.2000,7.2000,100,0
D,2014-07-24,7.2000,7.2000,7.2000,7.2000,0,0
D,2014-07-23,7.2000,7.2000,7.2000,7.2000,0,0
D,2014-07-22,7.2000,7.2000,7.2000,7.2000,0,0
D,2014-07-21,7.2000,7.2000,7.2000,7.2000,0,0
D,2014-07-18,7.2000,7.2000,7.2000,7.2000,0,0
D,2014-07-17,7.2000,7.2000,7.2000,7.2000,0,0
D,2014-07-16,7.2000,7.2000,7.2000,7.2000,0,0
D,2014-07-14,7.2000,7.2000,7.2000,7.2000,0,0
D,2014-07-11,7.2000,7.2000,7.2000,7.2000,30,0
D,2014-07-10,7.8000,7.8000,7.8000,7.8000,0,0
D,2014-07-09,7.8000,7.8000,7.8000,7.8000,0,0
D,2014-07-08,7.8000,7.8100,7.8000,7.8000,30,0
D,2014-07-07,7.9200,7.9200,7.9200,7.9200,0,0
D,2014-07-04,7.9200,7.9200,7.9200,7.9200,0,0
D,2014-07-03,7.9200,7.9200,7.9200,7.9200,0,0
D,2014-07-02,7.9200,7.9200,7.9200,7.9200,0,0
D,2014-07-01,7.9200,7.9200,7.9200,7.9200,10,0
D,2014-06-30,7.9200,7.9200,7.9200,7.9200,16,0
D,2014-06-27,7.9500,7.9500,7.9100,7.9100,50,0
D,2014-06-26,8.1000,8.1000,8.1000,8.1000,0,0
D,2014-06-25,8.1000,8.1000,8.1000,8.1000,4,0
D,2014-06-24,8.1000,8.1000,8.1000,8.1000,80,0
D,2014-06-23,8.1000,8.1000,8.1000,8.1000,0,0
D,2014-06-20,8.1000,8.1000,8.1000,8.1000,0,0
D,2014-06-19,7.9800,8.1000,7.9100,8.1000,90,0
D,2014-06-18,8.1000,8.1000,8.1000,8.1000,0,0
D,2014-06-17,8.1000,8.1000,8.1000,8.1000,0,0
D,2014-06-16,8.1000,8.1000,8.1000,8.1000,10,0
D,2014-06-13,8.1100,8.1100,8.1100,8.1100,0,0
D,2014-06-12,8.1100,8.1100,8.1100,8.1100,0,0
D,2014-06-11,8.1100,8.1100,8.1100,8.1100,0,0
D,2014-06-10,8.1100,8.1100,8.1100,8.1100,0,0
D,2014-06-09,8.1100,8.1100,8.1100,8.1100,0,0
D,2014-06-06,8.1100,8.1100,8.1100,8.1100,20,0
D,2014-06-05,8.1100,8.1100,8.1100,8.1100,0,0
D,2014-06-04,7.9900,8.1100,7.9000,8.1100,631,0
D,2014-06-03,8.0000,8.0000,8.0000,8.0000,600,0
D,2014-06-02,7.7000,7.7000,7.7000,7.7000,0,0
D,2014-05-30,7.7000,7.7000,7.7000,7.7000,0,0
D,2014-05-29,7.7000,7.7000,7.7000,7.7000,0,0
D,2014-05-28,7.7000,7.7000,7.7000,7.7000,0,0
D,2014-05-27,7.7000,7.7000,7.7000,7.7000,20,0
D,2014-05-26,7.7100,7.7100,7.7100,7.7100,0,0
D,2014-05-23,7.7100,7.7100,7.7100,7.7100,0,0
D,2014-05-22,7.7100,7.7100,7.7100,7.7100,0,0
D,2014-05-21,7.7100,7.7100,7.7100,7.7100,0,0
D,2014-05-20,7.7000,7.7100,7.7000,7.7100,23,0
D,2014-05-19,7.7000,7.7000,7.6000,7.7000,97,0
D,2014-05-16,7.8000,7.8000,7.8000,7.8000,0,0
D,2014-05-15,7.8000,7.8000,7.8000,7.8000,27,0
D,2014-05-14,7.7600,7.7600,7.6000,7.7000,42,0
D,2014-05-12,7.8000,7.8000,7.8000,7.8000,0,0
D,2014-05-09,7.8000,7.8000,7.8000,7.8000,20,0
D,2014-05-08,7.6000,7.6000,7.6000,7.6000,0,0
D,2014-05-07,7.6000,7.6000,7.6000,7.6000,0,0
D,2014-05-06,7.6000,7.6000,7.6000,7.6000,0,0
D,2014-05-05,7.6000,7.6000,7.6000,7.6000,0,0
D,2014-05-02,7.6000,7.6000,7.6000,7.6000,0,0
D,2014-04-30,7.6000,7.6000,7.6000,7.6000,10,0
D,2014-04-29,7.6000,7.6000,7.6000,7.6000,2,0
D,2014-04-28,7.6000,7.6000,7.6000,7.6000,31,0
D,2014-04-25,7.6000,7.6000,7.6000,7.6000,5,0
D,2014-04-24,7.6200,7.6200,7.6000,7.6000,40,0
D,2014-04-23,7.6400,7.6400,7.6000,7.6000,54,0
D,2014-04-22,7.6500,7.6500,7.6000,7.6000,70,0
D,2014-04-21,7.6500,7.6500,7.6500,7.6500,30,0
D,2014-04-18,7.6500,7.6500,7.6500,7.6500,0,0
D,2014-04-17,7.5800,7.6500,7.5800,7.6500,102,0
D,2014-04-16,7.5800,7.5800,7.5800,7.5800,20,0
D,2014-04-15,7.5200,7.5200,7.5200,7.5200,10,0
D,2014-04-14,7.5800,7.5800,7.5800,7.5800,0,0
D,2014-04-11,7.5400,7.5800,7.5400,7.5800,10,0
D,2014-04-10,7.5500,7.5500,7.5500,7.5500,80,0
D,2014-04-09,7.5000,7.5000,7.5000,7.5000,0,0
D,2014-04-08,7.5000,7.5000,7.5000,7.5000,1,0
D,2014-04-07,7.5000,7.5100,7.5000,7.5000,96,0
D,2014-04-04,7.5100,7.5100,7.5100,7.5100,10,0
D,2014-04-03,7.4500,7.4500,7.4500,7.4500,0,0
D,2014-04-02,7.4600,7.4600,7.4500,7.4500,40,0
D,2014-04-01,7.4600,7.4600,7.4500,7.4500,20,0
D,2014-03-31,7.4500,7.4500,7.4500,7.4500,0,0
D,2014-03-28,7.4500,7.4500,7.4500,7.4500,20,0
D,2014-03-27,7.4500,7.4500,7.4500,7.4500,0,0
D,2014-03-26,7.4500,7.4500,7.4500,7.4500,0,0
D,2014-03-25,7.4500,7.4500,7.4500,7.4500,0,0
D,2014-03-24,7.4500,7.4500,7.4500,7.4500,0,0
D,2014-03-21,7.4500,7.4500,7.4500,7.4500,40,0
D,2014-03-20,7.4500,7.4500,7.4500,7.4500,0,0
D,2014-03-19,7.4500,7.4500,7.4500,7.4500,16,0
D,2014-03-18,7.4500,7.4500,7.4500,7.4500,2,0
D,2014-03-17,7.5000,7.5000,7.5000,7.5000,20,0
D,2014-03-14,7.6000,7.6000,7.6000,7.6000,7,0
D,2014-03-13,7.6000,7.6000,7.6000,7.6000,0,0
D,2014-03-12,7.6000,7.6000,7.6000,7.6000,40,0
D,2014-03-11,7.5000,7.5000,7.5000,7.5000,50,0
D,2014-03-10,7.5000,7.5000,7.5000,7.5000,0,0
D,2014-03-07,7.5000,7.5000,7.5000,7.5000,69,0
D,2014-03-06,7.4000,7.4000,7.4000,7.4000,0,0
D,2014-03-05,7.4000,7.4000,7.4000,7.4000,10,0
D,2014-03-04,7.4500,7.4500,7.4500,7.4500,60,0
D,2014-03-03,7.5000,7.5000,7.5000,7.5000,40,0
D,2014-02-28,7.4000,7.4000,7.4000,7.4000,0,0
D,2014-02-27,7.4000,7.4000,7.4000,7.4000,385,0
D,2014-02-26,7.3600,7.3600,7.3600,7.3600,66,0
D,2014-02-25,7.4000,7.4000,7.4000,7.4000,50,0
D,2014-02-24,7.3500,7.4000,7.3500,7.4000,154,0
D,2014-02-21,7.4000,7.4000,7.4000,7.4000,0,0
D,2014-02-20,7.3000,7.4000,7.3000,7.4000,410,0
D,2014-02-19,7.3000,7.4000,7.3000,7.4000,262,0
D,2014-02-18,7.3000,7.3000,7.3000,7.3000,40,0
D,2014-02-17,7.4000,7.4000,7.3000,7.3000,13,0
D,2014-02-14,7.4000,7.4000,7.4000,7.4000,321,0
D,2014-02-13,7.4000,7.4000,7.4000,7.4000,600,0
D,2014-02-12,7.4000,7.4000,7.4000,7.4000,30,0
D,2014-02-11,7.4000,7.4000,7.4000,7.4000,0,0
D,2014-02-10,7.4000,7.4000,7.4000,7.4000,24,0
D,2014-02-07,7.4000,7.4000,7.4000,7.4000,30,0
D,2014-02-06,7.3000,7.3000,7.3000,7.3000,30,0
D,2014-02-05,7.3000,7.3000,7.3000,7.3000,0,0
D,2014-02-04,7.3000,7.3000,7.3000,7.3000,0,0
D,2014-01-30,7.3000,7.3000,7.3000,7.3000,0,0
D,2014-01-29,7.3000,7.3000,7.3000,7.3000,0,0
D,2014-01-28,7.3000,7.3000,7.3000,7.3000,0,0
D,2014-01-27,7.3000,7.3000,7.3000,7.3000,53,0
D,2014-01-24,7.3000,7.3000,7.3000,7.3000,0,0
D,2014-01-23,7.3000,7.3000,7.3000,7.3000,11,0
D,2014-01-22,7.2500,7.2500,7.2500,7.2500,5,0
D,2014-01-21,7.2500,7.2500,7.2500,7.2500,0,0
D,2014-01-20,7.2500,7.2500,7.2500,7.2500,2,0
D,2014-01-16,7.3000,7.3000,7.3000,7.3000,0,0
D,2014-01-15,7.4000,7.4000,7.3000,7.3000,73,0
D,2014-01-13,7.3000,7.3000,7.3000,7.3000,0,0
D,2014-01-10,7.3000,7.3000,7.3000,7.3000,0,0
D,2014-01-09,7.4000,7.4000,7.3000,7.3000,142,0
D,2014-01-08,7.4000,7.4000,7.4000,7.4000,0,0
D,2014-01-07,7.4000,7.4000,7.4000,7.4000,0,0
D,2014-01-06,7.4000,7.4000,7.4000,7.4000,100,0
D,2014-01-03,7.4000,7.4000,7.4000,7.4000,180,0
D,2014-01-02,7.4000,7.4200,7.4000,7.4000,60,0
D,2013-12-31,7.4000,7.4000,7.4000,7.4000,5,0
D,2013-12-30,7.4400,7.4400,7.4400,7.4400,40,0
D,2013-12-27,7.4400,7.4400,7.4400,7.4400,0,0
D,2013-12-26,7.4400,7.4400,7.4400,7.4400,0,0
D,2013-12-24,7.4400,7.4400,7.4400,7.4400,0,0
D,2013-12-23,7.4400,7.4400,7.4400,7.4400,6,0
D,2013-12-20,7.4000,7.4000,7.4000,7.4000,2,0
D,2013-12-19,7.5000,7.5000,7.4000,7.4000,53,0
D,2013-12-18,7.5000,7.5000,7.5000,7.5000,50,0
D,2013-12-17,7.5200,7.5200,7.5000,7.5000,70,0
D,2013-12-16,7.5200,7.5200,7.5200,7.5200,30,0
D,2013-12-13,7.5000,7.5000,7.5000,7.5000,0,0
D,2013-12-12,7.5000,7.5000,7.5000,7.5000,50,0
D,2013-12-11,7.5000,7.5000,7.5000,7.5000,0,0
D,2013-12-10,7.5000,7.5000,7.5000,7.5000,40,0
D,2013-12-09,7.4500,7.4500,7.4500,7.4500,50,0
D,2013-12-06,7.4500,7.4500,7.4000,7.4000,52,0
D,2013-12-05,7.4600,7.4700,7.4500,7.4500,50,0
D,2013-12-04,7.4500,7.4500,7.4500,7.4500,50,0
D,2013-12-03,7.4500,7.4500,7.4500,7.4500,0,0
D,2013-12-02,7.4500,7.4500,7.4500,7.4500,50,0
D,2013-11-29,7.4000,7.4000,7.4000,7.4000,0,0
D,2013-11-28,7.4000,7.4000,7.4000,7.4000,0,0
D,2013-11-27,7.4000,7.4000,7.4000,7.4000,60,0
D,2013-11-26,7.4500,7.4500,7.4000,7.4000,55,0
D,2013-11-25,7.4500,7.4500,7.4500,7.4500,50,0
D,2013-11-22,7.4000,7.4500,7.4000,7.4500,50,0
D,2013-11-21,7.4500,7.4500,7.4500,7.4500,50,0
D,2013-11-20,7.4500,7.4500,7.4500,7.4500,0,0
D,2013-11-19,7.4000,7.4500,7.4000,7.4500,150,0
D,2013-11-18,7.4000,7.4000,7.4000,7.4000,50,0
D,2013-11-15,7.4000,7.4000,7.4000,7.4000,50,0
D,2013-11-14,7.4000,7.4500,7.4000,7.4000,90,0
D,2013-11-13,7.4000,7.4000,7.4000,7.4000,51,0
D,2013-11-12,7.4000,7.4000,7.4000,7.4000,115,0
D,2013-11-11,7.4000,7.4000,7.4000,7.4000,72,0
D,2013-11-08,7.4200,7.4200,7.4000,7.4000,50,0
D,2013-11-07,7.4000,7.4000,7.4000,7.4000,90,0
D,2013-11-06,7.4000,7.4000,7.4000,7.4000,50,0
D,2013-11-04,7.4000,7.5000,7.4000,7.4000,91,0
D,2013-11-01,7.4000,7.4000,7.4000,7.4000,10,0
D,2013-10-31,7.5000,7.5000,7.5000,7.5000,80,0
D,2013-10-30,7.4000,7.4000,7.4000,7.4000,50,0
D,2013-10-29,7.4000,7.4000,7.4000,7.4000,50,0
D,2013-10-28,7.4000,7.4000,7.4000,7.4000,52,0
D,2013-10-25,7.4000,7.4000,7.4000,7.4000,0,0
D,2013-10-24,7.4000,7.4000,7.4000,7.4000,50,0
D,2013-10-23,7.4000,7.4000,7.4000,7.4000,50,0
D,2013-10-22,7.4000,7.4000,7.4000,7.4000,100,0
D,2013-10-21,7.4200,7.4200,7.4000,7.4000,72,0
D,2013-10-18,7.4000,7.4000,7.4000,7.4000,72,0
D,2013-10-17,7.4000,7.4000,7.4000,7.4000,90,0
D,2013-10-16,7.4000,7.5000,7.4000,7.5000,21,0
D,2013-10-14,7.4000,7.4000,7.4000,7.4000,50,0
D,2013-10-11,7.4000,7.4000,7.4000,7.4000,50,0
D,2013-10-10,7.1000,7.4000,7.0500,7.4000,152,0
D,2013-10-09,7.4000,7.4000,7.4000,7.4000,0,0
D,2013-10-08,7.4000,7.4000,7.4000,7.4000,50,0
D,2013-10-07,7.4000,7.4000,7.4000,7.4000,50,0
D,2013-10-04,7.4000,7.4000,7.4000,7.4000,50,0
D,2013-10-03,7.4000,7.4000,7.4000,7.4000,50,0
D,2013-10-02,7.4000,7.4000,7.4000,7.4000,100,0
D,2013-10-01,7.4000,7.4000,7.4000,7.4000,86,0
D,2013-09-30,7.4000,7.4000,7.4000,7.4000,50,0
D,2013-09-27,7.4000,7.4600,7.4000,7.4600,70,0
D,2013-09-26,7.4000,7.4000,7.4000,7.4000,145,0
D,2013-09-25,7.4000,7.4000,7.4000,7.4000,97,0
D,2013-09-24,7.4000,7.4000,7.0500,7.4000,120,0
D,2013-09-23,7.4000,7.4000,7.4000,7.4000,70,0
D,2013-09-20,7.4000,7.4000,7.4000,7.4000,0,0
D,2013-09-19,7.3800,7.4000,7.3800,7.4000,50,0
D,2013-09-18,7.4000,7.4000,7.4000,7.4000,50,0
D,2013-09-17,7.4000,7.4000,7.4000,7.4000,60,0
D,2013-09-13,7.4000,7.4000,7.4000,7.4000,45,0
D,2013-09-12,7.4000,7.4000,7.4000,7.4000,0,0
D,2013-09-11,7.4000,7.4000,7.4000,7.4000,20,0
D,2013-09-10,7.4000,7.4000,7.4000,7.4000,80,0
D,2013-09-09,7.4000,7.4000,7.4000,7.4000,20,0
D,2013-09-06,7.3500,7.3500,7.3500,7.3500,20,0
D,2013-09-05,7.2800,7.2800,7.2800,7.2800,0,0
D,2013-09-04,7.2500,7.2800,7.2500,7.2800,25,0
D,2013-09-03,7.3000,7.3000,7.2500,7.2500,29,0
D,2013-09-02,7.2500,7.3000,7.2500,7.2500,106,0
D,2013-08-30,7.3000,7.3000,7.0500,7.0500,44,0
D,2013-08-29,7.3000,7.3000,7.3000,7.3000,20,0
D,2013-08-28,7.0600,7.0600,7.0500,7.0500,24,0
D,2013-08-27,7.3000,7.3000,7.3000,7.3000,0,0
D,2013-08-26,7.3000,7.3000,7.3000,7.3000,30,0
D,2013-08-23,7.2500,7.2500,7.2500,7.2500,0,0
D,2013-08-22,7.3000,7.3000,7.2500,7.2500,124,0
D,2013-08-21,7.3000,7.3000,7.3000,7.3000,20,0
D,2013-08-20,7.3600,7.4000,7.2000,7.2000,122,0
D,2013-08-19,7.2000,7.2000,7.2000,7.2000,0,0
D,2013-08-16,7.2000,7.2000,7.2000,7.2000,0,0
D,2013-08-15,7.2000,7.2000,7.2000,7.2000,50,0
D,2013-08-14,7.2000,7.2000,7.2000,7.2000,0,0
D,2013-08-13,7.2000,7.2000,7.2000,7.2000,5,0
D,2013-08-12,7.2000,7.2000,7.2000,7.2000,30,0
D,2013-08-07,7.0300,7.0300,7.0300,7.0300,2,0
D,2013-08-06,7.0300,7.0300,7.0300,7.0300,0,0
D,2013-08-05,7.0300,7.0300,7.0300,7.0300,0,0
D,2013-08-02,7.0300,7.0300,7.0300,7.0300,2,0
D,2013-08-01,7.2500,7.2500,7.2500,7.2500,0,0
D,2013-07-31,7.0100,7.2500,7.0000,7.2500,60,0
D,2013-07-30,7.3000,7.3000,7.3000,7.3000,0,0
D,2013-07-29,7.3000,7.3000,7.3000,7.3000,44,0
D,2013-07-26,7.3000,7.3000,7.3000,7.3000,0,0
D,2013-07-25,7.3000,7.3000,7.3000,7.3000,0,0
D,2013-07-24,7.3000,7.3000,7.3000,7.3000,0,0
D,2013-07-23,7.3000,7.3000,7.3000,7.3000,0,0
D,2013-07-22,7.3000,7.3000,7.3000,7.3000,0,0
D,2013-07-19,7.3000,7.3000,7.3000,7.3000,0,0
D,2013-07-18,7.3000,7.3000,7.3000,7.3000,0,0
D,2013-07-17,7.3000,7.3000,7.3000,7.3000,0,0
D,2013-07-16,7.3000,7.3000,7.3000,7.3000,0,0
D,2013-07-15,7.3000,7.3000,7.3000,7.3000,0,0
D,2013-07-12,7.3000,7.3000,7.3000,7.3000,0,0
D,2013-07-11,7.3000,7.3000,7.3000,7.3000,12,0
D,2013-07-10,7.4000,7.4000,7.4000,7.4000,0,0
D,2013-07-09,7.3000,7.4000,7.3000,7.4000,60,0
D,2013-07-08,7.3000,7.3000,7.3000,7.3000,0,0
D,2013-07-05,7.3000,7.3000,7.3000,7.3000,2,0
D,2013-07-04,7.2200,7.2200,7.2000,7.2000,15,0
D,2013-07-03,7.2000,7.2000,7.2000,7.2000,0,0
D,2013-07-02,7.2000,7.2000,7.2000,7.2000,8,0
D,2013-07-01,7.2000,7.2000,7.2000,7.2000,50,0
D,2013-06-28,7.2000,7.2000,7.2000,7.2000,52,0
D,2013-06-27,7.2400,7.2400,7.2400,7.2400,0,0
D,2013-06-26,7.2400,7.2400,7.2400,7.2400,0,0
D,2013-06-25,7.2400,7.2400,7.2400,7.2400,0,0
D,2013-06-24,7.2400,7.2400,7.2400,7.2400,0,0
D,2013-06-21,7.4200,7.4200,7.4200,7.4200,0,0
D,2013-06-20,7.4200,7.4200,7.4200,7.4200,25,0
D,2013-06-19,7.4200,7.4200,7.4200,7.4200,0,0
D,2013-06-18,7.4200,7.4200,7.4200,7.4200,0,0
D,2013-06-17,7.4300,7.4300,7.4200,7.4200,30,0
D,2013-06-14,7.5200,7.5200,7.5200,7.5200,10,0
D,2013-06-13,7.4200,7.4200,7.4200,7.4200,0,0
D,2013-06-12,7.4200,7.4200,7.4200,7.4200,0,0
D,2013-06-11,7.4200,7.4200,7.4200,7.4200,0,0
D,2013-06-10,7.4200,7.4200,7.4200,7.4200,10,0
D,2013-06-07,7.4800,7.4800,7.4800,7.4800,10,0
D,2013-06-06,7.4100,7.4800,7.4100,7.4800,58,0
D,2013-06-05,7.4200,7.4200,7.4200,7.4200,22,0
D,2013-06-04,7.4400,7.4400,7.4400,7.4400,30,0
D,2013-06-03,7.4400,7.4400,7.4400,7.4400,0,0
D,2013-05-31,7.4400,7.4400,7.4400,7.4400,10,0
D,2013-05-30,7.3600,7.4000,7.3600,7.3600,50,0
D,2013-05-29,7.3500,7.3600,7.3500,7.3600,15,0
D,2013-05-28,7.3000,7.3300,7.3000,7.3300,20,0
D,2013-05-27,7.2000,7.2800,7.2000,7.2800,12,0
D,2013-05-23,7.2000,7.2000,7.2000,7.2000,0,0
D,2013-05-22,7.2000,7.2000,7.2000,7.2000,10,0
D,2013-05-21,7.2400,7.2800,7.2400,7.2800,10,0
D,2013-05-20,7.2000,7.2000,7.2000,7.2000,12,0
D,2013-05-17,7.2000,7.2000,7.2000,7.2000,0,0
D,2013-05-16,7.2000,7.2000,7.2000,7.2000,0,0
D,2013-05-15,7.2000,7.2000,7.2000,7.2000,65,0
D,2013-05-14,7.2000,7.2000,7.2000,7.2000,25,0
D,2013-05-13,7.2800,7.2800,7.2800,7.2800,0,0
D,2013-05-10,7.2800,7.2800,7.2800,7.2800,0,0
D,2013-05-09,7.2500,7.2800,7.2500,7.2800,120,0
D,2013-05-08,7.2500,7.2500,7.2500,7.2500,0,0
D,2013-05-07,7.2500,7.2500,7.2500,7.2500,0,0
D,2013-05-06,7.2500,7.2500,7.2500,7.2500,0,0
D,2013-05-03,7.2000,7.2500,7.2000,7.2500,110,0
D,2013-05-02,7.1500,7.2000,7.1500,7.2000,155,0
D,2013-04-30,7.1500,7.1500,7.1500,7.1500,0,0
D,2013-04-29,7.1500,7.1500,7.1500,7.1500,50,0
D,2013-04-26,7.1500,7.1500,7.1500,7.1500,90,0
D,2013-04-25,7.1200,7.1200,7.1200,7.1200,5,0
D,2013-04-24,7.1800,7.1800,7.1800,7.1800,60,0
D,2013-04-23,7.2000,7.2000,7.1000,7.1000,64,0
D,2013-04-22,7.2000,7.2000,7.1800,7.1800,90,0
D,2013-04-19,7.2000,7.2200,7.2000,7.2000,121,0
D,2013-04-18,7.0000,7.0000,7.0000,7.0000,0,0
D,2013-04-17,7.0000,7.0000,7.0000,7.0000,13,0
D,2013-04-16,7.2000,7.2000,7.0000,7.0000,107,0
D,2013-04-15,7.2000,7.2000,7.2000,7.2000,30,0
D,2013-04-12,7.2000,7.2000,7.2000,7.2000,20,0
D,2013-04-11,7.2000,7.2000,7.2000,7.2000,70,0
D,2013-04-10,7.1500,7.2000,7.1500,7.2000,50,0
D,2013-04-09,7.0000,7.0000,7.0000,7.0000,22,0
D,2013-04-08,7.0000,7.0000,7.0000,7.0000,35,0
D,2013-04-05,7.0100,7.0100,7.0000,7.0000,220,0
D,2013-04-04,7.0000,7.0000,7.0000,7.0000,6,0
D,2013-04-03,7.0500,7.0500,6.8000,7.0000,137,0
D,2013-04-02,7.1000,7.1200,7.0500,7.0600,162,0
D,2013-04-01,7.0500,7.0500,7.0500,7.0500,0,0
D,2013-03-29,7.0500,7.0500,7.0500,7.0500,0,0
D,2013-03-28,7.0500,7.0500,7.0500,7.0500,70,0
D,2013-03-27,7.0300,7.0300,7.0300,7.0300,0,0
D,2013-03-26,7.0300,7.0300,7.0300,7.0300,0,0
D,2013-03-25,7.0500,7.0500,7.0300,7.0300,542,0
D,2013-03-22,7.0300,7.0300,7.0300,7.0300,0,0
D,2013-03-21,7.0100,7.0300,7.0100,7.0300,42,0
D,2013-03-20,7.0100,7.0100,7.0100,7.0100,9,0
D,2013-03-19,7.0000,7.0200,7.0000,7.0100,230,0
D,2013-03-18,7.0500,7.0500,7.0100,7.0100,426,0
D,2013-03-15,7.0100,7.0300,7.0100,7.0100,185,0
D,2013-03-14,7.0000,7.0000,7.0000,7.0000,0,0
D,2013-03-13,7.0000,7.0000,7.0000,7.0000,0,0
D,2013-03-12,7.0000,7.0000,7.0000,7.0000,0,0
D,2013-03-11,7.0000,7.0000,7.0000,7.0000,30,0
D,2013-03-08,7.0000,7.0000,7.0000,7.0000,0,0
D,2013-03-07,7.0000,7.0000,7.0000,7.0000,10,0
D,2013-03-06,7.0000,7.0000,7.0000,7.0000,0,0
D,2013-03-05,7.0000,7.0000,7.0000,7.0000,0,0
D,2013-03-04,7.0000,7.0000,7.0000,7.0000,0,0
D,2013-03-01,7.0000,7.0000,7.0000,7.0000,0,0
D,2013-02-28,7.0000,7.0000,7.0000,7.0000,312,0
D,2013-02-27,7.0000,7.0000,7.0000,7.0000,0,0
D,2013-02-26,7.0000,7.0000,7.0000,7.0000,0,0
D,2013-02-25,7.0000,7.0000,7.0000,7.0000,66,0
D,2013-02-22,7.0000,7.0000,7.0000,7.0000,0,0
D,2013-02-21,7.0000,7.0000,7.0000,7.0000,22,0
D,2013-02-20,7.1000,7.1000,7.1000,7.1000,249,0
D,2013-02-19,7.1000,7.1000,7.1000,7.1000,150,0
D,2013-02-18,7.1000,7.1000,7.1000,7.1000,50,0
D,2013-02-15,7.1000,7.1000,7.1000,7.1000,0,0
D,2013-02-14,7.2000,7.2000,7.1000,7.1000,63,0
D,2013-02-13,7.1000,7.1000,7.1000,7.1000,0,0
D,2013-02-08,7.1000,7.1000,7.1000,7.1000,0,0
D,2013-02-07,7.1000,7.1000,7.1000,7.1000,85,0
D,2013-02-06,7.2000,7.2000,7.2000,7.2000,0,0
D,2013-02-05,7.2000,7.2000,7.2000,7.2000,0,0
D,2013-02-04,7.2000,7.2000,7.2000,7.2000,45,0
D,2013-01-31,7.1000,7.1000,7.1000,7.1000,0,0
D,2013-01-30,7.1000,7.1100,7.1000,7.1000,292,0
D,2013-01-29,7.1000,7.1000,7.1000,7.1000,0,0
D,2013-01-25,7.1000,7.1000,7.1000,7.1000,24,0
D,2013-01-23,7.1000,7.1000,7.1000,7.1000,0,0
D,2013-01-22,7.1000,7.1000,7.1000,7.1000,0,0
D,2013-01-21,7.2000,7.2000,7.1000,7.1000,79,0
D,2013-01-18,7.2000,7.2000,7.2000,7.2000,0,0
D,2013-01-17,7.2000,7.2000,7.2000,7.2000,0,0
D,2013-01-16,7.2000,7.2000,7.2000,7.2000,0,0
D,2013-01-15,7.1500,7.2000,7.1500,7.2000,50,0
D,2013-01-14,7.1000,7.1000,7.1000,7.1000,0,0
D,2013-01-11,7.1000,7.1000,7.1000,7.1000,0,0
D,2013-01-10,7.1000,7.1000,7.1000,7.1000,0,0
D,2013-01-09,7.1000,7.1000,7.1000,7.1000,0,0
D,2013-01-08,7.1000,7.1000,7.1000,7.1000,0,0
D,2013-01-07,7.1000,7.1000,7.1000,7.1000,0,0
D,2013-01-04,7.1000,7.1000,7.1000,7.1000,0,0
D,2013-01-03,7.1000,7.1000,7.1000,7.1000,0,0
D,2013-01-02,7.1000,7.1000,7.1000,7.1000,0,0
D,2012-12-31,7.1000,7.1000,7.1000,7.1000,0,0
D,2012-12-28,7.1800,7.1800,7.1800,7.1800,60,0
D,2012-12-27,7.1000,7.1000,7.1000,7.1000,0,0
D,2012-12-26,7.0500,7.1000,7.0500,7.1000,100,0
D,2012-12-24,7.0000,7.0000,7.0000,7.0000,4,0
D,2012-12-21,7.0000,7.0000,7.0000,7.0000,0,0
D,2012-12-20,7.0000,7.0000,7.0000,7.0000,0,0
D,2012-12-19,7.0000,7.0000,7.0000,7.0000,0,0
D,2012-12-18,7.0000,7.0000,7.0000,7.0000,20,0
D,2012-12-17,7.0000,7.0000,7.0000,7.0000,30,0
D,2012-12-14,6.9000,7.0000,6.9000,7.0000,11,0
D,2012-12-13,7.0000,7.0000,7.0000,7.0000,0,0
D,2012-12-12,7.0000,7.0000,7.0000,7.0000,0,0
D,2012-12-11,7.0000,7.1000,7.0000,7.0000,110,0
D,2012-12-10,6.8500,6.8500,6.8500,6.8500,0,0
D,2012-12-07,6.8500,6.8500,6.8500,6.8500,3,0
D,2012-12-06,6.8000,6.8000,6.8000,6.8000,150,0
D,2012-12-05,7.3000,7.3000,7.3000,7.3000,0,0
D,2012-12-04,7.3000,7.3000,7.3000,7.3000,0,0
D,2012-12-03,7.3000,7.3000,7.3000,7.3000,0,0
D,2012-11-30,7.2000,7.3000,7.2000,7.3000,30,0
D,2012-11-29,7.0500,7.0500,7.0500,7.0500,0,0
D,2012-11-28,7.0500,7.0500,7.0500,7.0500,0,0
D,2012-11-27,7.2000,7.2000,7.0500,7.0500,92,0
D,2012-11-26,7.2000,7.2000,7.2000,7.2000,0,0
D,2012-11-23,7.2000,7.2000,7.2000,7.2000,50,0
D,2012-11-22,7.2000,7.2000,7.2000,7.2000,34,0
D,2012-11-21,7.2000,7.2000,7.2000,7.2000,0,0
D,2012-11-20,7.2000,7.2000,7.2000,7.2000,0,0
D,2012-11-19,7.2000,7.2000,7.2000,7.2000,0,0
D,2012-11-16,7.1500,7.2000,7.1500,7.2000,50,0
D,2012-11-14,7.2000,7.2000,7.2000,7.2000,0,0
D,2012-11-12,7.2000,7.2000,7.2000,7.2000,0,0
D,2012-11-09,7.2000,7.2000,7.2000,7.2000,0,0
D,2012-11-08,7.2000,7.2000,7.2000,7.2000,0,0
D,2012-11-07,7.2000,7.2000,7.2000,7.2000,0,0
D,2012-11-06,7.2000,7.2000,7.2000,7.2000,0,0
D,2012-11-05,7.2000,7.2000,7.2000,7.2000,0,0
D,2012-11-02,7.2000,7.2000,7.2000,7.2000,0,0
D,2012-11-01,7.2000,7.2000,7.2000,7.2000,20,0
D,2012-10-31,7.2000,7.2000,7.2000,7.2000,0,0
D,2012-10-30,7.2000,7.3000,7.2000,7.2000,155,0
D,2012-10-29,7.2000,7.2000,7.2000,7.2000,48,0
D,2012-10-25,7.2000,7.2000,7.2000,7.2000,48,0
D,2012-10-24,7.1000,7.1000,7.1000,7.1000,0,0
D,2012-10-23,7.1000,7.1000,7.1000,7.1000,10,0
D,2012-10-22,7.1000,7.1000,7.1000,7.1000,0,0
D,2012-10-19,7.0000,7.1000,7.0000,7.1000,32,0
D,2012-10-18,7.2000,7.2000,7.2000,7.2000,0,0
D,2012-10-17,7.2000,7.2000,7.2000,7.2000,0,0
D,2012-10-16,7.2000,7.2000,7.2000,7.2000,0,0
D,2012-10-15,7.2000,7.2000,7.2000,7.2000,0,0
D,2012-10-12,7.2000,7.2000,7.2000,7.2000,0,0
D,2012-10-11,7.2000,7.2000,7.2000,7.2000,10,0
D,2012-10-10,7.2000,7.2000,7.2000,7.2000,44,0
D,2012-10-09,7.2000,7.2000,7.2000,7.2000,0,0
D,2012-10-08,7.4000,7.4000,7.2000,7.2000,26,0
D,2012-10-05,7.4000,7.4000,7.4000,7.4000,0,0
D,2012-10-04,7.4000,7.4000,7.4000,7.4000,10,0
D,2012-10-03,7.4000,7.4000,7.4000,7.4000,20,0
D,2012-05-03,7.5800,7.6000,7.5800,7.6000,75,0
D,2012-05-02,7.5600,7.5600,7.5300,7.5600,160,0
