D,2013-06-19,0.0050,0.0050,0.0050,0.0050,0,0
D,2013-06-18,0.0050,0.0050,0.0050,0.0050,0,0
D,2013-06-17,0.0050,0.0050,0.0050,0.0050,0,0
D,2013-06-14,0.0050,0.0050,0.0050,0.0050,0,0
D,2013-06-13,0.0050,0.0050,0.0050,0.0050,0,0
D,2013-06-12,0.0050,0.0050,0.0050,0.0050,10000,0
D,2013-06-11,0.0050,0.0050,0.0050,0.0050,1225,0
D,2013-06-10,0.0050,0.0050,0.0050,0.0050,0,0
D,2013-06-07,0.0050,0.0050,0.0050,0.0050,0,0
D,2013-06-06,0.0050,0.0050,0.0050,0.0050,0,0
D,2013-06-05,0.0050,0.0050,0.0050,0.0050,5000,0
D,2013-06-04,0.0050,0.0100,0.0050,0.0050,800,0
D,2013-06-03,0.0100,0.0100,0.0100,0.0100,2500,0
D,2013-05-31,0.0100,0.0100,0.0100,0.0100,2275,0
D,2013-05-30,0.0100,0.0150,0.0050,0.0150,3753,0
D,2013-05-29,0.0150,0.0150,0.0150,0.0150,1550,0
D,2013-05-28,0.0200,0.0200,0.0200,0.0200,600,0
D,2013-05-27,0.0150,0.0150,0.0150,0.0150,1000,0
D,2013-05-23,0.0150,0.0200,0.0150,0.0200,400,0
D,2013-05-22,0.0250,0.0250,0.0250,0.0250,650,0
D,2013-05-21,0.0300,0.0300,0.0250,0.0250,1300,0
D,2013-05-20,0.0350,0.0350,0.0350,0.0350,0,0
D,2013-05-17,0.0400,0.0400,0.0350,0.0350,2100,0
D,2013-05-16,0.0500,0.0500,0.0500,0.0500,1000,0
D,2013-05-15,0.0550,0.0600,0.0550,0.0600,300,0
D,2013-05-14,0.0450,0.0450,0.0450,0.0450,0,0
D,2013-05-13,0.0450,0.0450,0.0450,0.0450,500,0
D,2013-05-10,0.0500,0.0500,0.0500,0.0500,0,0
D,2013-05-09,0.0500,0.0500,0.0500,0.0500,0,0
D,2013-05-08,0.0500,0.0500,0.0500,0.0500,4750,0
D,2013-05-07,0.0600,0.0650,0.0600,0.0600,3024,0
D,2013-05-06,0.1000,0.1000,0.1000,0.1000,0,0
D,2013-05-03,0.0750,0.1000,0.0750,0.1000,21311,0
D,2013-05-02,0.0500,0.0550,0.0500,0.0550,1100,0
D,2013-04-30,0.0500,0.0550,0.0500,0.0550,1450,0
D,2013-04-29,0.0450,0.0450,0.0450,0.0450,111,0
D,2013-04-26,0.0400,0.0400,0.0400,0.0400,800,0
D,2013-04-25,0.0400,0.0400,0.0400,0.0400,1111,0
D,2013-04-24,0.0500,0.0500,0.0500,0.0500,0,0
D,2013-04-23,0.0500,0.0500,0.0500,0.0500,0,0
D,2013-04-22,0.0500,0.0500,0.0500,0.0500,0,0
D,2013-04-19,0.0500,0.0500,0.0500,0.0500,500,0
D,2013-04-18,0.0550,0.0550,0.0550,0.0550,0,0
D,2013-04-17,0.0550,0.0550,0.0550,0.0550,300,0
D,2013-04-16,0.0650,0.0650,0.0650,0.0650,0,0
D,2013-04-15,0.0650,0.0650,0.0650,0.0650,0,0
D,2013-04-12,0.0650,0.0650,0.0650,0.0650,250,0
D,2013-04-11,0.0600,0.0650,0.0600,0.0650,650,0
D,2013-04-10,0.0450,0.0450,0.0450,0.0450,0,0
D,2013-04-09,0.0450,0.0450,0.0450,0.0450,400,0
D,2013-04-08,0.0550,0.0550,0.0550,0.0550,0,0
D,2013-04-05,0.0450,0.0550,0.0450,0.0550,723,0
D,2013-04-04,0.0450,0.0450,0.0400,0.0450,1033,0
D,2013-04-03,0.0350,0.0350,0.0350,0.0350,0,0
D,2013-04-02,0.0300,0.0350,0.0300,0.0350,400,0
D,2013-04-01,0.0400,0.0400,0.0400,0.0400,200,0
D,2013-03-29,0.0350,0.0350,0.0350,0.0350,0,0
D,2013-03-28,0.0350,0.0350,0.0350,0.0350,0,0
D,2013-03-27,0.0350,0.0350,0.0350,0.0350,800,0
D,2013-03-26,0.0350,0.0350,0.0350,0.0350,1250,0
D,2013-03-25,0.0400,0.0400,0.0400,0.0400,0,0
D,2013-03-22,0.0450,0.0450,0.0400,0.0400,2150,0
D,2013-03-21,0.0450,0.0450,0.0400,0.0400,2000,0
D,2013-03-20,0.0550,0.0550,0.0550,0.0550,50,0
D,2013-03-19,0.0550,0.0550,0.0550,0.0550,0,0
D,2013-03-18,0.0600,0.0600,0.0550,0.0550,1550,0
D,2013-03-15,0.0650,0.0650,0.0650,0.0650,0,0
D,2013-03-14,0.0650,0.0650,0.0650,0.0650,0,0
D,2013-03-13,0.0650,0.0650,0.0650,0.0650,300,0
D,2013-03-12,0.0650,0.0650,0.0650,0.0650,0,0
D,2013-03-11,0.0650,0.0650,0.0650,0.0650,50,0
D,2013-03-08,0.0800,0.0850,0.0800,0.0850,5644,0
D,2013-03-07,0.0700,0.0700,0.0650,0.0650,1100,0
D,2013-03-06,0.0600,0.0600,0.0600,0.0600,0,0
D,2013-03-05,0.0600,0.0600,0.0600,0.0600,0,0
D,2013-03-04,0.0600,0.0600,0.0600,0.0600,0,0
D,2013-03-01,0.0600,0.0600,0.0600,0.0600,500,0
D,2013-02-28,0.0600,0.0600,0.0600,0.0600,350,0
D,2013-02-27,0.0650,0.0700,0.0650,0.0700,1990,0
D,2013-02-26,0.0600,0.0600,0.0600,0.0600,3632,0
D,2013-02-25,0.0700,0.0700,0.0600,0.0600,4850,0
D,2013-02-22,0.0750,0.0750,0.0750,0.0750,500,0
D,2013-02-21,0.0800,0.0800,0.0800,0.0800,500,0
D,2013-02-20,0.0850,0.0850,0.0850,0.0850,0,0
D,2013-02-19,0.0850,0.0850,0.0850,0.0850,0,0
D,2013-02-18,0.0850,0.0850,0.0850,0.0850,0,0
D,2013-02-15,0.0800,0.0850,0.0800,0.0850,2325,0
D,2013-02-14,0.0750,0.0750,0.0750,0.0750,0,0
D,2013-02-13,0.0650,0.0750,0.0650,0.0750,3628,0
D,2013-02-08,0.0800,0.0800,0.0800,0.0800,500,0
D,2013-02-07,0.0900,0.0950,0.0850,0.0850,1228,0
D,2013-02-06,0.0850,0.0850,0.0850,0.0850,800,0
D,2013-02-05,0.0800,0.0800,0.0750,0.0750,12928,0
D,2013-02-04,0.1000,0.1000,0.1000,0.1000,5100,0
D,2013-01-31,0.1350,0.1350,0.1050,0.1200,23869,0
D,2013-01-30,0.1400,0.1400,0.1350,0.1350,3039,0
D,2013-01-29,0.1650,0.1750,0.1650,0.1650,3458,0
D,2013-01-25,0.1500,0.1500,0.1300,0.1500,4418,0
D,2013-01-23,0.1300,0.1450,0.1300,0.1400,2630,0
D,2013-01-22,0.1150,0.1150,0.1150,0.1150,9,0
D,2013-01-21,0.1100,0.1150,0.1100,0.1150,560,0
D,2013-01-18,0.1250,0.1300,0.1200,0.1300,2697,0
D,2013-01-17,0.1200,0.1200,0.1150,0.1150,3389,0
D,2013-01-16,0.1250,0.1300,0.1250,0.1250,2860,0
D,2013-01-15,0.1400,0.1500,0.1400,0.1500,2150,0
D,2013-01-14,0.1650,0.1650,0.1500,0.1600,4851,0
D,2013-01-11,0.1600,0.1600,0.1500,0.1600,4067,0
D,2013-01-10,0.1350,0.1450,0.1350,0.1450,6179,0
D,2013-01-09,0.1100,0.1150,0.1100,0.1150,1050,0
D,2013-01-08,0.1250,0.1250,0.1200,0.1200,2960,0
D,2013-01-07,0.1100,0.1200,0.1100,0.1200,1143,0
D,2013-01-04,0.1050,0.1050,0.1050,0.1050,0,0
D,2013-01-03,0.1000,0.1050,0.1000,0.1050,1900,0
D,2013-01-02,0.0750,0.0850,0.0750,0.0850,500,0
D,2012-12-31,0.0650,0.0650,0.0650,0.0650,100,0
D,2012-12-28,0.0700,0.0700,0.0700,0.0700,50,0
D,2012-12-27,0.0800,0.0800,0.0750,0.0800,4950,0
D,2012-12-26,0.0900,0.0900,0.0900,0.0900,1350,0
D,2012-12-24,0.0850,0.0850,0.0850,0.0850,1500,0
D,2012-12-21,0.0900,0.0900,0.0850,0.0850,1200,0
D,2012-12-20,0.1000,0.1000,0.1000,0.1000,1000,0
D,2012-12-19,0.1000,0.1000,0.0900,0.0900,300,0
D,2012-12-18,0.0850,0.0850,0.0850,0.0850,1100,0
D,2012-12-17,0.0850,0.0850,0.0850,0.0850,694,0
D,2012-12-14,0.1000,0.1000,0.1000,0.1000,0,0
D,2012-12-13,0.0900,0.1000,0.0900,0.1000,401,0
D,2012-12-12,0.1000,0.1000,0.0950,0.0950,520,0
D,2012-12-11,0.1000,0.1000,0.1000,0.1000,252,0
D,2012-12-10,0.0850,0.1000,0.0850,0.1000,101,0
D,2012-12-07,0.0900,0.0900,0.0800,0.0800,900,0
D,2012-12-06,0.1050,0.1100,0.0950,0.1050,2931,0
D,2012-12-05,0.1000,0.1050,0.1000,0.1050,1240,0
D,2012-12-04,0.0950,0.0950,0.0900,0.0900,2730,0
D,2012-12-03,0.1000,0.1150,0.1000,0.1100,5613,0
D,2012-11-30,0.0850,0.0900,0.0850,0.0900,1803,0
D,2012-11-29,0.0750,0.0750,0.0750,0.0750,100,0
D,2012-11-28,0.0750,0.0750,0.0750,0.0750,2458,0
D,2012-11-27,0.0750,0.0750,0.0750,0.0750,1825,0
D,2012-11-26,0.0650,0.0650,0.0650,0.0650,0,0
D,2012-11-23,0.0650,0.0650,0.0650,0.0650,2203,0
D,2012-11-22,0.0650,0.0650,0.0650,0.0650,5331,0
D,2012-11-21,0.0600,0.0600,0.0500,0.0500,2,0
D,2012-11-20,0.0500,0.0500,0.0500,0.0500,197,0
D,2012-11-19,0.0600,0.0650,0.0550,0.0600,8069,0
D,2012-11-16,0.0450,0.0550,0.0400,0.0500,1118,0
D,2012-11-14,0.0350,0.0350,0.0300,0.0300,1862,0
D,2012-11-12,0.0400,0.0400,0.0300,0.0300,162,0
D,2012-11-09,0.0350,0.0400,0.0350,0.0350,3038,0
D,2012-11-08,0.0350,0.0400,0.0350,0.0400,3501,0
D,2012-11-07,0.0400,0.0400,0.0350,0.0400,445,0
D,2012-11-06,0.0400,0.0450,0.0350,0.0450,4201,0
D,2012-11-05,0.0400,0.0400,0.0400,0.0400,1968,0
D,2012-11-02,0.0350,0.0450,0.0300,0.0400,3003,0
D,2012-11-01,0.0400,0.0400,0.0350,0.0350,5300,0
D,2012-10-31,0.0400,0.0500,0.0400,0.0400,5431,0
D,2012-10-30,0.0400,0.0400,0.0400,0.0400,1740,0
D,2012-10-29,0.0450,0.0450,0.0450,0.0450,156,0
D,2012-10-25,0.0650,0.0700,0.0550,0.0550,13247,0
D,2012-10-24,0.0400,0.0550,0.0400,0.0500,14999,0
D,2012-10-23,0.0300,0.0300,0.0300,0.0300,3000,0
D,2012-10-22,0.0300,0.0300,0.0300,0.0300,0,0
D,2012-10-19,0.0300,0.0350,0.0250,0.0300,8564,0
D,2012-10-18,0.0350,0.0350,0.0350,0.0350,852,0
D,2012-10-17,0.0300,0.0350,0.0300,0.0350,4201,0
D,2012-10-16,0.0300,0.0300,0.0300,0.0300,900,0
D,2012-10-15,0.0350,0.0350,0.0350,0.0350,0,0
D,2012-10-12,0.0350,0.0350,0.0350,0.0350,0,0
D,2012-10-11,0.0350,0.0350,0.0300,0.0350,5201,0
D,2012-10-10,0.0400,0.0400,0.0400,0.0400,259,0
D,2012-10-09,0.0400,0.0400,0.0400,0.0400,0,0
D,2012-10-08,0.0450,0.0450,0.0400,0.0400,800,0
D,2012-10-05,0.0500,0.0500,0.0500,0.0500,300,0
D,2012-10-04,0.0550,0.0550,0.0550,0.0550,0,0
D,2012-10-03,0.0550,0.0550,0.0550,0.0550,500,0
