D,2014-08-01,1.3800,1.3800,1.3800,1.3800,0,0
D,2014-07-31,1.3800,1.3800,1.3800,1.3800,0,0
D,2014-07-30,1.3800,1.3800,1.3800,1.3800,0,0
D,2014-07-25,1.3800,1.3800,1.3800,1.3800,0,0
D,2014-07-24,1.3800,1.3800,1.3800,1.3800,90,0
D,2014-07-23,1.2800,1.2800,1.2800,1.2800,0,0
D,2014-07-22,1.2800,1.2800,1.2800,1.2800,0,0
D,2014-07-21,1.2800,1.2800,1.2800,1.2800,0,0
D,2014-07-18,1.2800,1.2800,1.2800,1.2800,7,0
D,2014-07-17,1.2800,1.2800,1.2800,1.2800,0,0
D,2014-07-16,1.2800,1.2800,1.2800,1.2800,0,0
D,2014-07-14,1.2800,1.2800,1.2800,1.2800,0,0
D,2014-07-11,1.2800,1.2800,1.2800,1.2800,0,0
D,2014-07-10,1.2800,1.2800,1.2800,1.2800,0,0
D,2014-07-09,1.2800,1.2800,1.2800,1.2800,0,0
D,2014-07-08,1.2800,1.2800,1.2800,1.2800,0,0
D,2014-07-07,1.2800,1.2800,1.2800,1.2800,0,0
D,2014-07-04,1.2800,1.2800,1.2800,1.2800,0,0
D,2014-07-03,1.2800,1.2800,1.2800,1.2800,0,0
D,2014-07-02,1.2800,1.2800,1.2800,1.2800,0,0
D,2014-07-01,1.2800,1.2800,1.2800,1.2800,0,0
D,2014-06-30,1.2800,1.2800,1.2800,1.2800,0,0
D,2014-06-27,1.2800,1.2800,1.2800,1.2800,0,0
D,2014-06-26,1.2800,1.2800,1.2800,1.2800,0,0
D,2014-06-25,1.2800,1.2800,1.2800,1.2800,0,0
D,2014-06-24,1.2800,1.2800,1.2800,1.2800,0,0
D,2014-06-23,1.2800,1.2800,1.2800,1.2800,0,0
D,2014-06-20,1.2800,1.2800,1.2800,1.2800,0,0
D,2014-06-19,1.2800,1.2800,1.2800,1.2800,0,0
D,2014-06-18,1.2800,1.2800,1.2800,1.2800,0,0
D,2014-06-17,1.2800,1.2800,1.2800,1.2800,0,0
D,2014-06-16,1.2800,1.2800,1.2800,1.2800,0,0
D,2014-06-13,1.2800,1.2800,1.2800,1.2800,0,0
D,2014-06-12,1.2800,1.2800,1.2800,1.2800,30,0
D,2014-06-11,1.2000,1.2000,1.2000,1.2000,0,0
D,2014-06-10,1.2000,1.2000,1.2000,1.2000,0,0
D,2014-06-09,1.2000,1.2000,1.2000,1.2000,30,0
D,2014-06-06,1.2000,1.2000,1.2000,1.2000,0,0
D,2014-06-05,1.2000,1.2000,1.2000,1.2000,0,0
D,2014-06-04,1.2000,1.2000,1.2000,1.2000,0,0
D,2014-06-03,1.2000,1.2000,1.2000,1.2000,0,0
D,2014-06-02,1.2000,1.2000,1.2000,1.2000,0,0
D,2014-05-30,1.2000,1.2000,1.2000,1.2000,0,0
D,2014-05-29,1.2000,1.2000,1.2000,1.2000,0,0
D,2014-05-28,1.2000,1.2000,1.2000,1.2000,30,0
D,2014-05-27,1.1300,1.1300,1.1300,1.1300,0,0
D,2014-05-26,1.1300,1.1300,1.1300,1.1300,76,0
D,2014-05-23,1.0500,1.0500,1.0500,1.0500,0,0
D,2014-05-22,1.0500,1.0500,1.0500,1.0500,0,0
D,2014-05-21,1.0500,1.0500,1.0500,1.0500,40,0
D,2014-05-20,1.1000,1.1000,1.1000,1.1000,40,0
D,2014-05-19,1.0800,1.0800,1.0800,1.0800,0,0
D,2014-05-16,1.0800,1.0800,1.0800,1.0800,0,0
D,2014-05-15,1.0800,1.0800,1.0800,1.0800,40,0
D,2014-05-14,1.0900,1.0900,1.0900,1.0900,40,0
D,2014-05-12,1.0400,1.0400,1.0400,1.0400,40,0
D,2014-05-09,1.0200,1.0200,1.0200,1.0200,40,0
D,2014-05-08,1.1200,1.1200,1.1200,1.1200,0,0
D,2014-05-07,1.1200,1.1200,1.1200,1.1200,0,0
D,2014-05-06,1.1200,1.1200,1.1200,1.1200,0,0
D,2014-05-05,1.1200,1.1200,1.1200,1.1200,90,0
D,2014-05-02,1.1300,1.1400,1.1300,1.1400,727,0
D,2014-04-30,1.0200,1.0200,1.0200,1.0200,200,0
D,2014-04-29,0.9800,0.9850,0.9800,0.9800,140,0
D,2014-04-28,1.0400,1.0600,1.0400,1.0600,756,0
D,2014-04-25,1.2400,1.2400,1.2400,1.2400,0,0
D,2014-04-24,1.2300,1.2400,1.2100,1.2400,140,0
D,2014-04-23,1.0900,1.0900,1.0900,1.0900,0,0
D,2014-04-22,1.0900,1.0900,1.0900,1.0900,0,0
D,2014-04-21,1.0900,1.0900,1.0900,1.0900,40,0
D,2014-04-18,1.0100,1.0100,1.0100,1.0100,0,0
D,2014-04-17,1.0100,1.0100,1.0100,1.0100,0,0
D,2014-04-16,1.0100,1.0100,1.0100,1.0100,0,0
D,2014-04-15,1.0100,1.0100,1.0100,1.0100,0,0
D,2014-04-14,1.0100,1.0100,1.0100,1.0100,0,0
D,2014-04-11,1.0100,1.0100,1.0100,1.0100,0,0
D,2014-04-10,1.0100,1.0100,1.0100,1.0100,0,0
D,2014-04-09,1.0100,1.0100,1.0100,1.0100,0,0
D,2014-04-08,1.0100,1.0100,1.0100,1.0100,100,0
D,2014-04-07,0.9950,0.9950,0.9950,0.9950,40,0
D,2014-04-04,1.1000,1.1000,1.0900,1.0900,300,0
D,2014-04-03,1.1900,1.2300,1.1900,1.1900,1540,0
D,2014-04-02,1.2000,1.2300,1.2000,1.2300,2,0
D,2014-04-01,1.1300,1.1300,1.1300,1.1300,0,0
D,2014-03-31,1.1300,1.1300,1.1300,1.1300,940,0
D,2014-03-28,1.1800,1.1800,1.1800,1.1800,350,0
D,2014-03-27,1.3900,1.3900,1.3900,1.3900,0,0
D,2014-03-26,1.3900,1.3900,1.3900,1.3900,0,0
D,2014-03-25,1.3900,1.3900,1.3900,1.3900,0,0
D,2014-03-24,1.3900,1.3900,1.3900,1.3900,0,0
D,2014-03-21,1.3900,1.3900,1.3900,1.3900,0,0
D,2014-03-20,1.3900,1.3900,1.3900,1.3900,0,0
D,2014-03-19,1.3900,1.3900,1.3900,1.3900,50,0
D,2014-03-18,1.3800,1.3800,1.3800,1.3800,0,0
D,2014-03-17,1.3800,1.3800,1.3800,1.3800,50,0
D,2014-03-14,1.3900,1.3900,1.3900,1.3900,40,0
D,2014-03-13,1.4800,1.4800,1.4800,1.4800,40,0
D,2014-03-12,1.4700,1.4700,1.4700,1.4700,0,0
D,2014-03-11,1.4700,1.4700,1.4700,1.4700,0,0
D,2014-03-10,1.4700,1.4700,1.4700,1.4700,0,0
D,2014-03-07,1.4700,1.4700,1.4700,1.4700,0,0
D,2014-03-06,1.4000,1.4700,1.4000,1.4700,1100,0
D,2014-03-05,1.4000,1.4400,1.4000,1.4000,2700,0
D,2014-03-04,1.3600,1.3600,1.3600,1.3600,2000,0
D,2014-03-03,1.3100,1.3100,1.3100,1.3100,0,0
D,2014-02-28,1.3100,1.3100,1.3100,1.3100,0,0
D,2014-02-27,1.3100,1.3100,1.3100,1.3100,0,0
D,2014-02-26,1.3100,1.3100,1.3100,1.3100,0,0
D,2014-02-25,1.3100,1.3100,1.3100,1.3100,0,0
D,2014-02-24,1.3100,1.3100,1.3100,1.3100,0,0
D,2014-02-21,1.3100,1.3100,1.3100,1.3100,0,0
D,2014-02-20,1.3300,1.3300,1.3100,1.3100,407,0
D,2014-02-19,1.3600,1.3600,1.3600,1.3600,0,0
D,2014-02-18,1.3600,1.3600,1.3600,1.3600,200,0
D,2014-02-17,1.2600,1.2600,1.2600,1.2600,0,0
D,2014-02-14,1.2600,1.2600,1.2600,1.2600,0,0
D,2014-02-13,1.2600,1.2600,1.2600,1.2600,0,0
D,2014-02-12,1.2600,1.2600,1.2600,1.2600,0,0
D,2014-02-11,1.2600,1.2600,1.2600,1.2600,0,0
D,2014-02-10,1.2600,1.2600,1.2600,1.2600,200,0
D,2014-02-07,1.2000,1.2000,1.2000,1.2000,200,0
D,2014-02-06,1.1700,1.1700,1.1700,1.1700,200,0
D,2014-02-05,1.1900,1.1900,1.1900,1.1900,0,0
D,2014-02-04,1.1900,1.1900,1.1900,1.1900,830,0
D,2014-01-30,1.1400,1.1400,1.1300,1.1300,420,0
D,2014-01-29,0.9900,0.9900,0.9900,0.9900,600,0
D,2014-01-28,1.0000,1.0000,1.0000,1.0000,0,0
D,2014-01-27,1.0000,1.0000,1.0000,1.0000,0,0
D,2014-01-24,1.0000,1.0000,1.0000,1.0000,0,0
D,2014-01-23,1.0000,1.0000,1.0000,1.0000,0,0
D,2014-01-22,1.0000,1.0000,1.0000,1.0000,0,0
D,2014-01-21,1.0000,1.0000,1.0000,1.0000,0,0
D,2014-01-20,1.0000,1.0000,1.0000,1.0000,50,0
D,2014-01-16,1.0500,1.0500,1.0500,1.0500,0,0
D,2014-01-15,1.0500,1.0500,1.0500,1.0500,0,0
D,2014-01-13,1.0500,1.0500,1.0500,1.0500,50,0
D,2014-01-10,1.0200,1.0200,1.0200,1.0200,25,0
D,2014-01-09,1.0500,1.0500,1.0500,1.0500,0,0
D,2014-01-08,1.0500,1.0500,1.0500,1.0500,30,0
D,2014-01-07,0.9200,0.9200,0.9200,0.9200,0,0
D,2014-01-06,0.9200,0.9200,0.9200,0.9200,0,0
D,2014-01-03,0.9200,0.9200,0.9200,0.9200,0,0
D,2014-01-02,0.9200,0.9200,0.9200,0.9200,0,0
D,2013-12-31,0.9200,0.9200,0.9200,0.9200,100,0
D,2013-12-30,0.9750,0.9750,0.9750,0.9750,111,0
D,2013-12-27,1.0500,1.0600,1.0500,1.0600,300,0
D,2013-12-26,1.0500,1.0500,1.0500,1.0500,0,0
D,2013-12-24,1.0400,1.0500,1.0400,1.0500,200,0
D,2013-12-23,0.9650,0.9650,0.9650,0.9650,450,0
D,2013-12-20,0.9650,0.9650,0.9650,0.9650,1810,0
D,2013-12-19,0.9700,0.9800,0.9700,0.9800,1200,0
D,2013-12-18,0.9500,0.9600,0.9500,0.9600,1545,0
D,2013-12-17,0.9100,0.9150,0.9100,0.9150,725,0
D,2013-12-16,0.9050,0.9050,0.9000,0.9000,250,0
D,2013-12-13,0.8600,0.8600,0.8500,0.8500,311,0
D,2013-12-12,0.8400,0.8500,0.8400,0.8500,875,0
D,2013-12-11,0.8100,0.8150,0.8100,0.8100,410,0
D,2013-12-10,0.7350,0.7350,0.7350,0.7350,0,0
D,2013-12-09,0.7350,0.7350,0.7350,0.7350,20,0
D,2013-12-06,0.7350,0.7350,0.7350,0.7350,0,0
D,2013-12-05,0.7450,0.7450,0.7350,0.7350,700,0
D,2013-12-04,0.7000,0.7000,0.7000,0.7000,58,0
D,2013-12-03,0.7100,0.7100,0.7100,0.7100,120,0
D,2013-12-02,0.7100,0.7100,0.7100,0.7100,30,0
D,2013-11-29,0.7000,0.7000,0.7000,0.7000,0,0
D,2013-11-28,0.7050,0.7050,0.7000,0.7000,240,0
D,2013-11-27,0.6900,0.6900,0.6900,0.6900,30,0
D,2013-11-26,0.6450,0.6550,0.6450,0.6550,140,0
D,2013-11-25,0.6850,0.6950,0.6850,0.6950,520,0
D,2013-11-22,0.7050,0.7100,0.7050,0.7100,300,0
D,2013-11-21,0.6950,0.6950,0.6900,0.6900,650,0
D,2013-11-20,0.6950,0.6950,0.6950,0.6950,150,0
D,2013-11-19,0.6750,0.6850,0.6750,0.6850,950,0
D,2013-11-18,0.7500,0.7500,0.7500,0.7500,300,0
D,2013-11-15,0.7500,0.7500,0.7500,0.7500,20,0
D,2013-11-14,0.7500,0.7600,0.7500,0.7600,450,0
D,2013-11-13,0.6850,0.6850,0.6850,0.6850,1170,0
D,2013-11-12,0.6800,0.6800,0.6750,0.6750,528,0
D,2013-11-11,0.7250,0.7250,0.7250,0.7250,0,0
D,2013-11-08,0.7150,0.7300,0.7150,0.7250,530,0
D,2013-11-07,0.7550,0.7550,0.7500,0.7500,450,0
D,2013-11-06,0.7950,0.8100,0.7850,0.7850,6365,0
D,2013-11-04,0.7050,0.7100,0.6950,0.6950,5782,0
D,2013-11-01,0.8100,0.8150,0.8000,0.8000,3360,0
D,2013-10-31,0.7600,0.7850,0.7550,0.7850,2395,0
D,2013-10-30,0.7900,0.7900,0.7700,0.7700,1700,0
D,2013-10-29,0.7950,0.8050,0.7950,0.8000,3344,0
D,2013-10-28,0.8450,0.8450,0.8400,0.8450,3210,0
D,2013-10-25,0.8800,0.8900,0.8800,0.8900,1545,0
D,2013-10-24,0.8400,0.8650,0.8400,0.8650,2705,0
D,2013-10-23,0.8700,0.8700,0.8650,0.8700,194,0
D,2013-10-22,0.9050,0.9150,0.9050,0.9150,800,0
D,2013-10-21,0.9200,0.9300,0.9100,0.9200,2855,0
D,2013-10-18,0.8900,0.8900,0.8800,0.8900,3152,0
D,2013-10-17,0.8250,0.8250,0.8100,0.8100,2250,0
D,2013-10-16,0.7750,0.7850,0.7750,0.7850,780,0
D,2013-10-14,0.7800,0.7850,0.7550,0.7550,1547,0
D,2013-10-11,0.7550,0.7650,0.7550,0.7650,1530,0
D,2013-10-10,0.7250,0.7250,0.7250,0.7250,2160,0
D,2013-10-09,0.7300,0.7350,0.7300,0.7350,650,0
D,2013-10-08,0.8100,0.8100,0.8100,0.8100,0,0
D,2013-10-07,0.8200,0.8200,0.8100,0.8100,3641,0
D,2013-10-04,0.7500,0.7900,0.7500,0.7900,2801,0
D,2013-10-03,0.8100,0.8100,0.8100,0.8100,20,0
D,2013-10-02,0.8250,0.8250,0.8250,0.8250,1000,0
D,2013-10-01,0.8250,0.8300,0.8250,0.8300,2100,0
D,2013-09-30,0.8500,0.8600,0.8500,0.8500,2181,0
D,2013-09-27,0.8200,0.8450,0.8150,0.8450,1474,0
D,2013-09-26,0.7950,0.8000,0.7950,0.8000,700,0
D,2013-09-25,0.7750,0.7750,0.7600,0.7600,2600,0
D,2013-09-24,0.7300,0.7400,0.7300,0.7400,1900,0
D,2013-09-23,0.7600,0.7600,0.6900,0.7450,2950,0
D,2013-09-20,0.6850,0.6900,0.6850,0.6900,1151,0
D,2013-09-19,0.6800,0.6800,0.6800,0.6800,600,0
D,2013-09-18,0.6850,0.6850,0.6850,0.6850,150,0
D,2013-09-17,0.6100,0.6100,0.6050,0.6050,479,0
D,2013-09-13,0.6850,0.6950,0.6850,0.6950,700,0
D,2013-09-12,0.7000,0.7000,0.7000,0.7000,500,0
D,2013-09-11,0.6400,0.6400,0.6400,0.6400,650,0
D,2013-09-10,0.6750,0.6750,0.6750,0.6750,0,0
D,2013-09-09,0.6650,0.6750,0.6650,0.6750,1550,0
D,2013-09-06,0.6300,0.6350,0.6300,0.6350,230,0
D,2013-09-05,0.6050,0.6050,0.6050,0.6050,0,0
D,2013-09-04,0.6050,0.6050,0.6050,0.6050,0,0
D,2013-09-03,0.6050,0.6050,0.6050,0.6050,150,0
D,2013-09-02,0.5700,0.5700,0.5700,0.5700,0,0
D,2013-08-30,0.5700,0.5700,0.5700,0.5700,0,0
D,2013-08-29,0.5700,0.5700,0.5700,0.5700,100,0
D,2013-08-28,0.5450,0.5450,0.5450,0.5450,200,0
D,2013-08-27,0.6000,0.6000,0.5800,0.5800,2501,0
D,2013-08-26,0.5700,0.5700,0.5650,0.5700,701,0
D,2013-08-23,0.5150,0.5150,0.5150,0.5150,0,0
D,2013-08-22,0.5150,0.5150,0.5150,0.5150,0,0
D,2013-08-21,0.5150,0.5150,0.5150,0.5150,650,0
D,2013-08-20,0.5000,0.5000,0.5000,0.5000,150,0
D,2013-08-19,0.4650,0.4650,0.4650,0.4650,0,0
D,2013-08-16,0.4650,0.4650,0.4650,0.4650,150,0
D,2013-08-15,0.5000,0.5000,0.5000,0.5000,0,0
D,2013-08-14,0.5000,0.5000,0.5000,0.5000,0,0
D,2013-08-13,0.5000,0.5000,0.5000,0.5000,400,0
D,2013-08-12,0.5300,0.5300,0.5300,0.5300,0,0
D,2013-08-07,0.5300,0.5300,0.5300,0.5300,0,0
D,2013-08-06,0.5300,0.5300,0.5300,0.5300,500,0
D,2013-08-05,0.5000,0.5000,0.5000,0.5000,1,0
D,2013-08-02,0.3750,0.3750,0.3750,0.3750,0,0
