D,2014-10-14,0.4350,0.4800,0.4350,0.4800,771,0
D,2014-10-13,0.4600,0.4600,0.4350,0.4350,430,0
D,2014-10-10,0.4800,0.4800,0.4800,0.4800,176,0
D,2014-10-09,0.4950,0.4950,0.4650,0.4900,251,0
D,2014-10-08,0.5000,0.5000,0.4700,0.4950,1695,0
D,2014-10-07,0.5100,0.5100,0.5100,0.5100,419,0
D,2014-10-03,0.5100,0.5100,0.5100,0.5100,300,0
D,2014-10-02,0.5400,0.5400,0.5150,0.5150,634,0
D,2014-10-01,0.5900,0.6250,0.5500,0.5500,27207,0
D,2014-09-30,0.5400,0.5900,0.5350,0.5900,3105,0
D,2014-09-29,0.5000,0.5400,0.5000,0.5350,1366,0
D,2014-09-26,0.5100,0.5300,0.5100,0.5100,818,0
D,2014-09-25,0.5200,0.5250,0.5050,0.5050,1010,0
D,2014-09-24,0.5100,0.5200,0.5000,0.5050,791,0
D,2014-09-23,0.5000,0.5100,0.4800,0.4800,581,0
D,2014-09-22,0.4650,0.5000,0.4600,0.5000,200,0
D,2014-09-19,0.4600,0.4600,0.4600,0.4600,0,0
D,2014-09-18,0.4600,0.4600,0.4600,0.4600,0,0
D,2014-09-17,0.4850,0.4850,0.4600,0.4600,145,0
D,2014-09-15,0.5100,0.5100,0.4950,0.4950,452,0
D,2014-09-12,0.5050,0.5050,0.5050,0.5050,150,0
D,2014-09-11,0.5000,0.5350,0.5000,0.5350,80,0
D,2014-09-10,0.4850,0.4850,0.4850,0.4850,0,0
D,2014-09-09,0.4850,0.4850,0.4850,0.4850,100,0
D,2014-09-08,0.4850,0.4850,0.4850,0.4850,30,0
D,2014-09-05,0.4850,0.4850,0.4850,0.4850,130,0
D,2014-09-04,0.4800,0.4900,0.4800,0.4850,425,0
D,2014-09-03,0.4950,0.4950,0.4950,0.4950,0,0
D,2014-09-02,0.4950,0.4950,0.4950,0.4950,100,0
D,2014-08-29,0.5100,0.5100,0.5100,0.5100,0,0
D,2014-08-28,0.5100,0.5100,0.5100,0.5100,110,0
D,2014-08-27,0.4900,0.4900,0.4900,0.4900,0,0
D,2014-08-26,0.4900,0.4900,0.4900,0.4900,0,0
D,2014-08-25,0.4900,0.4900,0.4900,0.4900,200,0
D,2014-08-22,0.4850,0.4850,0.4850,0.4850,15,0
D,2014-08-21,0.5300,0.5300,0.5300,0.5300,0,0
D,2014-08-20,0.5300,0.5300,0.5300,0.5300,0,0
D,2014-08-19,0.5300,0.5300,0.5300,0.5300,0,0
D,2014-08-18,0.5000,0.5300,0.5000,0.5300,20,0
D,2014-08-15,0.5150,0.5150,0.5150,0.5150,0,0
D,2014-08-14,0.5250,0.5250,0.5150,0.5150,173,0
D,2014-08-13,0.5300,0.5300,0.5250,0.5250,300,0
D,2014-08-12,0.5300,0.5300,0.5300,0.5300,0,0
D,2014-08-11,0.5300,0.5300,0.5300,0.5300,200,0
D,2014-08-08,0.5200,0.5550,0.5100,0.5550,489,0
D,2014-08-07,0.5500,0.5500,0.5350,0.5350,660,0
D,2014-08-06,0.5400,0.5600,0.5200,0.5600,439,0
D,2014-08-05,0.5600,0.5700,0.5350,0.5400,808,0
D,2014-08-04,0.5000,0.5600,0.5000,0.5600,3357,0
D,2014-08-01,0.4950,0.4950,0.4900,0.4900,640,0
D,2014-07-31,0.4750,0.5100,0.4750,0.5100,991,0
D,2014-07-30,0.4750,0.4750,0.4600,0.4600,177,0
D,2014-07-25,0.4300,0.4300,0.4300,0.4300,0,0
D,2014-07-24,0.4300,0.4300,0.4300,0.4300,60,0
D,2014-07-23,0.4350,0.4350,0.4350,0.4350,0,0
D,2014-07-22,0.4350,0.4350,0.4350,0.4350,0,0
D,2014-07-21,0.4350,0.4350,0.4350,0.4350,0,0
D,2014-07-18,0.4400,0.4400,0.4350,0.4350,253,0
D,2014-07-17,0.4350,0.4350,0.4350,0.4350,50,0
D,2014-07-16,0.4350,0.4350,0.4350,0.4350,0,0
D,2014-07-14,0.4350,0.4350,0.4350,0.4350,0,0
D,2014-07-11,0.4350,0.4350,0.4350,0.4350,0,0
D,2014-07-10,0.4350,0.4350,0.4350,0.4350,0,0
D,2014-07-09,0.4600,0.4600,0.4350,0.4350,100,0
D,2014-07-08,0.4300,0.4500,0.4300,0.4500,490,0
D,2014-07-07,0.4300,0.4300,0.4300,0.4300,0,0
D,2014-07-04,0.4300,0.4300,0.4300,0.4300,146,0
D,2014-07-03,0.4400,0.4400,0.4400,0.4400,0,0
D,2014-07-02,0.4400,0.4400,0.4400,0.4400,100,0
D,2014-07-01,0.4200,0.4400,0.4200,0.4400,146,0
D,2014-06-30,0.4600,0.4600,0.4600,0.4600,0,0
D,2014-06-27,0.4600,0.4600,0.4600,0.4600,0,0
D,2014-06-26,0.4600,0.4600,0.4600,0.4600,0,0
D,2014-06-25,0.4500,0.4600,0.4500,0.4600,520,0
D,2014-06-24,0.4750,0.4750,0.4550,0.4550,400,0
D,2014-06-23,0.4800,0.4800,0.4800,0.4800,0,0
D,2014-06-20,0.4800,0.4800,0.4800,0.4800,0,0
D,2014-06-19,0.4800,0.4800,0.4800,0.4800,50,0
D,2014-06-18,0.4800,0.4800,0.4800,0.4800,0,0
D,2014-06-17,0.4800,0.4800,0.4800,0.4800,0,0
D,2014-06-16,0.4800,0.4800,0.4800,0.4800,0,0
D,2014-06-13,0.4800,0.4800,0.4800,0.4800,0,0
D,2014-06-12,0.4400,0.4800,0.4400,0.4800,31,0
D,2014-06-11,0.4800,0.4800,0.4800,0.4800,0,0
D,2014-06-10,0.4800,0.4800,0.4800,0.4800,0,0
D,2014-06-09,0.4800,0.4800,0.4800,0.4800,0,0
D,2014-06-06,0.4800,0.4800,0.4800,0.4800,0,0
D,2014-06-05,0.4800,0.4800,0.4800,0.4800,0,0
D,2014-06-04,0.4800,0.4800,0.4800,0.4800,0,0
D,2014-06-03,0.4800,0.4800,0.4800,0.4800,0,0
D,2014-06-02,0.4800,0.4800,0.4800,0.4800,40,0
D,2014-05-30,0.4800,0.4800,0.4800,0.4800,0,0
D,2014-05-29,0.4800,0.4800,0.4800,0.4800,0,0
D,2014-05-28,0.4800,0.4800,0.4800,0.4800,0,0
D,2014-05-27,0.4200,0.4800,0.4100,0.4800,101,0
D,2014-05-26,0.4400,0.4400,0.4400,0.4400,100,0
D,2014-05-23,0.4800,0.4800,0.4800,0.4800,0,0
D,2014-05-22,0.4500,0.4800,0.4400,0.4800,551,0
D,2014-05-21,0.4400,0.4400,0.4400,0.4400,20,0
D,2014-05-20,0.4900,0.4900,0.4900,0.4900,0,0
D,2014-05-19,0.4900,0.4900,0.4900,0.4900,0,0
D,2014-05-16,0.4900,0.4900,0.4900,0.4900,0,0
D,2014-05-15,0.4650,0.4900,0.4650,0.4900,98,0
D,2014-05-14,0.4650,0.4650,0.4650,0.4650,0,0
D,2014-05-12,0.4650,0.4650,0.4650,0.4650,0,0
D,2014-05-09,0.4650,0.4650,0.4650,0.4650,56,0
D,2014-05-08,0.4650,0.4650,0.4650,0.4650,0,0
D,2014-05-07,0.4650,0.4650,0.4650,0.4650,100,0
D,2014-05-06,0.4650,0.4650,0.4650,0.4650,0,0
D,2014-05-05,0.4650,0.4650,0.4650,0.4650,233,0
D,2014-05-02,0.4700,0.4700,0.4650,0.4650,714,0
D,2014-04-30,0.4750,0.4750,0.4650,0.4650,808,0
D,2014-04-29,0.4900,0.4900,0.4800,0.4900,870,0
D,2014-04-28,0.4900,0.4900,0.4900,0.4900,100,0
D,2014-04-25,0.4900,0.5200,0.4850,0.4900,563,0
D,2014-04-24,0.4900,0.4900,0.4900,0.4900,0,0
D,2014-04-23,0.4850,0.4900,0.4850,0.4900,63,0
D,2014-04-22,0.5000,0.5000,0.5000,0.5000,70,0
D,2014-04-21,0.5100,0.5200,0.5000,0.5000,524,0
D,2014-04-18,0.5000,0.5000,0.5000,0.5000,60,0
D,2014-04-17,0.5000,0.5000,0.5000,0.5000,0,0
D,2014-04-16,0.4950,0.5000,0.4950,0.5000,450,0
D,2014-04-15,0.4950,0.4950,0.4950,0.4950,270,0
D,2014-04-14,0.4950,0.4950,0.4950,0.4950,3,0
D,2014-04-11,0.4800,0.4950,0.4800,0.4950,81,0
D,2014-04-10,0.4950,0.4950,0.4950,0.4950,5,0
D,2014-04-09,0.4800,0.4800,0.4800,0.4800,50,0
D,2014-04-08,0.5000,0.5000,0.5000,0.5000,0,0
D,2014-04-07,0.5000,0.5000,0.5000,0.5000,100,0
D,2014-04-04,0.5000,0.5050,0.5000,0.5000,466,0
D,2014-04-03,0.5050,0.5050,0.5050,0.5050,0,0
D,2014-04-02,0.5050,0.5050,0.5050,0.5050,50,0
D,2014-04-01,0.5050,0.5050,0.5050,0.5050,0,0
D,2014-03-31,0.5050,0.5050,0.5050,0.5050,0,0
D,2014-03-28,0.5050,0.5050,0.5050,0.5050,150,0
D,2014-03-27,0.5050,0.5050,0.5050,0.5050,50,0
D,2014-03-26,0.5050,0.5300,0.5050,0.5300,251,0
D,2014-03-25,0.5100,0.5100,0.5000,0.5000,300,0
D,2014-03-24,0.5100,0.5100,0.5100,0.5100,120,0
D,2014-03-21,0.5050,0.5050,0.5050,0.5050,64,0
D,2014-03-20,0.5100,0.5100,0.5100,0.5100,0,0
D,2014-03-19,0.5100,0.5100,0.5100,0.5100,0,0
D,2014-03-18,0.5100,0.5100,0.5100,0.5100,100,0
D,2014-03-17,0.5100,0.5100,0.5100,0.5100,0,0
D,2014-03-14,0.5100,0.5100,0.5100,0.5100,0,0
D,2014-03-13,0.5100,0.5100,0.5100,0.5100,0,0
D,2014-03-12,0.5000,0.5200,0.5000,0.5100,300,0
D,2014-03-11,0.4900,0.4900,0.4900,0.4900,0,0
D,2014-03-10,0.4900,0.4900,0.4900,0.4900,0,0
D,2014-03-07,0.4900,0.4900,0.4900,0.4900,0,0
D,2014-03-06,0.4900,0.4900,0.4900,0.4900,0,0
D,2014-03-05,0.4900,0.4900,0.4900,0.4900,300,0
D,2014-03-04,0.4950,0.4950,0.4850,0.4850,100,0
D,2014-03-03,0.5000,0.5000,0.5000,0.5000,0,0
D,2014-02-28,0.5100,0.5100,0.5000,0.5000,650,0
D,2014-02-27,0.5150,0.5150,0.5150,0.5150,0,0
D,2014-02-26,0.5350,0.5350,0.5150,0.5150,629,0
D,2014-02-25,0.5400,0.5450,0.5350,0.5350,930,0
D,2014-02-24,0.5300,0.5500,0.5300,0.5350,750,0
D,2014-02-21,0.4950,0.5100,0.4900,0.5100,417,0
D,2014-02-20,0.4900,0.4900,0.4900,0.4900,50,0
D,2014-02-19,0.4900,0.4900,0.4900,0.4900,0,0
D,2014-02-18,0.5000,0.5000,0.4900,0.4900,120,0
D,2014-02-17,0.4900,0.4900,0.4900,0.4900,50,0
D,2014-02-14,0.5000,0.5000,0.5000,0.5000,0,0
D,2014-02-13,0.4800,0.5000,0.4800,0.5000,641,0
D,2014-02-12,0.4800,0.4800,0.4800,0.4800,100,0
D,2014-02-11,0.4900,0.4900,0.4900,0.4900,380,0
D,2014-02-10,0.4800,0.4900,0.4800,0.4900,730,0
D,2014-02-07,0.5000,0.5000,0.5000,0.5000,0,0
D,2014-02-06,0.5000,0.5000,0.5000,0.5000,97,0
D,2014-02-05,0.5000,0.5000,0.5000,0.5000,41,0
D,2014-02-04,0.5000,0.5000,0.5000,0.5000,60,0
D,2014-01-30,0.5000,0.5000,0.5000,0.5000,0,0
D,2014-01-29,0.5000,0.5000,0.5000,0.5000,87,0
D,2014-01-28,0.4950,0.5350,0.4950,0.5050,177,0
D,2014-01-27,0.5450,0.5450,0.5100,0.5100,380,0
D,2014-01-24,0.5450,0.5450,0.5450,0.5450,0,0
D,2014-01-23,0.5450,0.5450,0.5450,0.5450,0,0
D,2014-01-22,0.5350,0.5450,0.5350,0.5450,200,0
D,2014-01-21,0.5500,0.5500,0.5500,0.5500,0,0
D,2014-01-20,0.5500,0.5500,0.5500,0.5500,0,0
D,2014-01-16,0.5500,0.5500,0.5500,0.5500,0,0
D,2014-01-15,0.5500,0.5500,0.5500,0.5500,250,0
D,2014-01-13,0.5850,0.5850,0.5850,0.5850,0,0
D,2014-01-10,0.5800,0.5850,0.5700,0.5850,250,0
D,2014-01-09,0.5700,0.5950,0.5700,0.5950,356,0
D,2014-01-08,0.5800,0.5900,0.5800,0.5900,158,0
D,2014-01-07,0.5800,0.5800,0.5800,0.5800,1087,0
D,2014-01-06,0.5350,0.5650,0.5350,0.5650,458,0
D,2014-01-03,0.4900,0.5400,0.4900,0.5400,20,0
D,2014-01-02,0.5100,0.5400,0.5100,0.5400,20,0
D,2013-12-31,0.5600,0.5600,0.5600,0.5600,0,0
D,2013-12-30,0.5600,0.5600,0.5100,0.5600,152,0
D,2013-12-27,0.5600,0.5600,0.5600,0.5600,0,0
D,2013-12-26,0.5600,0.5600,0.5600,0.5600,890,0
D,2013-12-24,0.5800,0.5800,0.5800,0.5800,200,0
D,2013-12-23,0.5600,0.5650,0.5600,0.5600,479,0
D,2013-12-20,0.5650,0.5650,0.5600,0.5600,270,0
D,2013-12-19,0.5850,0.5850,0.5850,0.5850,0,0
D,2013-12-18,0.5850,0.5850,0.5850,0.5850,0,0
D,2013-12-17,0.5850,0.5850,0.5850,0.5850,0,0
D,2013-12-16,0.5850,0.6000,0.5850,0.5850,440,0
D,2013-12-13,0.5600,0.5850,0.5600,0.5850,980,0
D,2013-12-12,0.5600,0.5650,0.5600,0.5600,728,0
D,2013-12-11,0.5550,0.5550,0.5550,0.5550,0,0
D,2013-12-10,0.5550,0.5550,0.5550,0.5550,0,0
D,2013-12-09,0.5550,0.5550,0.5550,0.5550,50,0
D,2013-12-06,0.5400,0.5650,0.5300,0.5650,401,0
D,2013-12-05,0.5750,0.5750,0.5750,0.5750,100,0
D,2013-12-04,0.6000,0.6000,0.5600,0.5800,662,0
D,2013-12-03,0.6000,0.6000,0.6000,0.6000,30,0
D,2013-12-02,0.6000,0.6000,0.6000,0.6000,0,0
D,2013-11-29,0.6050,0.6050,0.6000,0.6000,550,0
D,2013-11-28,0.6050,0.6050,0.5950,0.6050,790,0
D,2013-11-27,0.6100,0.6100,0.6000,0.6050,1018,0
D,2013-11-26,0.6050,0.6050,0.6000,0.6000,1220,0
D,2013-11-25,0.5900,0.6100,0.5900,0.6000,370,0
D,2013-11-22,0.5900,0.5900,0.5800,0.5850,1764,0
D,2013-11-21,0.5900,0.5900,0.5850,0.5900,1048,0
D,2013-11-20,0.6000,0.6000,0.5900,0.5900,1495,0
D,2013-11-19,0.5950,0.6050,0.5950,0.5950,3490,0
D,2013-11-18,0.6000,0.6200,0.5950,0.5950,2883,0
D,2013-11-15,0.6250,0.6250,0.5850,0.6000,3620,0
D,2013-11-14,0.6300,0.6300,0.6200,0.6200,4078,0
D,2013-11-13,0.6500,0.6500,0.6150,0.6150,5465,0
D,2013-11-12,0.6850,0.6850,0.6500,0.6500,8624,0
D,2013-11-11,0.6600,0.6800,0.6600,0.6750,7993,0
D,2013-11-08,0.6450,0.6850,0.6450,0.6600,11822,0
D,2013-11-07,0.6150,0.6600,0.6150,0.6450,6234,0
D,2013-11-06,0.6350,0.6400,0.6150,0.6150,4460,0
D,2013-11-04,0.6000,0.6500,0.6000,0.6500,6820,0
D,2013-11-01,0.6150,0.6150,0.6000,0.6000,2699,0
D,2013-10-31,0.6250,0.6250,0.5950,0.6150,8417,0
D,2013-10-30,0.5750,0.6250,0.5650,0.6250,12356,0
D,2013-10-29,0.5950,0.5950,0.5700,0.5750,4822,0
D,2013-10-28,0.5200,0.6100,0.5150,0.5950,21860,0
D,2013-10-25,0.5250,0.5250,0.5150,0.5200,1418,0
D,2013-10-24,0.5200,0.5350,0.5150,0.5300,3386,0
D,2013-10-23,0.5500,0.5600,0.5100,0.5200,9497,0
D,2013-10-22,0.4850,0.5400,0.4850,0.5400,16697,0
D,2013-10-21,0.4400,0.4750,0.4400,0.4700,6872,0
D,2013-10-18,0.4400,0.4400,0.4350,0.4400,1275,0
D,2013-10-17,0.4300,0.4450,0.4300,0.4400,4412,0
D,2013-10-16,0.4350,0.4350,0.4300,0.4300,2160,0
D,2013-10-14,0.4150,0.4400,0.4150,0.4350,5991,0
D,2013-10-11,0.4050,0.4150,0.4050,0.4150,2180,0
D,2013-10-10,0.4100,0.4100,0.4000,0.4000,1161,0
D,2013-10-09,0.4000,0.4000,0.3950,0.4000,1334,0
D,2013-10-08,0.4000,0.4000,0.3950,0.4000,1170,0
D,2013-10-07,0.4050,0.4050,0.4000,0.4000,1020,0
D,2013-10-04,0.4150,0.4150,0.4050,0.4050,1338,0
D,2013-10-03,0.4100,0.4200,0.4050,0.4150,3030,0
D,2013-10-02,0.4200,0.4250,0.4050,0.4050,3720,0
D,2013-10-01,0.4100,0.4150,0.4100,0.4150,1710,0
D,2013-09-30,0.4200,0.4200,0.4050,0.4100,6492,0
D,2013-09-27,0.4400,0.4400,0.4050,0.4300,7315,0
D,2013-09-26,0.4200,0.4350,0.4150,0.4300,6013,0
D,2013-09-25,0.4250,0.4300,0.4100,0.4200,6025,0
D,2013-09-24,0.4500,0.4550,0.4250,0.4350,11375,0
D,2013-09-23,0.3950,0.4500,0.3950,0.4450,31546,0
D,2013-09-20,0.4050,0.4050,0.3850,0.3950,3990,0
D,2013-09-19,0.4050,0.4100,0.4000,0.4050,6822,0
D,2013-09-18,0.3650,0.4300,0.3650,0.4000,27926,0
D,2013-09-17,0.3600,0.3700,0.3550,0.3600,5556,0
D,2013-09-13,0.3500,0.3500,0.3450,0.3500,2630,0
D,2013-09-12,0.3700,0.3700,0.3600,0.3600,3261,0
D,2013-09-11,0.3650,0.3650,0.3550,0.3650,10481,0
D,2013-09-10,0.3250,0.3650,0.3250,0.3650,17998,0
D,2013-09-09,0.3200,0.3300,0.3100,0.3250,12481,0
D,2013-09-06,0.3400,0.3400,0.3150,0.3200,9276,0
D,2013-09-05,0.3400,0.3450,0.3350,0.3400,2885,0
D,2013-09-04,0.3350,0.3400,0.3350,0.3400,700,0
D,2013-09-03,0.3350,0.3350,0.3350,0.3350,200,0
D,2013-09-02,0.3450,0.3450,0.3350,0.3450,1267,0
D,2013-08-30,0.3250,0.3550,0.3250,0.3550,4668,0
D,2013-08-29,0.3350,0.3350,0.3250,0.3250,649,0
D,2013-08-28,0.3100,0.3350,0.3100,0.3350,465,0
D,2013-08-27,0.3450,0.3450,0.3350,0.3350,1615,0
D,2013-08-26,0.3550,0.3550,0.3550,0.3550,0,0
D,2013-08-23,0.3450,0.3550,0.3450,0.3550,205,0
D,2013-08-22,0.3450,0.3600,0.3450,0.3600,915,0
D,2013-08-21,0.3550,0.3650,0.3550,0.3650,3622,0
D,2013-08-20,0.3600,0.3600,0.3500,0.3550,2916,0
D,2013-08-19,0.3700,0.3700,0.3600,0.3600,4114,0
D,2013-08-16,0.3700,0.3850,0.3650,0.3800,1478,0
D,2013-08-15,0.3800,0.3850,0.3700,0.3850,836,0
D,2013-08-14,0.3950,0.3950,0.3700,0.3900,3743,0
D,2013-08-13,0.4100,0.4100,0.3950,0.3950,4713,0
D,2013-08-12,0.3950,0.4150,0.3800,0.4100,7360,0
D,2013-08-07,0.3450,0.3950,0.3450,0.3950,6932,0
D,2013-08-06,0.3350,0.3450,0.3350,0.3450,1494,0
D,2013-08-05,0.3300,0.3350,0.3300,0.3350,1008,0
D,2013-08-02,0.3250,0.3300,0.3250,0.3300,205,0
D,2013-08-01,0.3300,0.3300,0.3250,0.3250,1280,0
D,2013-07-31,0.3300,0.3400,0.3250,0.3400,1241,0
D,2013-07-30,0.3350,0.3350,0.3300,0.3300,903,0
D,2013-07-29,0.3250,0.3300,0.3250,0.3300,600,0
D,2013-07-26,0.3250,0.3350,0.3250,0.3350,521,0
D,2013-07-25,0.3200,0.3250,0.3200,0.3250,231,0
D,2013-07-24,0.3150,0.3250,0.3150,0.3250,267,0
D,2013-07-23,0.3250,0.3300,0.3100,0.3150,3592,0
D,2013-07-22,0.3250,0.3300,0.3250,0.3300,170,0
D,2013-07-19,0.3200,0.3200,0.3200,0.3200,443,0
D,2013-07-18,0.3250,0.3250,0.3200,0.3200,2340,0
D,2013-07-17,0.3300,0.3300,0.3300,0.3300,681,0
D,2013-07-16,0.3300,0.3300,0.3300,0.3300,480,0
D,2013-07-15,0.3300,0.3300,0.3300,0.3300,300,0
D,2013-07-12,0.3300,0.3400,0.3300,0.3400,900,0
D,2013-07-11,0.3300,0.3300,0.3300,0.3300,200,0
D,2013-07-10,0.3250,0.3300,0.3100,0.3300,1166,0
D,2013-07-09,0.3400,0.3400,0.3400,0.3400,0,0
D,2013-07-08,0.3300,0.3400,0.3300,0.3400,4,0
D,2013-07-05,0.3300,0.3300,0.3300,0.3300,0,0
D,2013-07-04,0.3300,0.3300,0.3300,0.3300,0,0
D,2013-07-03,0.3300,0.3300,0.3300,0.3300,0,0
D,2013-07-02,0.3300,0.3300,0.3300,0.3300,0,0
D,2013-07-01,0.3300,0.3300,0.3300,0.3300,330,0
D,2013-06-28,0.3300,0.3300,0.3300,0.3300,0,0
D,2013-06-27,0.3300,0.3300,0.3300,0.3300,0,0
D,2013-06-26,0.3300,0.3300,0.3300,0.3300,0,0
D,2013-06-25,0.3250,0.3500,0.3250,0.3300,320,0
D,2013-06-24,0.3150,0.3150,0.3150,0.3150,0,0
D,2013-06-21,0.3150,0.3150,0.3150,0.3150,3,0
D,2013-06-20,0.3150,0.3150,0.3150,0.3150,50,0
D,2013-06-19,0.3150,0.3150,0.3150,0.3150,0,0
D,2013-06-18,0.3150,0.3150,0.3150,0.3150,0,0
D,2013-06-17,0.3150,0.3150,0.3150,0.3150,0,0
D,2013-06-14,0.3150,0.3150,0.3150,0.3150,31,0
D,2013-06-13,0.3150,0.3150,0.3150,0.3150,0,0
D,2013-06-12,0.3150,0.3150,0.3150,0.3150,0,0
D,2013-06-11,0.3150,0.3150,0.3150,0.3150,500,0
D,2013-06-10,0.3200,0.3200,0.3200,0.3200,224,0
D,2013-06-07,0.3200,0.3200,0.3200,0.3200,1389,0
D,2013-06-06,0.3200,0.3200,0.3200,0.3200,0,0
D,2013-06-05,0.3200,0.3200,0.3200,0.3200,0,0
D,2013-06-04,0.3200,0.3200,0.3200,0.3200,383,0
D,2013-06-03,0.3200,0.3200,0.3150,0.3200,650,0
D,2013-05-31,0.3250,0.3250,0.3000,0.3250,386,0
D,2013-05-30,0.3100,0.3300,0.3100,0.3300,36,0
D,2013-05-29,0.3100,0.3100,0.3100,0.3100,40,0
D,2013-05-28,0.3050,0.3050,0.3050,0.3050,0,0
D,2013-05-27,0.3050,0.3050,0.3050,0.3050,0,0
D,2013-05-23,0.3050,0.3050,0.3050,0.3050,100,0
D,2013-05-22,0.3050,0.3050,0.3050,0.3050,0,0
D,2013-05-21,0.3050,0.3100,0.3050,0.3050,750,0
D,2013-05-20,0.3050,0.3050,0.3000,0.3000,5841,0
D,2013-05-17,0.3000,0.3000,0.3000,0.3000,2400,0
D,2013-05-16,0.3000,0.3000,0.3000,0.3000,5087,0
D,2013-05-15,0.3000,0.3000,0.3000,0.3000,1050,0
D,2013-05-14,0.3000,0.3000,0.2950,0.2950,7550,0
D,2013-05-13,0.2850,0.3000,0.2850,0.3000,1094,0
D,2013-05-10,0.2800,0.2800,0.2800,0.2800,0,0
D,2013-05-09,0.2800,0.2800,0.2800,0.2800,0,0
D,2013-05-08,0.2750,0.2800,0.2750,0.2800,356,0
D,2013-05-07,0.2750,0.2750,0.2750,0.2750,270,0
D,2013-05-06,0.2650,0.2700,0.2650,0.2700,950,0
D,2013-05-03,0.2600,0.2650,0.2600,0.2650,440,0
D,2013-05-02,0.2750,0.2750,0.2750,0.2750,50,0
D,2013-04-30,0.2750,0.2750,0.2750,0.2750,216,0
D,2013-04-29,0.2750,0.2750,0.2750,0.2750,0,0
D,2013-04-26,0.2750,0.2750,0.2750,0.2750,0,0
D,2013-04-25,0.2750,0.2750,0.2750,0.2750,0,0
D,2013-04-24,0.2750,0.2750,0.2750,0.2750,336,0
D,2013-04-23,0.2750,0.2850,0.2750,0.2750,284,0
D,2013-04-22,0.2700,0.2700,0.2700,0.2700,0,0
D,2013-04-19,0.2700,0.2700,0.2700,0.2700,0,0
D,2013-04-18,0.2700,0.2700,0.2700,0.2700,108,0
D,2013-04-17,0.2650,0.2900,0.2650,0.2900,1001,0
D,2013-04-16,0.2750,0.2750,0.2750,0.2750,0,0
D,2013-04-15,0.2750,0.2750,0.2750,0.2750,3,0
D,2013-04-12,0.2650,0.2650,0.2650,0.2650,0,0
D,2013-04-11,0.2650,0.2650,0.2650,0.2650,52,0
D,2013-04-10,0.2950,0.2950,0.2950,0.2950,0,0
D,2013-04-09,0.2800,0.2950,0.2800,0.2950,83,0
D,2013-04-08,0.2800,0.2800,0.2800,0.2800,100,0
D,2013-04-05,0.3000,0.3000,0.3000,0.3000,0,0
D,2013-04-04,0.3000,0.3000,0.3000,0.3000,3,0
D,2013-04-03,0.3000,0.3000,0.3000,0.3000,0,0
D,2013-04-02,0.3000,0.3000,0.3000,0.3000,200,0
D,2013-04-01,0.3000,0.3000,0.3000,0.3000,4550,0
D,2013-03-29,0.3000,0.3000,0.3000,0.3000,0,0
D,2013-03-28,0.2950,0.3000,0.2950,0.3000,400,0
D,2013-03-27,0.2950,0.2950,0.2950,0.2950,100,0
D,2013-03-26,0.2950,0.2950,0.2900,0.2900,650,0
D,2013-03-25,0.3000,0.3000,0.3000,0.3000,0,0
D,2013-03-22,0.3000,0.3000,0.3000,0.3000,500,0
D,2013-03-21,0.3000,0.3000,0.3000,0.3000,500,0
D,2013-03-20,0.3000,0.3000,0.3000,0.3000,500,0
D,2013-03-19,0.3150,0.3150,0.3000,0.3000,1928,0
D,2013-03-18,0.3250,0.3250,0.3200,0.3200,406,0
D,2013-03-15,0.3300,0.3300,0.3300,0.3300,0,0
D,2013-03-14,0.3300,0.3300,0.3300,0.3300,250,0
D,2013-03-13,0.3000,0.3000,0.3000,0.3000,0,0
D,2013-03-12,0.3000,0.3000,0.3000,0.3000,0,0
D,2013-03-11,0.3000,0.3000,0.3000,0.3000,0,0
D,2013-03-08,0.3000,0.3000,0.3000,0.3000,0,0
D,2013-03-07,0.3000,0.3000,0.3000,0.3000,0,0
D,2013-03-06,0.3000,0.3000,0.3000,0.3000,0,0
D,2013-03-05,0.3000,0.3000,0.3000,0.3000,0,0
D,2013-03-04,0.3000,0.3000,0.3000,0.3000,20,0
D,2013-03-01,0.3000,0.3000,0.3000,0.3000,0,0
D,2013-02-28,0.3000,0.3000,0.3000,0.3000,0,0
D,2013-02-27,0.3000,0.3000,0.3000,0.3000,0,0
D,2013-02-26,0.3000,0.3000,0.3000,0.3000,0,0
D,2013-02-25,0.3000,0.3000,0.3000,0.3000,0,0
D,2013-02-22,0.3000,0.3000,0.3000,0.3000,0,0
D,2013-02-21,0.3000,0.3000,0.3000,0.3000,500,0
D,2013-02-20,0.3000,0.3000,0.3000,0.3000,100,0
D,2013-02-19,0.3000,0.3000,0.3000,0.3000,0,0
D,2013-02-18,0.3000,0.3000,0.3000,0.3000,0,0
D,2013-02-15,0.3000,0.3000,0.3000,0.3000,0,0
D,2013-02-14,0.3000,0.3000,0.3000,0.3000,0,0
D,2013-02-13,0.3000,0.3000,0.3000,0.3000,0,0
D,2013-02-08,0.3000,0.3000,0.3000,0.3000,0,0
D,2013-02-07,0.3000,0.3000,0.3000,0.3000,0,0
D,2013-02-06,0.3000,0.3000,0.3000,0.3000,150,0
D,2013-02-05,0.3000,0.3000,0.3000,0.3000,63,0
D,2013-02-04,0.3000,0.3000,0.3000,0.3000,0,0
D,2013-01-31,0.3000,0.3000,0.3000,0.3000,155,0
D,2013-01-30,0.3000,0.3000,0.3000,0.3000,0,0
D,2013-01-29,0.3000,0.3000,0.3000,0.3000,0,0
D,2013-01-25,0.3000,0.3000,0.3000,0.3000,100,0
D,2013-01-23,0.3000,0.3000,0.3000,0.3000,100,0
D,2013-01-22,0.3000,0.3000,0.3000,0.3000,0,0
D,2013-01-21,0.3000,0.3000,0.3000,0.3000,200,0
D,2013-01-18,0.3050,0.3050,0.3050,0.3050,0,0
D,2013-01-17,0.3050,0.3050,0.3050,0.3050,50,0
D,2013-01-16,0.3050,0.3050,0.3050,0.3050,0,0
D,2013-01-15,0.3050,0.3050,0.3050,0.3050,0,0
D,2013-01-14,0.3050,0.3050,0.3050,0.3050,0,0
D,2013-01-11,0.3050,0.3050,0.3050,0.3050,159,0
D,2013-01-10,0.2950,0.2950,0.2950,0.2950,0,0
D,2013-01-09,0.2950,0.2950,0.2950,0.2950,0,0
D,2013-01-08,0.2950,0.2950,0.2950,0.2950,275,0
D,2013-01-07,0.2800,0.3150,0.2800,0.3150,4,0
D,2013-01-04,0.2850,0.2850,0.2850,0.2850,0,0
D,2013-01-03,0.2850,0.2850,0.2850,0.2850,0,0
D,2013-01-02,0.2850,0.2850,0.2850,0.2850,0,0
D,2012-12-31,0.2850,0.2850,0.2850,0.2850,0,0
D,2012-12-28,0.2850,0.2850,0.2850,0.2850,0,0
D,2012-12-27,0.2850,0.2850,0.2850,0.2850,110,0
D,2012-12-26,0.3150,0.3150,0.3150,0.3150,0,0
D,2012-12-24,0.3150,0.3150,0.3150,0.3150,0,0
D,2012-12-21,0.3150,0.3150,0.3150,0.3150,0,0
D,2012-12-20,0.3150,0.3150,0.3150,0.3150,0,0
D,2012-12-19,0.3150,0.3150,0.3150,0.3150,0,0
D,2012-12-18,0.3150,0.3150,0.3150,0.3150,0,0
D,2012-12-17,0.3150,0.3150,0.3150,0.3150,0,0
D,2012-12-14,0.3150,0.3150,0.3150,0.3150,0,0
D,2012-12-13,0.3150,0.3150,0.3150,0.3150,0,0
D,2012-12-12,0.3150,0.3150,0.3150,0.3150,0,0
D,2012-12-11,0.3150,0.3150,0.3150,0.3150,0,0
D,2012-12-10,0.3150,0.3150,0.3150,0.3150,0,0
D,2012-12-07,0.3150,0.3150,0.3150,0.3150,0,0
D,2012-12-06,0.3150,0.3150,0.3150,0.3150,0,0
D,2012-12-05,0.3150,0.3150,0.3150,0.3150,0,0
D,2012-12-04,0.3150,0.3150,0.3150,0.3150,0,0
D,2012-12-03,0.3150,0.3150,0.3150,0.3150,0,0
D,2012-11-30,0.3150,0.3150,0.3150,0.3150,0,0
D,2012-11-29,0.3150,0.3150,0.3150,0.3150,0,0
D,2012-11-28,0.3300,0.3300,0.3300,0.3300,0,0
D,2012-11-27,0.3300,0.3300,0.3300,0.3300,0,0
D,2012-11-26,0.3300,0.3300,0.3300,0.3300,0,0
D,2012-11-23,0.3300,0.3300,0.3300,0.3300,0,0
D,2012-11-22,0.3300,0.3300,0.3300,0.3300,0,0
D,2012-11-21,0.3300,0.3300,0.3300,0.3300,0,0
D,2012-11-20,0.3300,0.3300,0.3300,0.3300,0,0
D,2012-11-19,0.3300,0.3300,0.3300,0.3300,20,0
D,2012-11-16,0.3100,0.3500,0.3100,0.3500,293,0
D,2012-11-14,0.3100,0.3100,0.3100,0.3100,50,0
D,2012-11-12,0.3100,0.3100,0.3100,0.3100,0,0
D,2012-11-09,0.3100,0.3100,0.3100,0.3100,0,0
D,2012-11-08,0.3100,0.3100,0.3100,0.3100,0,0
D,2012-11-07,0.3100,0.3100,0.3100,0.3100,377,0
D,2012-11-06,0.3100,0.3150,0.3100,0.3100,301,0
D,2012-11-05,0.3100,0.3100,0.3100,0.3100,60,0
D,2012-11-02,0.3100,0.3250,0.3100,0.3100,740,0
D,2012-11-01,0.3300,0.3300,0.3000,0.3000,4383,0
D,2012-10-31,0.3500,0.3500,0.3500,0.3500,0,0
D,2012-10-30,0.3500,0.3500,0.3500,0.3500,0,0
D,2012-10-29,0.3500,0.3500,0.3500,0.3500,0,0
D,2012-10-25,0.3500,0.3500,0.3500,0.3500,0,0
D,2012-10-24,0.3000,0.3500,0.3000,0.3500,12,0
D,2012-10-23,0.3000,0.3000,0.3000,0.3000,0,0
D,2012-10-22,0.3000,0.3000,0.3000,0.3000,0,0
D,2012-10-19,0.3000,0.3000,0.3000,0.3000,0,0
D,2012-10-18,0.3000,0.3000,0.3000,0.3000,0,0
D,2012-10-17,0.3000,0.3000,0.3000,0.3000,200,0
D,2012-10-16,0.2800,0.2800,0.2800,0.2800,0,0
D,2012-10-15,0.2800,0.2800,0.2800,0.2800,0,0
D,2012-10-12,0.2800,0.2800,0.2800,0.2800,50,0
D,2012-10-11,0.3000,0.3000,0.3000,0.3000,1655,0
D,2012-10-10,0.3000,0.3000,0.2850,0.2850,190,0
D,2012-10-09,0.3000,0.3000,0.2900,0.2900,360,0
D,2012-10-08,0.3200,0.3200,0.3000,0.3000,1500,0
D,2012-10-05,0.4200,0.4200,0.4200,0.4200,0,0
D,2012-10-04,0.4200,0.4200,0.4200,0.4200,0,0
D,2012-10-03,0.4200,0.4200,0.4200,0.4200,0,0
D,2012-05-03,0.4000,0.4000,0.4000,0.4000,0,0
D,2012-05-02,0.4000,0.4000,0.4000,0.4000,0,0
