D,2014-10-14,0.0400,0.0400,0.0400,0.0400,8690,0
D,2014-10-13,0.0450,0.0450,0.0400,0.0400,28685,0
D,2014-10-10,0.0450,0.0450,0.0450,0.0450,12167,0
D,2014-10-09,0.0450,0.0500,0.0450,0.0450,33045,0
D,2014-10-08,0.0450,0.0450,0.0400,0.0450,46302,0
D,2014-10-07,0.0500,0.0500,0.0450,0.0500,57711,0
D,2014-10-03,0.0500,0.0500,0.0450,0.0500,24110,0
D,2014-10-02,0.0500,0.0550,0.0500,0.0550,18793,0
D,2014-10-01,0.0650,0.0650,0.0500,0.0550,141907,0
D,2014-09-30,0.0700,0.0750,0.0650,0.0700,81358,0
D,2014-09-29,0.0700,0.0750,0.0700,0.0700,84800,0
D,2014-09-26,0.0650,0.0750,0.0650,0.0700,55396,0
D,2014-09-25,0.0700,0.0800,0.0650,0.0700,565656,0
D,2014-09-24,0.0650,0.0700,0.0650,0.0700,76345,0
D,2014-09-23,0.0650,0.0700,0.0600,0.0650,173958,0
D,2014-09-22,0.0600,0.0650,0.0600,0.0650,16341,0
D,2014-09-19,0.0600,0.0650,0.0600,0.0600,24581,0
D,2014-09-18,0.0650,0.0650,0.0600,0.0600,16259,0
D,2014-09-17,0.0650,0.0750,0.0600,0.0650,108228,0
D,2014-09-15,0.0600,0.0700,0.0600,0.0650,43136,0
D,2014-09-12,0.0450,0.0650,0.0450,0.0650,74560,0
D,2014-09-11,0.0500,0.0500,0.0500,0.0500,0,0
D,2014-09-10,0.0500,0.0500,0.0500,0.0500,160,0
D,2014-09-09,0.0450,0.0500,0.0450,0.0500,4693,0
D,2014-09-08,0.0400,0.0450,0.0400,0.0450,10472,0
D,2014-09-05,0.0400,0.0400,0.0400,0.0400,1000,0
D,2014-09-04,0.0400,0.0400,0.0400,0.0400,1300,0
D,2014-09-03,0.0400,0.0400,0.0400,0.0400,500,0
D,2014-09-02,0.0400,0.0400,0.0400,0.0400,700,0
D,2014-08-29,0.0450,0.0450,0.0450,0.0450,0,0
D,2014-08-28,0.0450,0.0450,0.0450,0.0450,3000,0
D,2014-08-27,0.0400,0.0450,0.0400,0.0450,1741,0
D,2014-08-26,0.0400,0.0400,0.0400,0.0400,350,0
D,2014-08-25,0.0450,0.0450,0.0450,0.0450,0,0
D,2014-08-22,0.0400,0.0450,0.0400,0.0450,2500,0
D,2014-08-21,0.0450,0.0450,0.0450,0.0450,4240,0
D,2014-08-20,0.0500,0.0500,0.0450,0.0450,6590,0
D,2014-08-19,0.0450,0.0500,0.0450,0.0500,16239,0
D,2014-08-18,0.0400,0.0400,0.0400,0.0400,500,0
D,2014-08-15,0.0450,0.0450,0.0450,0.0450,0,0
D,2014-08-14,0.0450,0.0450,0.0450,0.0450,0,0
D,2014-08-13,0.0400,0.0450,0.0400,0.0450,4310,0
D,2014-08-12,0.0400,0.0400,0.0400,0.0400,3201,0
D,2014-08-11,0.0450,0.0450,0.0450,0.0450,0,0
D,2014-08-08,0.0450,0.0500,0.0400,0.0450,20101,0
D,2014-08-07,0.0400,0.0450,0.0400,0.0450,30750,0
D,2014-08-06,0.0350,0.0350,0.0350,0.0350,0,0
D,2014-08-05,0.0350,0.0350,0.0350,0.0350,3000,0
D,2014-08-04,0.0350,0.0350,0.0350,0.0350,0,0
D,2014-08-01,0.0350,0.0350,0.0350,0.0350,12030,0
D,2014-07-31,0.0350,0.0350,0.0350,0.0350,0,0
D,2014-07-30,0.0350,0.0350,0.0350,0.0350,0,0
D,2014-07-25,0.0350,0.0350,0.0350,0.0350,0,0
D,2014-07-24,0.0350,0.0350,0.0350,0.0350,500,0
D,2014-07-23,0.0350,0.0350,0.0350,0.0350,5066,0
D,2014-07-22,0.0350,0.0350,0.0350,0.0350,2000,0
D,2014-07-21,0.0400,0.0400,0.0400,0.0400,5049,0
D,2014-07-18,0.0350,0.0350,0.0350,0.0350,5000,0
D,2014-07-17,0.0350,0.0350,0.0350,0.0350,0,0
D,2014-07-16,0.0350,0.0350,0.0350,0.0350,0,0
D,2014-07-14,0.0350,0.0350,0.0350,0.0350,0,0
D,2014-07-11,0.0350,0.0350,0.0350,0.0350,2532,0
D,2014-07-10,0.0400,0.0400,0.0400,0.0400,0,0
D,2014-07-09,0.0350,0.0400,0.0350,0.0400,5301,0
D,2014-07-08,0.0350,0.0350,0.0350,0.0350,0,0
D,2014-07-07,0.0350,0.0350,0.0350,0.0350,2533,0
D,2014-07-04,0.0400,0.0400,0.0400,0.0400,1500,0
D,2014-07-03,0.0350,0.0400,0.0350,0.0400,24822,0
D,2014-07-02,0.0350,0.0350,0.0350,0.0350,0,0
D,2014-07-01,0.0350,0.0350,0.0350,0.0350,2000,0
D,2014-06-30,0.0350,0.0350,0.0350,0.0350,300,0
D,2014-06-27,0.0350,0.0350,0.0350,0.0350,0,0
D,2014-06-26,0.0350,0.0350,0.0350,0.0350,0,0
D,2014-06-25,0.0350,0.0350,0.0350,0.0350,0,0
D,2014-06-24,0.0350,0.0350,0.0350,0.0350,0,0
D,2014-06-23,0.0350,0.0350,0.0350,0.0350,150,0
D,2014-06-20,0.0400,0.0400,0.0400,0.0400,88,0
D,2014-06-19,0.0350,0.0350,0.0350,0.0350,0,0
D,2014-06-18,0.0350,0.0350,0.0350,0.0350,2066,0
D,2014-06-17,0.0350,0.0350,0.0350,0.0350,9633,0
D,2014-06-16,0.0400,0.0400,0.0400,0.0400,0,0
D,2014-06-13,0.0400,0.0400,0.0400,0.0400,0,0
D,2014-06-12,0.0400,0.0400,0.0400,0.0400,0,0
D,2014-06-11,0.0400,0.0400,0.0400,0.0400,0,0
D,2014-06-10,0.0400,0.0400,0.0400,0.0400,1000,0
D,2014-06-09,0.0400,0.0400,0.0400,0.0400,0,0
D,2014-06-06,0.0400,0.0400,0.0400,0.0400,0,0
D,2014-06-05,0.0400,0.0400,0.0400,0.0400,0,0
D,2014-06-04,0.0400,0.0400,0.0400,0.0400,0,0
D,2014-06-03,0.0400,0.0400,0.0400,0.0400,0,0
D,2014-06-02,0.0400,0.0400,0.0400,0.0400,0,0
D,2014-05-30,0.0400,0.0400,0.0400,0.0400,0,0
D,2014-05-29,0.0400,0.0400,0.0400,0.0400,0,0
D,2014-05-28,0.0350,0.0400,0.0350,0.0400,253,0
D,2014-05-27,0.0400,0.0400,0.0400,0.0400,750,0
D,2014-05-26,0.0400,0.0400,0.0400,0.0400,637,0
D,2014-05-23,0.0400,0.0400,0.0400,0.0400,0,0
D,2014-05-22,0.0400,0.0400,0.0400,0.0400,0,0
D,2014-05-21,0.0400,0.0400,0.0400,0.0400,607,0
D,2014-05-20,0.0400,0.0400,0.0400,0.0400,1157,0
D,2014-05-19,0.0350,0.0400,0.0350,0.0400,1101,0
D,2014-05-16,0.0350,0.0350,0.0350,0.0350,0,0
D,2014-05-15,0.0400,0.0400,0.0350,0.0350,300,0
D,2014-05-14,0.0400,0.0400,0.0400,0.0400,0,0
D,2014-05-12,0.0400,0.0400,0.0400,0.0400,0,0
D,2014-05-09,0.0400,0.0400,0.0400,0.0400,5350,0
D,2014-05-08,0.0400,0.0400,0.0400,0.0400,0,0
D,2014-05-07,0.0400,0.0400,0.0400,0.0400,100,0
D,2014-05-06,0.0400,0.0400,0.0400,0.0400,0,0
D,2014-05-05,0.0400,0.0400,0.0400,0.0400,2500,0
D,2014-05-02,0.0400,0.0400,0.0400,0.0400,1000,0
D,2014-04-30,0.0400,0.0400,0.0400,0.0400,100,0
D,2014-04-29,0.0400,0.0400,0.0400,0.0400,700,0
D,2014-04-28,0.0450,0.0450,0.0450,0.0450,3000,0
D,2014-04-25,0.0500,0.0500,0.0500,0.0500,3000,0
D,2014-04-24,0.0450,0.0500,0.0450,0.0500,1510,0
D,2014-04-23,0.0450,0.0500,0.0450,0.0500,5255,0
D,2014-04-22,0.0450,0.0450,0.0450,0.0450,3000,0
D,2014-04-21,0.0400,0.0400,0.0400,0.0400,0,0
D,2014-04-18,0.0400,0.0400,0.0400,0.0400,1300,0
D,2014-04-17,0.0400,0.0400,0.0400,0.0400,183,0
D,2014-04-16,0.0450,0.0450,0.0450,0.0450,0,0
D,2014-04-15,0.0450,0.0450,0.0450,0.0450,500,0
D,2014-04-14,0.0400,0.0400,0.0400,0.0400,0,0
D,2014-04-11,0.0400,0.0400,0.0400,0.0400,0,0
D,2014-04-10,0.0400,0.0400,0.0400,0.0400,170,0
D,2014-04-09,0.0450,0.0450,0.0450,0.0450,1300,0
D,2014-04-08,0.0500,0.0500,0.0500,0.0500,190,0
D,2014-04-07,0.0500,0.0500,0.0500,0.0500,0,0
D,2014-04-04,0.0500,0.0500,0.0500,0.0500,0,0
D,2014-04-03,0.0500,0.0500,0.0500,0.0500,0,0
D,2014-04-02,0.0500,0.0500,0.0500,0.0500,0,0
D,2014-04-01,0.0450,0.0500,0.0450,0.0500,2001,0
D,2014-03-31,0.0450,0.0550,0.0450,0.0500,36531,0
D,2014-03-28,0.0450,0.0450,0.0450,0.0450,0,0
D,2014-03-27,0.0450,0.0450,0.0450,0.0450,0,0
D,2014-03-26,0.0450,0.0450,0.0450,0.0450,3000,0
D,2014-03-25,0.0450,0.0450,0.0450,0.0450,0,0
D,2014-03-24,0.0450,0.0450,0.0450,0.0450,0,0
D,2014-03-21,0.0450,0.0500,0.0450,0.0450,5141,0
D,2014-03-20,0.0400,0.0400,0.0400,0.0400,0,0
D,2014-03-19,0.0400,0.0400,0.0400,0.0400,0,0
D,2014-03-18,0.0400,0.0400,0.0400,0.0400,0,0
D,2014-03-17,0.0400,0.0400,0.0400,0.0400,0,0
D,2014-03-14,0.0450,0.0500,0.0400,0.0400,5311,0
D,2014-03-13,0.0450,0.0450,0.0450,0.0450,0,0
D,2014-03-12,0.0450,0.0450,0.0450,0.0450,0,0
D,2014-03-11,0.0450,0.0450,0.0450,0.0450,0,0
D,2014-03-10,0.0450,0.0450,0.0450,0.0450,0,0
D,2014-03-07,0.0450,0.0450,0.0450,0.0450,0,0
D,2014-03-06,0.0400,0.0500,0.0400,0.0450,21827,0
D,2014-03-05,0.0450,0.0450,0.0450,0.0450,0,0
D,2014-03-04,0.0450,0.0450,0.0400,0.0450,1286,0
D,2014-03-03,0.0500,0.0500,0.0500,0.0500,120,0
D,2014-02-28,0.0450,0.0450,0.0450,0.0450,3463,0
D,2014-02-27,0.0450,0.0450,0.0450,0.0450,300,0
D,2014-02-26,0.0500,0.0550,0.0500,0.0500,14000,0
D,2014-02-25,0.0450,0.0450,0.0450,0.0450,500,0
D,2014-02-24,0.0500,0.0500,0.0450,0.0450,5239,0
D,2014-02-21,0.0450,0.0450,0.0450,0.0450,0,0
D,2014-02-20,0.0450,0.0450,0.0450,0.0450,0,0
D,2014-02-19,0.0500,0.0500,0.0450,0.0450,999,0
D,2014-02-18,0.0500,0.0550,0.0500,0.0550,2680,0
D,2014-02-17,0.0450,0.0450,0.0450,0.0450,0,0
D,2014-02-14,0.0450,0.0450,0.0450,0.0450,8733,0
D,2014-02-13,0.0450,0.0450,0.0450,0.0450,0,0
D,2014-02-12,0.0450,0.0450,0.0450,0.0450,0,0
D,2014-02-11,0.0450,0.0450,0.0450,0.0450,0,0
D,2014-02-10,0.0450,0.0450,0.0450,0.0450,1100,0
D,2014-02-07,0.0450,0.0450,0.0450,0.0450,0,0
D,2014-02-06,0.0450,0.0450,0.0450,0.0450,0,0
D,2014-02-05,0.0450,0.0450,0.0450,0.0450,0,0
D,2014-02-04,0.0450,0.0450,0.0450,0.0450,0,0
D,2014-01-30,0.0450,0.0450,0.0450,0.0450,0,0
D,2014-01-29,0.0450,0.0450,0.0450,0.0450,900,0
D,2014-01-28,0.0450,0.0450,0.0450,0.0450,0,0
D,2014-01-27,0.0450,0.0450,0.0450,0.0450,0,0
D,2014-01-24,0.0450,0.0450,0.0450,0.0450,0,0
D,2014-01-23,0.0450,0.0450,0.0450,0.0450,100,0
D,2014-01-22,0.0500,0.0500,0.0500,0.0500,0,0
D,2014-01-21,0.0500,0.0500,0.0500,0.0500,0,0
D,2014-01-20,0.0500,0.0500,0.0500,0.0500,0,0
D,2014-01-16,0.0500,0.0500,0.0500,0.0500,47600,0
D,2014-01-15,0.0450,0.0450,0.0450,0.0450,0,0
D,2014-01-13,0.0450,0.0450,0.0450,0.0450,0,0
D,2014-01-10,0.0450,0.0450,0.0450,0.0450,1000,0
D,2014-01-09,0.0500,0.0500,0.0500,0.0500,400,0
D,2014-01-08,0.0550,0.0550,0.0550,0.0550,0,0
D,2014-01-07,0.0500,0.0550,0.0500,0.0550,801,0
D,2014-01-06,0.0450,0.0550,0.0450,0.0550,1101,0
D,2014-01-03,0.0550,0.0550,0.0550,0.0550,0,0
D,2014-01-02,0.0550,0.0550,0.0550,0.0550,0,0
D,2013-12-31,0.0550,0.0550,0.0550,0.0550,0,0
D,2013-12-30,0.0550,0.0550,0.0550,0.0550,0,0
D,2013-12-27,0.0550,0.0550,0.0550,0.0550,0,0
D,2013-12-26,0.0550,0.0550,0.0550,0.0550,0,0
D,2013-12-24,0.0550,0.0550,0.0550,0.0550,0,0
D,2013-12-23,0.0550,0.0550,0.0550,0.0550,0,0
D,2013-12-20,0.0550,0.0550,0.0550,0.0550,0,0
D,2013-12-19,0.0550,0.0550,0.0550,0.0550,0,0
D,2013-12-18,0.0500,0.0550,0.0500,0.0550,400,0
D,2013-12-17,0.0500,0.0500,0.0500,0.0500,1500,0
D,2013-12-16,0.0500,0.0500,0.0500,0.0500,0,0
D,2013-12-13,0.0500,0.0500,0.0500,0.0500,0,0
D,2013-12-12,0.0500,0.0500,0.0500,0.0500,190,0
D,2013-12-11,0.0600,0.0600,0.0600,0.0600,0,0
D,2013-12-10,0.0600,0.0600,0.0600,0.0600,0,0
D,2013-12-09,0.0550,0.0600,0.0550,0.0600,501,0
D,2013-12-06,0.0550,0.0600,0.0550,0.0550,17036,0
D,2013-12-05,0.0500,0.0550,0.0500,0.0500,39156,0
D,2013-12-04,0.0500,0.0500,0.0500,0.0500,0,0
D,2013-12-03,0.0500,0.0500,0.0500,0.0500,308,0
D,2013-12-02,0.0450,0.0450,0.0450,0.0450,0,0
D,2013-11-29,0.0450,0.0450,0.0450,0.0450,800,0
D,2013-11-28,0.0500,0.0500,0.0500,0.0500,0,0
D,2013-11-27,0.0500,0.0500,0.0500,0.0500,308,0
D,2013-11-26,0.0500,0.0500,0.0500,0.0500,0,0
D,2013-11-25,0.0500,0.0500,0.0500,0.0500,0,0
D,2013-11-22,0.0500,0.0500,0.0500,0.0500,0,0
D,2013-11-21,0.0500,0.0500,0.0500,0.0500,308,0
D,2013-11-20,0.0500,0.0550,0.0500,0.0550,2001,0
D,2013-11-19,0.0450,0.0450,0.0450,0.0450,0,0
D,2013-11-18,0.0450,0.0450,0.0450,0.0450,2000,0
D,2013-11-15,0.0500,0.0500,0.0500,0.0500,308,0
D,2013-11-14,0.0450,0.0450,0.0450,0.0450,0,0
D,2013-11-13,0.0450,0.0450,0.0450,0.0450,0,0
D,2013-11-12,0.0450,0.0450,0.0450,0.0450,0,0
D,2013-11-11,0.0450,0.0450,0.0450,0.0450,0,0
D,2013-11-08,0.0450,0.0450,0.0450,0.0450,0,0
D,2013-11-07,0.0450,0.0450,0.0450,0.0450,300,0
D,2013-11-06,0.0500,0.0550,0.0500,0.0550,751,0
D,2013-11-04,0.0450,0.0450,0.0450,0.0450,0,0
D,2013-11-01,0.0450,0.0450,0.0450,0.0450,0,0
D,2013-10-31,0.0450,0.0500,0.0450,0.0450,1254,0
D,2013-10-30,0.0450,0.0450,0.0450,0.0450,0,0
D,2013-10-29,0.0450,0.0450,0.0450,0.0450,0,0
D,2013-10-28,0.0450,0.0450,0.0450,0.0450,33,0
D,2013-10-25,0.0500,0.0500,0.0500,0.0500,2000,0
D,2013-10-24,0.0500,0.0500,0.0500,0.0500,0,0
D,2013-10-23,0.0450,0.0500,0.0450,0.0500,5205,0
D,2013-10-22,0.0500,0.0500,0.0500,0.0500,0,0
D,2013-10-21,0.0500,0.0500,0.0500,0.0500,5200,0
D,2013-10-18,0.0550,0.0550,0.0550,0.0550,0,0
D,2013-10-17,0.0550,0.0550,0.0550,0.0550,0,0
D,2013-10-16,0.0550,0.0550,0.0550,0.0550,0,0
D,2013-10-14,0.0550,0.0550,0.0550,0.0550,1000,0
D,2013-10-11,0.0500,0.0500,0.0500,0.0500,0,0
D,2013-10-10,0.0500,0.0500,0.0500,0.0500,200,0
D,2013-10-09,0.0500,0.0500,0.0500,0.0500,2172,0
D,2013-10-08,0.0500,0.0550,0.0500,0.0550,1126,0
D,2013-10-07,0.0550,0.0550,0.0550,0.0550,0,0
D,2013-10-04,0.0550,0.0550,0.0550,0.0550,0,0
D,2013-10-03,0.0500,0.0600,0.0500,0.0550,12812,0
D,2013-10-02,0.0500,0.0500,0.0500,0.0500,269,0
D,2013-10-01,0.0500,0.0550,0.0450,0.0500,673,0
D,2013-09-30,0.0500,0.0500,0.0500,0.0500,500,0
D,2013-09-27,0.0550,0.0550,0.0550,0.0550,0,0
D,2013-09-26,0.0550,0.0550,0.0550,0.0550,0,0
D,2013-09-25,0.0500,0.0550,0.0500,0.0550,25900,0
D,2013-09-24,0.0500,0.0500,0.0500,0.0500,0,0
D,2013-09-23,0.0500,0.0500,0.0500,0.0500,400,0
D,2013-09-20,0.0500,0.0500,0.0500,0.0500,13426,0
D,2013-09-19,0.0500,0.0550,0.0500,0.0550,30009,0
D,2013-09-18,0.0450,0.0450,0.0450,0.0450,5000,0
D,2013-09-17,0.0500,0.0500,0.0500,0.0500,0,0
D,2013-09-13,0.0500,0.0500,0.0500,0.0500,2090,0
D,2013-09-12,0.0550,0.0550,0.0550,0.0550,0,0
D,2013-09-11,0.0550,0.0550,0.0550,0.0550,0,0
D,2013-09-10,0.0550,0.0550,0.0550,0.0550,0,0
D,2013-09-09,0.0550,0.0550,0.0550,0.0550,0,0
D,2013-09-06,0.0550,0.0550,0.0550,0.0550,0,0
D,2013-09-05,0.0500,0.0550,0.0500,0.0550,1001,0
D,2013-09-04,0.0500,0.0500,0.0500,0.0500,10000,0
D,2013-09-03,0.0500,0.0500,0.0500,0.0500,6890,0
D,2013-09-02,0.0500,0.0500,0.0500,0.0500,0,0
D,2013-08-30,0.0500,0.0550,0.0500,0.0500,1160,0
D,2013-08-29,0.0450,0.0450,0.0450,0.0450,0,0
D,2013-08-28,0.0450,0.0450,0.0450,0.0450,300,0
D,2013-08-27,0.0450,0.0450,0.0450,0.0450,438,0
D,2013-08-26,0.0450,0.0450,0.0450,0.0450,0,0
D,2013-08-23,0.0500,0.0500,0.0450,0.0450,1490,0
D,2013-08-22,0.0450,0.0450,0.0450,0.0450,2496,0
D,2013-08-21,0.0550,0.0550,0.0550,0.0550,0,0
D,2013-08-20,0.0550,0.0550,0.0550,0.0550,0,0
D,2013-08-19,0.0550,0.0550,0.0550,0.0550,0,0
D,2013-08-16,0.0500,0.0550,0.0500,0.0550,2134,0
D,2013-08-15,0.0500,0.0500,0.0500,0.0500,500,0
D,2013-08-14,0.0450,0.0450,0.0450,0.0450,0,0
D,2013-08-13,0.0450,0.0450,0.0450,0.0450,0,0
D,2013-08-12,0.0450,0.0450,0.0450,0.0450,0,0
D,2013-08-07,0.0450,0.0450,0.0450,0.0450,300,0
D,2013-08-06,0.0500,0.0500,0.0500,0.0500,0,0
D,2013-08-05,0.0500,0.0600,0.0450,0.0500,4001,0
D,2013-08-02,0.0500,0.0500,0.0500,0.0500,0,0
D,2013-08-01,0.0500,0.0500,0.0500,0.0500,0,0
D,2013-07-31,0.0500,0.0500,0.0500,0.0500,0,0
D,2013-07-30,0.0500,0.0500,0.0500,0.0500,0,0
D,2013-07-29,0.0500,0.0500,0.0500,0.0500,0,0
D,2013-07-26,0.0500,0.0500,0.0500,0.0500,0,0
D,2013-07-25,0.0500,0.0500,0.0500,0.0500,7460,0
D,2013-07-24,0.0450,0.0450,0.0450,0.0450,0,0
D,2013-07-23,0.0450,0.0450,0.0450,0.0450,0,0
D,2013-07-22,0.0450,0.0450,0.0450,0.0450,0,0
D,2013-07-19,0.0450,0.0450,0.0450,0.0450,4750,0
D,2013-07-18,0.0500,0.0500,0.0500,0.0500,0,0
D,2013-07-17,0.0500,0.0500,0.0500,0.0500,5000,0
D,2013-07-16,0.0450,0.0450,0.0450,0.0450,0,0
D,2013-07-15,0.0450,0.0450,0.0450,0.0450,0,0
D,2013-07-12,0.0450,0.0450,0.0450,0.0450,643,0
D,2013-07-11,0.0450,0.0450,0.0450,0.0450,438,0
D,2013-07-10,0.0500,0.0500,0.0500,0.0500,0,0
D,2013-07-09,0.0450,0.0500,0.0450,0.0500,20700,0
D,2013-07-08,0.0450,0.0450,0.0450,0.0450,0,0
D,2013-07-05,0.0400,0.0450,0.0400,0.0450,21620,0
D,2013-07-04,0.0400,0.0400,0.0400,0.0400,0,0
D,2013-07-03,0.0400,0.0400,0.0400,0.0400,0,0
D,2013-07-02,0.0400,0.0400,0.0400,0.0400,1750,0
D,2013-07-01,0.0450,0.0450,0.0450,0.0450,7000,0
D,2013-06-28,0.0450,0.0500,0.0450,0.0500,4954,0
D,2013-06-27,0.0500,0.0500,0.0500,0.0500,200,0
D,2013-06-26,0.0450,0.0450,0.0450,0.0450,0,0
D,2013-06-25,0.0450,0.0450,0.0450,0.0450,0,0
D,2013-06-24,0.0450,0.0450,0.0450,0.0450,850,0
D,2013-06-21,0.0450,0.0500,0.0450,0.0500,1001,0
D,2013-06-20,0.0500,0.0500,0.0450,0.0500,4788,0
D,2013-06-19,0.0500,0.0500,0.0500,0.0500,500,0
D,2013-06-18,0.0550,0.0550,0.0550,0.0550,0,0
D,2013-06-17,0.0550,0.0550,0.0550,0.0550,0,0
D,2013-06-14,0.0550,0.0550,0.0550,0.0550,298,0
D,2013-06-13,0.0550,0.0550,0.0550,0.0550,5000,0
D,2013-06-12,0.0500,0.0500,0.0500,0.0500,100,0
D,2013-06-11,0.0550,0.0550,0.0550,0.0550,0,0
D,2013-06-10,0.0550,0.0550,0.0550,0.0550,500,0
D,2013-06-07,0.0550,0.0550,0.0550,0.0550,8631,0
D,2013-06-06,0.0500,0.0500,0.0500,0.0500,0,0
D,2013-06-05,0.0550,0.0550,0.0500,0.0500,5491,0
D,2013-06-04,0.0500,0.0500,0.0450,0.0500,1051,0
D,2013-06-03,0.0500,0.0550,0.0450,0.0550,4001,0
D,2013-05-31,0.0600,0.0600,0.0600,0.0600,0,0
D,2013-05-30,0.0600,0.0600,0.0600,0.0600,0,0
D,2013-05-29,0.0600,0.0600,0.0600,0.0600,500,0
D,2013-05-28,0.0500,0.0600,0.0500,0.0600,2001,0
D,2013-05-27,0.0550,0.0550,0.0550,0.0550,13082,0
D,2013-05-23,0.0550,0.0550,0.0550,0.0550,0,0
D,2013-05-22,0.0550,0.0550,0.0550,0.0550,2000,0
D,2013-05-21,0.0600,0.0600,0.0550,0.0600,32360,0
D,2013-05-20,0.0600,0.0650,0.0600,0.0600,8488,0
D,2013-05-17,0.0600,0.0650,0.0600,0.0650,1000,0
D,2013-05-16,0.0600,0.0600,0.0600,0.0600,3544,0
D,2013-05-15,0.0600,0.0600,0.0600,0.0600,5950,0
D,2013-05-14,0.0600,0.0600,0.0600,0.0600,7881,0
D,2013-05-13,0.0600,0.0650,0.0600,0.0650,5400,0
D,2013-05-10,0.0500,0.0600,0.0500,0.0600,2956,0
D,2013-05-09,0.0500,0.0500,0.0500,0.0500,0,0
D,2013-05-08,0.0500,0.0500,0.0500,0.0500,0,0
D,2013-05-07,0.0500,0.0500,0.0500,0.0500,0,0
D,2013-05-06,0.0500,0.0500,0.0500,0.0500,0,0
D,2013-05-03,0.0500,0.0500,0.0500,0.0500,0,0
D,2013-05-02,0.0500,0.0500,0.0500,0.0500,0,0
D,2013-04-30,0.0500,0.0500,0.0500,0.0500,0,0
D,2013-04-29,0.0500,0.0500,0.0500,0.0500,0,0
D,2013-04-26,0.0500,0.0500,0.0500,0.0500,0,0
D,2013-04-25,0.0500,0.0500,0.0500,0.0500,200,0
D,2013-04-24,0.0500,0.0500,0.0500,0.0500,800,0
D,2013-04-23,0.0550,0.0550,0.0550,0.0550,0,0
D,2013-04-22,0.0550,0.0550,0.0550,0.0550,0,0
D,2013-04-19,0.0550,0.0550,0.0550,0.0550,0,0
D,2013-04-18,0.0550,0.0550,0.0550,0.0550,0,0
D,2013-04-17,0.0550,0.0550,0.0550,0.0550,8980,0
D,2013-04-16,0.0550,0.0550,0.0550,0.0550,0,0
D,2013-04-15,0.0550,0.0550,0.0550,0.0550,0,0
D,2013-04-12,0.0550,0.0550,0.0500,0.0550,9301,0
D,2013-04-11,0.0500,0.0500,0.0500,0.0500,0,0
D,2013-04-10,0.0500,0.0500,0.0500,0.0500,0,0
D,2013-04-09,0.0500,0.0500,0.0500,0.0500,0,0
D,2013-04-08,0.0500,0.0500,0.0500,0.0500,500,0
D,2013-04-05,0.0500,0.0500,0.0500,0.0500,270,0
D,2013-04-04,0.0500,0.0500,0.0500,0.0500,100,0
D,2013-04-03,0.0650,0.0650,0.0650,0.0650,0,0
D,2013-04-02,0.0550,0.0650,0.0550,0.0650,960,0
D,2013-04-01,0.0650,0.0650,0.0650,0.0650,0,0
D,2013-03-29,0.0550,0.0650,0.0550,0.0650,4376,0
D,2013-03-28,0.0500,0.0600,0.0500,0.0600,2701,0
D,2013-03-27,0.0550,0.0600,0.0550,0.0600,5991,0
D,2013-03-26,0.0450,0.0500,0.0450,0.0500,5107,0
D,2013-03-25,0.0450,0.0450,0.0450,0.0450,0,0
D,2013-03-22,0.0450,0.0450,0.0450,0.0450,0,0
D,2013-03-21,0.0450,0.0450,0.0450,0.0450,0,0
D,2013-03-20,0.0450,0.0450,0.0450,0.0450,1253,0
D,2013-03-19,0.0400,0.0450,0.0400,0.0450,1001,0
D,2013-03-18,0.0400,0.0400,0.0400,0.0400,0,0
D,2013-03-15,0.0400,0.0400,0.0400,0.0400,120,0
D,2013-03-14,0.0400,0.0400,0.0400,0.0400,0,0
D,2013-03-13,0.0400,0.0400,0.0400,0.0400,0,0
D,2013-03-12,0.0400,0.0400,0.0400,0.0400,0,0
D,2013-03-11,0.0400,0.0400,0.0400,0.0400,150,0
D,2013-03-08,0.0450,0.0450,0.0450,0.0450,0,0
D,2013-03-07,0.0450,0.0450,0.0450,0.0450,0,0
D,2013-03-06,0.0450,0.0450,0.0400,0.0450,17603,0
D,2013-03-05,0.0400,0.0400,0.0400,0.0400,1249,0
D,2013-03-04,0.0450,0.0450,0.0450,0.0450,0,0
D,2013-03-01,0.0450,0.0450,0.0450,0.0450,0,0
D,2013-02-28,0.0450,0.0450,0.0450,0.0450,0,0
D,2013-02-27,0.0400,0.0450,0.0400,0.0450,601,0
D,2013-02-26,0.0450,0.0450,0.0450,0.0450,500,0
D,2013-02-25,0.0450,0.0450,0.0450,0.0450,0,0
D,2013-02-22,0.0450,0.0450,0.0450,0.0450,0,0
D,2013-02-21,0.0450,0.0450,0.0450,0.0450,0,0
D,2013-02-20,0.0450,0.0450,0.0450,0.0450,2090,0
D,2013-02-19,0.0450,0.0450,0.0450,0.0450,3238,0
D,2013-02-18,0.0450,0.0450,0.0450,0.0450,0,0
D,2013-02-15,0.0450,0.0450,0.0450,0.0450,5600,0
D,2013-02-14,0.0450,0.0450,0.0450,0.0450,4000,0
D,2013-02-13,0.0450,0.0500,0.0450,0.0500,4818,0
D,2013-02-08,0.0400,0.0400,0.0400,0.0400,0,0
D,2013-02-07,0.0400,0.0400,0.0400,0.0400,400,0
D,2013-02-06,0.0450,0.0450,0.0450,0.0450,1600,0
D,2013-02-05,0.0500,0.0500,0.0500,0.0500,0,0
D,2013-02-04,0.0500,0.0500,0.0500,0.0500,0,0
D,2013-01-31,0.0500,0.0500,0.0500,0.0500,0,0
D,2013-01-30,0.0500,0.0500,0.0500,0.0500,500,0
D,2013-01-29,0.0500,0.0500,0.0500,0.0500,0,0
D,2013-01-25,0.0500,0.0500,0.0500,0.0500,0,0
D,2013-01-23,0.0500,0.0500,0.0500,0.0500,1000,0
D,2013-01-22,0.0500,0.0500,0.0500,0.0500,0,0
D,2013-01-21,0.0500,0.0500,0.0450,0.0500,20943,0
D,2013-01-18,0.0500,0.0500,0.0500,0.0500,500,0
D,2013-01-17,0.0550,0.0550,0.0550,0.0550,0,0
D,2013-01-16,0.0550,0.0550,0.0550,0.0550,580,0
D,2013-01-15,0.0550,0.0550,0.0550,0.0550,0,0
D,2013-01-14,0.0550,0.0550,0.0550,0.0550,120,0
D,2013-01-11,0.0550,0.0550,0.0550,0.0550,3305,0
D,2013-01-10,0.0550,0.0550,0.0550,0.0550,1000,0
D,2013-01-09,0.0550,0.0550,0.0550,0.0550,9000,0
D,2013-01-08,0.0550,0.0550,0.0550,0.0550,4720,0
D,2013-01-07,0.0600,0.0600,0.0550,0.0600,500,0
D,2013-01-04,0.0550,0.0550,0.0550,0.0550,1000,0
D,2013-01-03,0.0550,0.0550,0.0550,0.0550,0,0
D,2013-01-02,0.0550,0.0550,0.0550,0.0550,0,0
D,2012-12-31,0.0550,0.0550,0.0550,0.0550,300,0
D,2012-12-28,0.0550,0.0550,0.0550,0.0550,2006,0
D,2012-12-27,0.0600,0.0650,0.0600,0.0600,12001,0
D,2012-12-26,0.0600,0.0650,0.0600,0.0650,2002,0
D,2012-12-24,0.0600,0.0600,0.0600,0.0600,0,0
D,2012-12-21,0.0600,0.0600,0.0600,0.0600,0,0
D,2012-12-20,0.0600,0.0600,0.0600,0.0600,0,0
D,2012-12-19,0.0600,0.0600,0.0600,0.0600,0,0
D,2012-12-18,0.0600,0.0600,0.0600,0.0600,0,0
D,2012-12-17,0.0600,0.0600,0.0600,0.0600,0,0
D,2012-12-14,0.0600,0.0600,0.0600,0.0600,0,0
D,2012-12-13,0.0600,0.0600,0.0600,0.0600,0,0
D,2012-12-12,0.0600,0.0600,0.0600,0.0600,0,0
D,2012-12-11,0.0600,0.0600,0.0600,0.0600,0,0
D,2012-12-10,0.0600,0.0600,0.0600,0.0600,25,0
D,2012-12-07,0.0550,0.0550,0.0550,0.0550,1200,0
D,2012-12-06,0.0600,0.0600,0.0500,0.0500,1050,0
D,2012-12-05,0.0550,0.0550,0.0550,0.0550,0,0
D,2012-12-04,0.0550,0.0550,0.0550,0.0550,3020,0
D,2012-12-03,0.0550,0.0550,0.0550,0.0550,5753,0
D,2012-11-30,0.0550,0.0600,0.0550,0.0550,4293,0
D,2012-11-29,0.0550,0.0550,0.0550,0.0550,0,0
D,2012-11-28,0.0500,0.0550,0.0500,0.0550,267,0
D,2012-11-27,0.0550,0.0550,0.0550,0.0550,200,0
D,2012-11-26,0.0550,0.0550,0.0500,0.0500,400,0
D,2012-11-23,0.0550,0.0550,0.0550,0.0550,0,0
D,2012-11-22,0.0550,0.0550,0.0550,0.0550,0,0
D,2012-11-21,0.0550,0.0550,0.0550,0.0550,0,0
D,2012-11-20,0.0550,0.0550,0.0550,0.0550,0,0
D,2012-11-19,0.0550,0.0550,0.0550,0.0550,0,0
D,2012-11-16,0.0550,0.0550,0.0550,0.0550,0,0
D,2012-11-14,0.0550,0.0550,0.0550,0.0550,5050,0
D,2012-11-12,0.0550,0.0550,0.0550,0.0550,1200,0
D,2012-11-09,0.0550,0.0550,0.0550,0.0550,500,0
D,2012-11-08,0.0600,0.0600,0.0550,0.0600,1051,0
D,2012-11-07,0.0600,0.0600,0.0600,0.0600,8850,0
D,2012-11-06,0.0600,0.0650,0.0600,0.0600,8251,0
D,2012-11-05,0.0600,0.0600,0.0600,0.0600,3950,0
D,2012-11-02,0.0650,0.0650,0.0600,0.0600,1950,0
D,2012-11-01,0.0600,0.0700,0.0600,0.0700,14509,0
D,2012-10-31,0.0600,0.0600,0.0600,0.0600,5004,0
D,2012-10-30,0.0600,0.0600,0.0600,0.0600,1497,0
D,2012-10-29,0.0650,0.0650,0.0600,0.0600,1680,0
D,2012-10-25,0.0600,0.0650,0.0600,0.0650,11904,0
D,2012-10-24,0.0600,0.0600,0.0600,0.0600,6500,0
D,2012-10-23,0.0600,0.0600,0.0600,0.0600,5580,0
D,2012-10-22,0.0650,0.0650,0.0650,0.0650,0,0
D,2012-10-19,0.0600,0.0650,0.0600,0.0650,20325,0
D,2012-10-18,0.0550,0.0550,0.0550,0.0550,300,0
D,2012-10-17,0.0550,0.0550,0.0550,0.0550,8541,0
D,2012-10-16,0.0500,0.0500,0.0500,0.0500,2100,0
D,2012-10-15,0.0500,0.0500,0.0500,0.0500,630,0
D,2012-10-12,0.0550,0.0550,0.0550,0.0550,0,0
D,2012-10-11,0.0500,0.0550,0.0500,0.0550,4400,0
D,2012-10-10,0.0550,0.0550,0.0550,0.0550,0,0
D,2012-10-09,0.0550,0.0550,0.0550,0.0550,552,0
D,2012-10-08,0.0600,0.0600,0.0600,0.0600,276,0
D,2012-10-05,0.0550,0.0600,0.0550,0.0600,15987,0
D,2012-10-04,0.0500,0.0500,0.0450,0.0450,6061,0
D,2012-10-03,0.0500,0.0500,0.0500,0.0500,12907,0
D,2012-05-03,0.0750,0.0800,0.0700,0.0700,36524,0
D,2012-05-02,0.0650,0.0800,0.0650,0.0800,36772,0
