D,2014-10-14,1.6500,1.6500,1.6500,1.6500,0,0
D,2014-10-13,1.6500,1.6500,1.6500,1.6500,100,0
D,2014-10-10,1.6700,1.6700,1.6700,1.6700,130,0
D,2014-10-09,1.7500,1.7500,1.7500,1.7500,0,0
D,2014-10-08,1.7000,1.7500,1.6700,1.7500,895,0
D,2014-10-07,1.7800,1.7800,1.7800,1.7800,0,0
D,2014-10-03,1.7800,1.7800,1.7800,1.7800,0,0
D,2014-10-02,1.7800,1.7800,1.7800,1.7800,0,0
D,2014-10-01,1.7800,1.7800,1.7800,1.7800,0,0
D,2014-09-30,1.7800,1.7800,1.7800,1.7800,0,0
D,2014-09-29,1.7800,1.7800,1.7800,1.7800,0,0
D,2014-09-26,1.7800,1.7800,1.7800,1.7800,0,0
D,2014-09-25,1.7800,1.7800,1.7800,1.7800,40,0
D,2014-09-24,1.7800,1.7800,1.7800,1.7800,0,0
D,2014-09-23,1.7800,1.7800,1.7800,1.7800,35,0
D,2014-09-22,1.8000,1.8000,1.8000,1.8000,0,0
D,2014-09-19,1.7000,1.8000,1.7000,1.8000,262,0
D,2014-09-18,1.7000,1.7000,1.7000,1.7000,140,0
D,2014-09-17,1.7000,1.7000,1.7000,1.7000,270,0
D,2014-09-15,1.7000,1.7100,1.7000,1.7000,338,0
D,2014-09-12,1.7000,1.7200,1.6700,1.7000,753,0
D,2014-09-11,1.7300,1.7300,1.7200,1.7200,140,0
D,2014-09-10,1.7200,1.7200,1.7200,1.7200,49,0
D,2014-09-09,1.7200,1.7300,1.7200,1.7300,287,0
D,2014-09-08,1.7000,1.7200,1.7000,1.7200,427,0
D,2014-09-05,1.7300,1.7300,1.7300,1.7300,0,0
D,2014-09-04,1.7500,1.7500,1.7300,1.7300,100,0
D,2014-09-03,1.7700,1.7800,1.7600,1.7700,220,0
D,2014-09-02,1.7400,1.7700,1.7400,1.7700,51,0
D,2014-08-29,1.7600,1.7600,1.7600,1.7600,0,0
D,2014-08-28,1.7500,1.7600,1.7500,1.7600,470,0
D,2014-08-27,1.7600,1.7600,1.7600,1.7600,80,0
D,2014-08-26,1.7600,1.7600,1.7600,1.7600,0,0
D,2014-08-25,1.7600,1.7600,1.7600,1.7600,50,0
D,2014-08-22,1.7400,1.7400,1.7400,1.7400,0,0
D,2014-08-21,1.7100,1.7500,1.7100,1.7400,131,0
D,2014-08-20,1.7300,1.7300,1.7300,1.7300,25,0
D,2014-08-19,1.6800,1.6800,1.6800,1.6800,20,0
D,2014-08-18,1.6800,1.6800,1.6800,1.6800,0,0
D,2014-08-15,1.6800,1.6800,1.6800,1.6800,71,0
D,2014-08-14,1.6900,1.6900,1.6800,1.6900,125,0
D,2014-08-13,1.6900,1.6900,1.6800,1.6800,138,0
D,2014-08-12,1.6800,1.6800,1.6800,1.6800,65,0
D,2014-08-11,1.6600,1.6600,1.6600,1.6600,20,0
D,2014-08-08,1.6700,1.6700,1.6600,1.6600,150,0
D,2014-08-07,1.6700,1.6800,1.6700,1.6800,20,0
D,2014-08-06,1.6600,1.6600,1.6600,1.6600,28,0
D,2014-08-05,1.6500,1.6500,1.6500,1.6500,100,0
D,2014-08-04,1.6500,1.6500,1.6500,1.6500,10,0
D,2014-08-01,1.6500,1.6500,1.6500,1.6500,0,0
D,2014-07-31,1.6500,1.6500,1.6500,1.6500,0,0
D,2014-07-30,1.6500,1.6500,1.6500,1.6500,0,0
D,2014-07-25,1.6500,1.6500,1.6500,1.6500,0,0
D,2014-07-24,1.6500,1.6500,1.6500,1.6500,100,0
D,2014-07-23,1.6500,1.6700,1.6500,1.6500,60,0
D,2014-07-22,1.6600,1.6600,1.6600,1.6600,0,0
D,2014-07-21,1.6600,1.6600,1.6600,1.6600,0,0
D,2014-07-18,1.6600,1.6600,1.6600,1.6600,0,0
D,2014-07-17,1.6600,1.6600,1.6600,1.6600,0,0
D,2014-07-16,1.6600,1.6600,1.6600,1.6600,0,0
D,2014-07-14,1.6600,1.6600,1.6600,1.6600,21,0
D,2014-07-11,1.6600,1.6600,1.6600,1.6600,0,0
D,2014-07-10,1.6500,1.6600,1.6500,1.6600,130,0
D,2014-07-09,1.6700,1.6700,1.6600,1.6600,190,0
D,2014-07-08,1.7000,1.7000,1.7000,1.7000,50,0
D,2014-07-07,1.7200,1.7200,1.7000,1.7000,776,0
D,2014-07-04,1.7200,1.7200,1.7200,1.7200,48,0
D,2014-07-03,1.7200,1.7800,1.7200,1.7800,31,0
D,2014-07-02,1.7800,1.7800,1.7800,1.7800,0,0
D,2014-07-01,1.7800,1.7800,1.7800,1.7800,0,0
D,2014-06-30,1.7800,1.7800,1.7800,1.7800,50,0
D,2014-06-27,1.7300,1.7300,1.7300,1.7300,11,0
D,2014-06-26,1.8000,1.8000,1.8000,1.8000,19,0
D,2014-06-25,1.8000,1.8000,1.8000,1.8000,40,0
D,2014-06-24,1.8100,1.8100,1.8000,1.8000,90,0
D,2014-06-23,1.8000,1.8700,1.8000,1.8700,127,0
D,2014-06-20,1.8700,1.8700,1.8700,1.8700,1,0
D,2014-06-19,1.8000,1.8000,1.8000,1.8000,100,0
D,2014-06-18,1.8000,1.8000,1.8000,1.8000,682,0
D,2014-06-17,1.8000,1.8300,1.7100,1.8200,574,0
D,2014-06-16,1.8000,1.8600,1.7100,1.8500,331,0
D,2014-06-13,1.8400,1.8400,1.8400,1.8400,0,0
D,2014-06-12,1.8500,1.8500,1.8400,1.8400,2,0
D,2014-06-11,1.8500,1.8500,1.8500,1.8500,0,0
D,2014-06-10,1.8500,1.8500,1.8500,1.8500,1,0
D,2014-06-09,1.7500,1.8300,1.7500,1.8300,41,0
D,2014-06-06,1.8400,1.8400,1.8400,1.8400,0,0
D,2014-06-05,1.8400,1.8400,1.8400,1.8400,1,0
D,2014-06-04,1.8700,1.8700,1.8700,1.8700,0,0
D,2014-06-03,1.7100,1.8700,1.7000,1.8700,654,0
D,2014-06-02,1.7100,1.7100,1.7100,1.7100,35,0
D,2014-05-30,1.7100,1.7100,1.7100,1.7100,10,0
D,2014-05-29,1.7100,1.7100,1.7100,1.7100,50,0
D,2014-05-28,1.7500,1.7500,1.7000,1.7000,35,0
D,2014-05-27,1.7000,1.7000,1.7000,1.7000,44,0
D,2014-05-26,1.7100,1.7900,1.7000,1.7900,257,0
D,2014-05-23,1.7000,1.7000,1.7000,1.7000,11,0
D,2014-05-22,1.7000,1.7000,1.7000,1.7000,50,0
D,2014-05-21,1.7000,1.7000,1.7000,1.7000,1972,0
D,2014-05-20,1.7000,1.7000,1.7000,1.7000,60,0
D,2014-05-19,1.7000,1.7000,1.7000,1.7000,220,0
D,2014-05-16,1.7000,1.7000,1.7000,1.7000,0,0
D,2014-05-15,1.7000,1.7000,1.7000,1.7000,410,0
D,2014-05-14,1.7000,1.7000,1.7000,1.7000,0,0
D,2014-05-12,1.7000,1.7000,1.7000,1.7000,40,0
D,2014-05-09,1.7000,1.7000,1.7000,1.7000,20,0
D,2014-05-08,1.7000,1.7000,1.7000,1.7000,30,0
D,2014-05-07,1.7100,1.7100,1.7000,1.7000,358,0
D,2014-05-06,1.7200,1.7200,1.7200,1.7200,26,0
D,2014-05-05,1.7200,1.7600,1.7200,1.7600,40,0
D,2014-05-02,1.7100,1.8000,1.7100,1.8000,30,0
D,2014-04-30,1.7800,1.8000,1.7800,1.8000,500,0
D,2014-04-29,1.7000,1.7800,1.7000,1.7800,65,0
D,2014-04-28,1.7800,1.7800,1.7800,1.7800,0,0
D,2014-04-25,1.7800,1.7800,1.7800,1.7800,0,0
D,2014-04-24,1.7800,1.7800,1.7800,1.7800,10,0
D,2014-04-23,1.7000,1.8000,1.7000,1.8000,20,0
D,2014-04-22,1.8000,1.8000,1.8000,1.8000,0,0
D,2014-04-21,1.8000,1.8000,1.8000,1.8000,0,0
D,2014-04-18,1.8000,1.8000,1.8000,1.8000,0,0
D,2014-04-17,1.8000,1.8000,1.8000,1.8000,0,0
D,2014-04-16,1.8000,1.8000,1.8000,1.8000,10,0
D,2014-04-15,1.8300,1.8300,1.8300,1.8300,14,0
D,2014-04-14,1.8300,1.8300,1.8300,1.8300,40,0
D,2014-04-11,1.8300,1.8300,1.8300,1.8300,26,0
D,2014-04-10,1.8300,1.8300,1.8300,1.8300,50,0
D,2014-04-09,1.8300,1.8300,1.8300,1.8300,10,0
D,2014-04-08,1.8600,1.8600,1.8600,1.8600,5,0
D,2014-04-07,1.8500,1.8500,1.8500,1.8500,10,0
D,2014-04-04,1.8300,1.8300,1.8300,1.8300,0,0
D,2014-04-03,1.8300,1.8300,1.8300,1.8300,0,0
D,2014-04-02,1.8300,1.8300,1.8300,1.8300,30,0
D,2014-04-01,1.8300,1.8300,1.8300,1.8300,0,0
D,2014-03-31,1.8300,1.8300,1.8300,1.8300,0,0
D,2014-03-28,1.8300,1.8300,1.8300,1.8300,43,0
D,2014-03-27,1.8200,1.8200,1.8200,1.8200,20,0
D,2014-03-26,1.8200,1.8200,1.8200,1.8200,80,0
D,2014-03-25,1.8200,1.8200,1.8200,1.8200,95,0
D,2014-03-24,1.8200,1.8200,1.8000,1.8000,51,0
D,2014-03-21,1.8000,1.8000,1.8000,1.8000,137,0
D,2014-03-20,1.8100,1.8100,1.8000,1.8000,130,0
D,2014-03-19,1.8000,1.8100,1.8000,1.8000,103,0
D,2014-03-18,1.8000,1.8000,1.8000,1.8000,74,0
D,2014-03-17,1.8000,1.8000,1.8000,1.8000,376,0
D,2014-03-14,1.8000,1.8000,1.8000,1.8000,197,0
D,2014-03-13,1.8000,1.8000,1.8000,1.8000,0,0
D,2014-03-12,1.8000,1.8000,1.8000,1.8000,0,0
D,2014-03-11,1.8000,1.8000,1.8000,1.8000,0,0
D,2014-03-10,1.8000,1.8000,1.8000,1.8000,0,0
D,2014-03-07,1.8000,1.8000,1.8000,1.8000,80,0
D,2014-03-06,1.8300,1.8300,1.8300,1.8300,10,0
D,2014-03-05,1.8000,1.8000,1.8000,1.8000,128,0
D,2014-03-04,1.9000,1.9000,1.9000,1.9000,0,0
D,2014-03-03,1.9000,1.9000,1.9000,1.9000,0,0
D,2014-02-28,1.9000,1.9000,1.9000,1.9000,0,0
D,2014-02-27,1.9000,1.9000,1.9000,1.9000,0,0
D,2014-02-26,1.9000,1.9000,1.9000,1.9000,30,0
D,2014-02-25,1.8200,1.9000,1.8200,1.9000,100,0
D,2014-02-24,1.8000,1.8500,1.8000,1.8200,1184,0
D,2014-02-21,1.8700,1.8700,1.8000,1.8100,1819,0
D,2014-02-20,1.6700,1.8600,1.6700,1.8600,1847,0
D,2014-02-19,1.6700,1.6700,1.6700,1.6700,0,0
D,2014-02-18,1.6500,1.6700,1.6400,1.6700,512,0
D,2014-02-17,1.6100,1.6100,1.6100,1.6100,15,0
D,2014-02-14,1.6100,1.6400,1.6100,1.6400,110,0
D,2014-02-13,1.6000,1.6000,1.6000,1.6000,0,0
D,2014-02-12,1.6100,1.6100,1.6000,1.6000,80,0
D,2014-02-11,1.6000,1.6000,1.6000,1.6000,10,0
D,2014-02-10,1.6000,1.6000,1.6000,1.6000,156,0
D,2014-02-07,1.6200,1.6200,1.6200,1.6200,1356,0
D,2014-02-06,1.6000,1.6000,1.6000,1.6000,0,0
D,2014-02-05,1.6000,1.6000,1.6000,1.6000,504,0
D,2014-02-04,1.6100,1.6100,1.6000,1.6000,761,0
D,2014-01-30,1.6000,1.6000,1.6000,1.6000,100,0
D,2014-01-29,1.6000,1.6000,1.6000,1.6000,0,0
D,2014-01-28,1.6000,1.6000,1.6000,1.6000,0,0
D,2014-01-27,1.6200,1.6200,1.6000,1.6000,1179,0
D,2014-01-24,1.6100,1.6300,1.6100,1.6100,401,0
D,2014-01-23,1.6500,1.6500,1.6000,1.6400,260,0
D,2014-01-22,1.6000,1.6400,1.6000,1.6400,200,0
D,2014-01-21,1.6400,1.6500,1.6400,1.6500,88,0
D,2014-01-20,1.6000,1.6000,1.6000,1.6000,63,0
D,2014-01-16,1.6100,1.6400,1.6000,1.6400,86,0
D,2014-01-15,1.6000,1.6500,1.6000,1.6400,94,0
D,2014-01-13,1.6400,1.6400,1.6400,1.6400,0,0
D,2014-01-10,1.6400,1.6400,1.6400,1.6400,1,0
D,2014-01-09,1.6000,1.6500,1.6000,1.6500,180,0
D,2014-01-08,1.6000,1.6500,1.6000,1.6400,662,0
D,2014-01-07,1.6000,1.6000,1.6000,1.6000,11,0
D,2014-01-06,1.6000,1.6000,1.6000,1.6000,0,0
D,2014-01-03,1.6000,1.6000,1.6000,1.6000,1,0
D,2014-01-02,1.6000,1.6000,1.6000,1.6000,0,0
D,2013-12-31,1.6000,1.6000,1.6000,1.6000,0,0
D,2013-12-30,1.6000,1.6000,1.6000,1.6000,0,0
D,2013-12-27,1.5300,1.6000,1.5300,1.6000,55,0
D,2013-12-26,1.5800,1.7000,1.5800,1.5900,675,0
D,2013-12-24,1.5300,1.5900,1.5300,1.5900,23,0
D,2013-12-23,1.5900,1.5900,1.5900,1.5900,0,0
D,2013-12-20,1.5900,1.5900,1.5900,1.5900,0,0
D,2013-12-19,1.5200,1.6000,1.5200,1.5900,458,0
D,2013-12-18,1.5400,1.5400,1.5400,1.5400,0,0
D,2013-12-17,1.5100,1.5400,1.5100,1.5400,43,0
D,2013-12-16,1.5400,1.5400,1.5400,1.5400,0,0
D,2013-12-13,1.5400,1.5400,1.5400,1.5400,0,0
D,2013-12-12,1.4800,1.5400,1.4800,1.5400,5,0
D,2013-12-11,1.5400,1.5400,1.5400,1.5400,0,0
D,2013-12-10,1.5400,1.5400,1.5400,1.5400,105,0
D,2013-12-09,1.5400,1.5400,1.5400,1.5400,20,0
D,2013-12-06,1.4800,1.4800,1.4800,1.4800,5,0
D,2013-12-05,1.5400,1.5400,1.5400,1.5400,60,0
D,2013-12-04,1.5400,1.5400,1.5400,1.5400,0,0
D,2013-12-03,1.5400,1.5400,1.5400,1.5400,0,0
D,2013-12-02,1.5400,1.5400,1.5400,1.5400,25,0
D,2013-11-29,1.5400,1.5400,1.5400,1.5400,13,0
D,2013-11-28,1.6100,1.6100,1.6100,1.6100,0,0
D,2013-11-27,1.6100,1.6100,1.6100,1.6100,75,0
D,2013-11-26,1.6000,1.6000,1.6000,1.6000,60,0
D,2013-11-25,1.6100,1.6100,1.5600,1.6000,167,0
D,2013-11-22,1.5600,1.5600,1.5600,1.5600,0,0
D,2013-11-21,1.5600,1.5600,1.5600,1.5600,10,0
D,2013-11-20,1.5600,1.5600,1.5600,1.5600,0,0
D,2013-11-19,1.5600,1.5600,1.5600,1.5600,0,0
D,2013-11-18,1.5600,1.5600,1.5600,1.5600,0,0
D,2013-11-15,1.5600,1.5600,1.5600,1.5600,0,0
D,2013-11-14,1.6400,1.6400,1.5600,1.5600,86,0
D,2013-11-13,1.6100,1.6200,1.6100,1.6100,297,0
D,2013-11-12,1.6000,1.6200,1.5700,1.6100,572,0
D,2013-11-11,1.6100,1.6200,1.6100,1.6100,681,0
D,2013-11-08,1.5500,1.6200,1.5500,1.6000,1369,0
D,2013-11-07,1.5900,1.6000,1.5900,1.6000,113,0
D,2013-11-06,1.5900,1.5900,1.5900,1.5900,1,0
D,2013-11-04,1.6000,1.6000,1.6000,1.6000,0,0
D,2013-11-01,1.5500,1.6000,1.5500,1.6000,84,0
D,2013-10-31,1.5700,1.6000,1.5700,1.6000,10,0
D,2013-10-30,1.6000,1.6000,1.5900,1.6000,330,0
D,2013-10-29,1.5400,1.5400,1.5400,1.5400,0,0
D,2013-10-28,1.5400,1.6100,1.5400,1.5400,46,0
D,2013-10-25,1.6200,1.6200,1.6200,1.6200,0,0
D,2013-10-24,1.6200,1.6200,1.6200,1.6200,0,0
D,2013-10-23,1.6200,1.6200,1.6200,1.6200,0,0
D,2013-10-22,1.6200,1.6200,1.6200,1.6200,447,0
D,2013-10-21,1.6100,1.6200,1.6100,1.6200,111,0
D,2013-10-18,1.6100,1.6100,1.6100,1.6100,0,0
D,2013-10-17,1.6200,1.6200,1.6100,1.6100,30,0
D,2013-10-16,1.6000,1.6000,1.6000,1.6000,88,0
D,2013-10-14,1.6300,1.6400,1.6300,1.6400,71,0
D,2013-10-11,1.6400,1.6400,1.6400,1.6400,0,0
D,2013-10-10,1.6300,1.6400,1.6300,1.6400,212,0
D,2013-10-09,1.6100,1.6500,1.6100,1.6500,254,0
D,2013-10-08,1.6100,1.6500,1.6100,1.6500,2059,0
D,2013-10-07,1.6100,1.6100,1.6000,1.6100,455,0
D,2013-10-04,1.5700,1.6100,1.5700,1.6100,271,0
D,2013-10-03,1.5600,1.5700,1.5500,1.5700,167,0
D,2013-10-02,1.5600,1.5700,1.5600,1.5600,141,0
D,2013-10-01,1.5500,1.5600,1.5500,1.5500,251,0
D,2013-09-30,1.5500,1.5500,1.5500,1.5500,577,0
D,2013-09-27,1.5500,1.5700,1.5500,1.5500,533,0
D,2013-09-26,1.5400,1.5400,1.5400,1.5400,20,0
D,2013-09-25,1.5100,1.5200,1.5000,1.5200,898,0
D,2013-09-24,1.5100,1.5200,1.5000,1.5200,271,0
D,2013-09-23,1.5100,1.5100,1.5000,1.5000,140,0
D,2013-09-20,1.5100,1.5100,1.5100,1.5100,498,0
D,2013-09-19,1.5000,1.5100,1.5000,1.5100,365,0
D,2013-09-18,1.5000,1.5000,1.5000,1.5000,600,0
D,2013-09-17,1.4800,1.4900,1.4800,1.4900,80,0
D,2013-09-13,1.4800,1.4800,1.4800,1.4800,770,0
D,2013-09-12,1.4300,1.4800,1.4300,1.4800,117,0
D,2013-09-11,1.4400,1.4400,1.4400,1.4400,74,0
D,2013-09-10,1.4800,1.4800,1.4400,1.4400,951,0
D,2013-09-09,1.4600,1.4900,1.4600,1.4900,250,0
D,2013-09-06,1.4600,1.4600,1.4500,1.4600,100,0
D,2013-09-05,1.4500,1.4500,1.4500,1.4500,60,0
D,2013-09-04,1.4400,1.4500,1.4200,1.4500,810,0
D,2013-09-03,1.4400,1.4700,1.4400,1.4700,60,0
D,2013-09-02,1.4600,1.4700,1.4400,1.4700,720,0
D,2013-08-30,1.4700,1.4800,1.4700,1.4800,671,0
D,2013-08-29,1.5300,1.5300,1.4600,1.4700,1251,0
D,2013-08-28,1.3500,1.4600,1.3500,1.4600,180,0
D,2013-08-27,1.4700,1.4700,1.4200,1.4600,2164,0
D,2013-08-26,1.4700,1.5500,1.4500,1.4700,2221,0
D,2013-08-23,1.4700,1.4700,1.4700,1.4700,10,0
D,2013-08-22,1.4400,1.4400,1.4400,1.4400,0,0
D,2013-08-21,1.4600,1.4600,1.4100,1.4400,240,0
D,2013-08-20,1.4700,1.4700,1.4600,1.4600,170,0
D,2013-08-19,1.4800,1.4800,1.4700,1.4700,140,0
D,2013-08-16,1.4400,1.4600,1.4400,1.4600,16050,0
D,2013-08-15,1.4500,1.4500,1.4500,1.4500,286,0
D,2013-08-14,1.4700,1.4700,1.4500,1.4500,681,0
D,2013-08-13,1.4500,1.4700,1.4500,1.4600,1236,0
D,2013-08-12,1.4500,1.4500,1.4500,1.4500,50,0
D,2013-08-07,1.4800,1.4800,1.4800,1.4800,0,0
D,2013-08-06,1.4000,1.5300,1.4000,1.4800,2343,0
D,2013-08-05,1.3900,1.3900,1.3900,1.3900,0,0
D,2013-08-02,1.3900,1.3900,1.3900,1.3900,0,0
D,2013-08-01,1.3900,1.3900,1.3900,1.3900,65,0
D,2013-07-31,1.3800,1.4000,1.3800,1.3900,1291,0
D,2013-07-30,1.4000,1.4000,1.4000,1.4000,70,0
D,2013-07-29,1.4000,1.4000,1.3700,1.4000,1030,0
D,2013-07-26,1.4400,1.4400,1.4400,1.4400,0,0
D,2013-07-25,1.4000,1.4400,1.4000,1.4400,53,0
D,2013-07-24,1.4500,1.4500,1.4400,1.4400,85,0
D,2013-07-23,1.4400,1.4400,1.4400,1.4400,50,0
D,2013-07-22,1.4200,1.4300,1.4100,1.4100,340,0
D,2013-07-19,1.4300,1.4300,1.4300,1.4300,100,0
D,2013-07-18,1.4100,1.4500,1.4100,1.4500,30,0
D,2013-07-17,1.4100,1.4100,1.3900,1.4100,120,0
D,2013-07-16,1.4600,1.4600,1.4600,1.4600,50,0
D,2013-07-15,1.4300,1.4700,1.4200,1.4700,98,0
D,2013-07-12,1.4500,1.4500,1.4500,1.4500,0,0
D,2013-07-11,1.4500,1.4500,1.4500,1.4500,5,0
D,2013-07-10,1.4100,1.4400,1.4100,1.4400,14,0
D,2013-07-09,1.4100,1.4300,1.4000,1.4000,1754,0
D,2013-07-08,1.4000,1.5000,1.4000,1.5000,115,0
D,2013-07-05,1.4000,1.4200,1.4000,1.4000,812,0
D,2013-07-04,1.4300,1.4300,1.4300,1.4300,10,0
D,2013-07-03,1.4000,1.4000,1.4000,1.4000,0,0
D,2013-07-02,1.4200,1.4200,1.4000,1.4000,369,0
D,2013-07-01,1.4100,1.4100,1.4000,1.4000,1160,0
D,2013-06-28,1.4200,1.4300,1.4100,1.4100,128,0
D,2013-06-27,1.4000,1.4300,1.4000,1.4300,1800,0
D,2013-06-26,1.4300,1.4300,1.4300,1.4300,5,0
D,2013-06-25,1.3400,1.3400,1.3000,1.3200,617,0
D,2013-06-24,1.3600,1.3600,1.3000,1.3400,519,0
D,2013-06-21,1.3400,1.3800,1.3400,1.3700,538,0
D,2013-06-20,1.3800,1.3800,1.3600,1.3800,234,0
D,2013-06-19,1.3600,1.3800,1.3500,1.3800,273,0
D,2013-06-18,1.3800,1.3800,1.3800,1.3800,50,0
D,2013-06-17,1.3800,1.4400,1.3800,1.4000,210,0
D,2013-06-14,1.3400,1.3500,1.3400,1.3400,180,0
D,2013-06-13,1.3900,1.3900,1.3400,1.3400,480,0
D,2013-06-12,1.4000,1.4100,1.4000,1.4000,333,0
D,2013-06-11,1.4400,1.4400,1.4100,1.4100,922,0
D,2013-06-10,1.4000,1.4500,1.4000,1.4400,781,0
D,2013-06-07,1.4600,1.4700,1.4000,1.4000,1503,0
D,2013-06-06,1.4600,1.4600,1.4500,1.4500,170,0
D,2013-06-05,1.4900,1.4900,1.4200,1.4200,1686,0
D,2013-06-04,1.4900,1.5000,1.4500,1.4700,2392,0
D,2013-06-03,1.4000,1.4000,1.4000,1.4000,70,0
D,2013-05-31,1.5000,1.5000,1.5000,1.5000,0,0
D,2013-05-30,1.5000,1.5000,1.5000,1.5000,0,0
D,2013-05-29,1.4900,1.5000,1.4800,1.5000,537,0
D,2013-05-28,1.4900,1.4900,1.4900,1.4900,7,0
D,2013-05-27,1.4700,1.4700,1.4700,1.4700,0,0
D,2013-05-23,1.4700,1.4800,1.4700,1.4700,15,0
D,2013-05-22,1.4500,1.4700,1.4500,1.4600,140,0
D,2013-05-21,1.4500,1.4700,1.4500,1.4600,490,0
D,2013-05-20,1.4200,1.4900,1.4200,1.4500,674,0
D,2013-05-17,1.3500,1.4000,1.3500,1.3900,513,0
D,2013-05-16,1.3300,1.3400,1.3300,1.3400,379,0
D,2013-05-15,1.3300,1.3300,1.3200,1.3300,200,0
D,2013-05-14,1.3400,1.3400,1.3400,1.3400,150,0
D,2013-05-13,1.3500,1.3700,1.3400,1.3700,417,0
D,2013-05-10,1.2800,1.3500,1.2800,1.3500,291,0
D,2013-05-09,1.2500,1.2500,1.2500,1.2500,354,0
D,2013-05-08,1.2800,1.2800,1.2500,1.2500,204,0
D,2013-05-07,1.2500,1.2800,1.2500,1.2800,127,0
D,2013-05-06,1.2700,1.2700,1.2500,1.2500,128,0
D,2013-05-03,1.2500,1.2500,1.2100,1.2500,361,0
D,2013-05-02,1.2600,1.2800,1.2600,1.2600,1772,0
D,2013-04-30,1.2500,1.2500,1.2200,1.2200,73,0
D,2013-04-29,1.2800,1.2800,1.2400,1.2400,675,0
D,2013-04-26,1.2800,1.3000,1.2800,1.3000,206,0
D,2013-04-25,1.2700,1.2800,1.2700,1.2800,269,0
D,2013-04-24,1.2800,1.3000,1.2700,1.2900,648,0
D,2013-04-23,1.2700,1.2700,1.2700,1.2700,275,0
D,2013-04-22,1.2900,1.2900,1.2900,1.2900,0,0
D,2013-04-19,1.2700,1.3000,1.2600,1.2900,1489,0
D,2013-04-18,1.2500,1.2700,1.2400,1.2700,1918,0
D,2013-04-17,1.2300,1.2500,1.1900,1.2500,1189,0
D,2013-04-16,1.2300,1.2300,1.1800,1.2000,581,0
D,2013-04-15,1.2400,1.2400,1.2000,1.2000,91,0
D,2013-04-12,1.2200,1.2400,1.2100,1.2100,477,0
D,2013-04-11,1.2500,1.2500,1.2000,1.2300,170,0
D,2013-04-10,1.2500,1.2500,1.2100,1.2200,541,0
D,2013-04-09,1.2500,1.2500,1.2500,1.2500,3,0
D,2013-04-08,1.2300,1.2300,1.2100,1.2300,240,0
D,2013-04-05,1.2000,1.2500,1.2000,1.2500,334,0
D,2013-04-04,1.1900,1.2100,1.1900,1.2000,1075,0
D,2013-04-03,1.1700,1.2000,1.1700,1.2000,370,0
D,2013-04-02,1.1600,1.2300,1.1600,1.1700,222,0
D,2013-04-01,1.1600,1.1600,1.1500,1.1600,287,0
D,2013-03-29,1.1700,1.1700,1.1500,1.1500,194,0
D,2013-03-28,1.1600,1.1600,1.1500,1.1500,271,0
D,2013-03-27,1.1500,1.1500,1.1500,1.1500,30,0
D,2013-03-26,1.2000,1.2000,1.1500,1.1500,442,0
D,2013-03-25,1.1600,1.2000,1.1500,1.1900,857,0
D,2013-03-22,1.1200,1.1500,1.1200,1.1500,804,0
D,2013-03-21,1.1000,1.1000,1.1000,1.1000,38,0
D,2013-03-20,1.1000,1.1000,1.1000,1.1000,0,0
D,2013-03-19,1.1000,1.1000,1.1000,1.1000,197,0
D,2013-03-18,1.1000,1.1000,1.0900,1.1000,286,0
D,2013-03-15,1.1000,1.1000,1.1000,1.1000,600,0
D,2013-03-14,1.1000,1.1000,1.1000,1.1000,150,0
D,2013-03-13,1.0900,1.1000,1.0900,1.1000,656,0
D,2013-03-12,1.0900,1.1000,1.0900,1.1000,76,0
D,2013-03-11,1.1100,1.1100,1.0900,1.1100,1001,0
D,2013-03-08,1.0500,1.1800,1.0400,1.1100,2226,0
D,2013-03-07,1.0200,1.0300,1.0200,1.0300,403,0
D,2013-03-06,1.0200,1.0200,1.0200,1.0200,490,0
D,2013-03-05,1.0100,1.0200,1.0100,1.0200,139,0
D,2013-03-04,1.0100,1.0100,1.0100,1.0100,50,0
D,2013-03-01,1.0100,1.0100,1.0100,1.0100,419,0
D,2013-02-28,1.0100,1.0100,1.0100,1.0100,210,0
D,2013-02-27,1.0100,1.0100,1.0100,1.0100,153,0
D,2013-02-26,1.0100,1.0100,1.0100,1.0100,0,0
D,2013-02-25,1.0100,1.0100,1.0100,1.0100,124,0
D,2013-02-22,1.0100,1.0200,1.0100,1.0100,640,0
D,2013-02-21,1.0100,1.0100,1.0000,1.0100,980,0
D,2013-02-20,1.0100,1.0100,1.0000,1.0100,870,0
D,2013-02-19,1.0000,1.0100,1.0000,1.0100,1510,0
D,2013-02-18,1.0100,1.0100,1.0100,1.0100,245,0
D,2013-02-15,1.0100,1.0100,1.0100,1.0100,250,0
D,2013-02-14,1.0100,1.0100,1.0100,1.0100,0,0
D,2013-02-13,1.0100,1.0100,1.0100,1.0100,0,0
D,2013-02-08,1.0100,1.0100,1.0100,1.0100,0,0
D,2013-02-07,1.0000,1.0100,1.0000,1.0100,659,0
D,2013-02-06,1.0000,1.0000,0.9950,0.9950,401,0
D,2013-02-05,1.0000,1.0000,1.0000,1.0000,450,0
D,2013-02-04,1.0000,1.0000,1.0000,1.0000,2375,0
D,2013-01-31,1.0000,1.0000,1.0000,1.0000,432,0
D,2013-01-30,1.0000,1.0000,1.0000,1.0000,397,0
D,2013-01-29,1.0000,1.0100,1.0000,1.0000,348,0
D,2013-01-25,0.9900,1.0000,0.9900,0.9900,167,0
D,2013-01-23,0.9900,0.9900,0.9900,0.9900,70,0
D,2013-01-22,0.9900,0.9900,0.9900,0.9900,1169,0
D,2013-01-21,1.0000,1.0000,0.9850,0.9900,5131,0
D,2013-01-18,0.9900,1.0000,0.9900,1.0000,1037,0
D,2013-01-17,0.9900,0.9950,0.9900,0.9950,35,0
D,2013-01-16,0.9900,0.9950,0.9900,0.9950,643,0
D,2013-01-15,1.0000,1.0000,0.9950,1.0000,171,0
D,2013-01-14,1.0000,1.0100,1.0000,1.0100,99,0
D,2013-01-11,0.9900,1.0000,0.9900,1.0000,696,0
D,2013-01-10,0.9900,0.9900,0.9900,0.9900,724,0
D,2013-01-09,0.9950,1.0000,0.9900,0.9900,176,0
D,2013-01-08,1.0000,1.0100,0.9900,1.0000,1191,0
D,2013-01-07,1.0000,1.0000,0.9700,0.9950,1829,0
D,2013-01-04,0.9800,1.0000,0.9800,0.9950,2001,0
D,2013-01-03,0.9500,0.9950,0.9500,0.9800,106,0
D,2013-01-02,0.9300,0.9400,0.9300,0.9400,222,0
D,2012-12-31,0.9500,0.9500,0.9500,0.9500,94,0
D,2012-12-28,0.9500,0.9500,0.9500,0.9500,13,0
D,2012-12-27,0.9500,0.9500,0.9500,0.9500,0,0
D,2012-12-26,0.9500,0.9500,0.9500,0.9500,12,0
D,2012-12-24,0.9400,0.9500,0.9350,0.9500,1331,0
D,2012-12-21,0.9300,0.9400,0.9300,0.9400,742,0
D,2012-12-20,0.9300,0.9400,0.9300,0.9400,304,0
D,2012-12-19,0.9300,0.9300,0.9300,0.9300,127,0
D,2012-12-18,0.9200,0.9200,0.9200,0.9200,0,0
D,2012-12-17,0.9200,0.9200,0.9200,0.9200,0,0
D,2012-12-14,0.9200,0.9200,0.9200,0.9200,0,0
D,2012-12-13,0.9200,0.9200,0.9200,0.9200,0,0
D,2012-12-12,0.9200,0.9400,0.9200,0.9200,250,0
D,2012-12-11,0.9500,0.9500,0.9100,0.9500,80,0
D,2012-12-10,0.9300,0.9450,0.9300,0.9450,83,0
D,2012-12-07,0.9500,0.9500,0.9500,0.9500,0,0
D,2012-12-06,0.9300,0.9500,0.9300,0.9500,50,0
D,2012-12-05,0.9300,0.9500,0.9300,0.9500,196,0
D,2012-12-04,0.9300,1.0000,0.9250,1.0000,77,0
D,2012-12-03,0.9100,0.9400,0.9100,0.9400,264,0
D,2012-11-30,0.9750,0.9750,0.9750,0.9750,0,0
D,2012-11-29,0.9750,0.9750,0.9750,0.9750,0,0
D,2012-11-28,0.9750,0.9750,0.9750,0.9750,0,0
D,2012-11-27,1.0000,1.0000,1.0000,1.0000,0,0
D,2012-11-26,1.0000,1.0000,1.0000,1.0000,0,0
D,2012-11-23,1.0000,1.0000,1.0000,1.0000,0,0
D,2012-11-22,1.0000,1.0000,1.0000,1.0000,0,0
D,2012-11-21,0.9600,1.0000,0.9350,1.0000,71,0
D,2012-11-20,0.9500,0.9600,0.9400,0.9500,226,0
D,2012-11-19,0.9500,0.9500,0.9500,0.9500,455,0
D,2012-11-16,0.9500,0.9500,0.9500,0.9500,10,0
D,2012-11-14,0.9500,0.9500,0.9500,0.9500,0,0
D,2012-11-12,0.9500,0.9500,0.9500,0.9500,10,0
D,2012-11-09,0.9450,0.9500,0.9450,0.9500,776,0
D,2012-11-08,0.9400,0.9450,0.9400,0.9450,31,0
D,2012-11-07,0.9500,0.9500,0.9500,0.9500,20,0
D,2012-11-06,0.9500,0.9500,0.9500,0.9500,10,0
D,2012-11-05,0.9500,0.9500,0.9500,0.9500,95,0
D,2012-11-02,0.9400,0.9500,0.9300,0.9450,925,0
D,2012-11-01,0.9300,0.9300,0.9300,0.9300,2,0
D,2012-10-31,0.9300,0.9300,0.9300,0.9300,0,0
D,2012-10-30,0.9300,0.9300,0.9200,0.9300,247,0
D,2012-10-29,0.9400,0.9400,0.9300,0.9300,135,0
D,2012-10-25,0.9300,0.9300,0.9300,0.9300,0,0
D,2012-10-24,0.9300,0.9300,0.9300,0.9300,0,0
D,2012-10-23,0.8950,0.9300,0.8950,0.9300,63,0
D,2012-10-22,0.9300,0.9300,0.9300,0.9300,0,0
D,2012-10-19,0.9300,0.9300,0.9300,0.9300,0,0
D,2012-10-18,0.9300,0.9300,0.9300,0.9300,0,0
D,2012-10-17,0.9300,0.9300,0.9300,0.9300,0,0
D,2012-10-16,0.9000,0.9300,0.9000,0.9300,32,0
D,2012-10-15,0.9400,0.9400,0.9400,0.9400,0,0
D,2012-10-12,0.9400,0.9400,0.9400,0.9400,0,0
D,2012-10-11,0.9000,0.9400,0.8900,0.9400,862,0
D,2012-10-10,0.9100,0.9100,0.9100,0.9100,30,0
D,2012-10-09,0.9100,0.9100,0.9100,0.9100,426,0
D,2012-10-08,0.8950,0.9100,0.8950,0.9100,50,0
D,2012-10-05,0.9100,0.9200,0.9100,0.9100,750,0
D,2012-10-04,0.8900,0.9100,0.8900,0.9100,112,0
D,2012-10-03,0.9100,0.9100,0.9100,0.9100,0,0
D,2012-05-03,0.8800,0.8900,0.8800,0.8900,30,0
D,2012-05-02,0.9050,0.9050,0.9050,0.9050,0,0
