D,2014-10-14,12.6000,12.6200,12.5800,12.5800,2020,0
D,2014-10-13,12.7000,12.7200,12.6000,12.6000,1390,0
D,2014-10-10,12.7000,12.7400,12.6400,12.6600,453,0
D,2014-10-09,12.6600,12.7200,12.6600,12.7000,762,0
D,2014-10-08,12.7800,12.7800,12.6400,12.6600,696,0
D,2014-10-07,12.8400,12.8400,12.6800,12.7800,230,0
D,2014-10-03,12.8000,12.8200,12.7600,12.8200,818,0
D,2014-10-02,12.7600,12.8200,12.7200,12.7600,329,0
D,2014-10-01,12.8200,12.8200,12.7600,12.7600,580,0
D,2014-09-30,12.9200,12.9200,12.8000,12.8200,3562,0
D,2014-09-29,12.9600,12.9600,12.9000,12.9000,192,0
D,2014-09-26,12.9600,12.9600,12.9400,12.9400,374,0
D,2014-09-25,13.0000,13.0000,12.9600,12.9800,376,0
D,2014-09-24,12.8800,12.9400,12.8800,12.9000,435,0
D,2014-09-23,12.8800,12.9800,12.8800,12.9400,100,0
D,2014-09-22,12.9200,12.9200,12.8800,12.8800,237,0
D,2014-09-19,13.0000,13.0000,12.8600,12.9200,571,0
D,2014-09-18,12.9600,12.9600,12.8200,12.8600,1212,0
D,2014-09-17,13.0800,13.1000,12.9800,12.9800,1366,0
D,2014-09-15,13.1000,13.1200,13.0800,13.0800,613,0
D,2014-09-12,13.1800,13.2000,13.1000,13.1200,337,0
D,2014-09-11,13.1000,13.1800,13.0800,13.1800,1310,0
D,2014-09-10,13.1400,13.2000,13.0800,13.1000,408,0
D,2014-09-09,13.1400,13.2000,13.0600,13.0800,998,0
D,2014-09-08,13.2000,13.2000,13.0600,13.0600,1876,0
D,2014-09-05,13.3000,13.3000,13.1600,13.2000,4145,0
D,2014-09-04,13.4200,13.4200,13.2000,13.2200,5831,0
D,2014-09-03,13.3200,13.5800,13.2400,13.4400,379,0
D,2014-09-02,13.3800,13.3800,13.3200,13.3200,136,0
D,2014-08-29,13.5000,13.5000,13.3400,13.4000,413,0
D,2014-08-28,13.4600,13.5000,13.4600,13.5000,215,0
D,2014-08-27,13.4800,13.4800,13.4400,13.4800,624,0
D,2014-08-26,13.6000,13.6000,13.4600,13.5000,665,0
D,2014-08-25,13.5000,13.5800,13.5000,13.5200,611,0
D,2014-08-22,13.5400,13.6200,13.3600,13.5000,1396,0
D,2014-08-21,13.3400,13.3600,13.2600,13.2800,1079,0
D,2014-08-20,13.3400,13.3600,13.3000,13.3600,869,0
D,2014-08-19,13.3000,13.3400,13.3000,13.3400,210,0
D,2014-08-18,13.3000,13.3200,13.2800,13.3000,400,0
D,2014-08-15,13.3200,13.3200,13.2600,13.3000,592,0
D,2014-08-14,13.3800,13.4000,13.3000,13.3000,398,0
D,2014-08-13,13.3800,13.4200,13.3400,13.3800,287,0
D,2014-08-12,13.3800,13.4800,13.3600,13.3600,558,0
D,2014-08-11,13.4000,13.4000,13.3200,13.3800,508,0
D,2014-08-08,13.5000,13.5000,13.3400,13.4000,907,0
D,2014-08-07,13.4400,13.4400,13.4200,13.4200,274,0
D,2014-08-06,13.4600,13.5000,13.4400,13.4400,144,0
D,2014-08-05,13.5400,13.5400,13.4200,13.4200,605,0
D,2014-08-04,13.5200,13.6000,13.5000,13.5400,354,0
D,2014-08-01,13.5200,13.6000,13.5200,13.5600,89,0
D,2014-07-31,13.6000,13.6000,13.5000,13.5200,211,0
D,2014-07-30,13.7000,13.7000,13.6000,13.6600,56,0
D,2014-07-25,13.7200,13.7200,13.6600,13.6800,87,0
D,2014-07-24,13.6600,13.7200,13.6600,13.7200,517,0
D,2014-07-23,13.6800,13.7200,13.6600,13.6600,223,0
D,2014-07-22,13.6800,13.7200,13.6000,13.6600,115,0
D,2014-07-21,13.6000,13.6600,13.6000,13.6200,76,0
D,2014-07-18,13.6000,13.6200,13.6000,13.6000,151,0
D,2014-07-17,13.8200,13.8200,13.6000,13.6200,329,0
D,2014-07-16,13.7800,13.8600,13.7600,13.8200,332,0
D,2014-07-14,13.4600,13.7800,13.4600,13.7800,4831,0
D,2014-07-11,13.4200,13.4800,13.4000,13.4600,214,0
D,2014-07-10,13.3600,13.4600,13.3400,13.4000,795,0
D,2014-07-09,13.3000,13.3600,13.2400,13.3400,656,0
D,2014-07-08,13.2600,13.3600,13.2600,13.3200,255,0
D,2014-07-07,13.2400,13.2800,13.2200,13.2600,540,0
D,2014-07-04,13.1800,13.2400,13.1400,13.2200,370,0
D,2014-07-03,13.1600,13.1800,13.1600,13.1800,1325,0
D,2014-07-02,13.1200,13.1800,13.1200,13.1600,535,0
D,2014-07-01,13.1400,13.1800,13.1200,13.1400,431,0
D,2014-06-30,13.2000,13.2000,13.1200,13.1400,745,0
D,2014-06-27,13.2400,13.2800,13.2000,13.2400,214,0
D,2014-06-26,13.2600,13.2600,13.2400,13.2400,132,0
D,2014-06-25,13.2800,13.2800,13.2400,13.2400,237,0
D,2014-06-24,13.2400,13.2800,13.2400,13.2800,380,0
D,2014-06-23,13.3000,13.3600,13.2000,13.2400,194,0
D,2014-06-20,13.3200,13.3600,13.3000,13.3000,1337,0
D,2014-06-19,13.3200,13.3600,13.3000,13.3000,519,0
D,2014-06-18,13.3400,13.3800,13.3400,13.3400,345,0
D,2014-06-17,13.3800,13.3800,13.3000,13.3600,1186,0
D,2014-06-16,13.1200,13.2400,13.1200,13.2200,774,0
D,2014-06-13,13.2000,13.2000,13.1200,13.1200,1870,0
D,2014-06-12,13.2600,13.2600,13.1800,13.1800,1121,0
D,2014-06-11,13.4200,13.4200,13.2400,13.2600,1459,0
D,2014-06-10,13.3600,13.4000,13.3600,13.3600,169,0
D,2014-06-09,13.3400,13.4200,13.3400,13.3600,351,0
D,2014-06-06,13.3800,13.4000,13.3400,13.3400,556,0
D,2014-06-05,13.3800,13.4600,13.3800,13.4000,121,0
D,2014-06-04,13.4200,13.4800,13.4000,13.4600,153,0
D,2014-06-03,13.3800,13.4600,13.3600,13.3800,259,0
D,2014-06-02,13.4000,13.4400,13.3800,13.4400,621,0
D,2014-05-30,13.4800,13.5000,13.3800,13.4000,538,0
D,2014-05-29,13.4000,13.5000,13.4000,13.4800,116,0
D,2014-05-28,13.4200,13.4600,13.3200,13.4000,655,0
D,2014-05-27,13.5800,13.6000,13.4000,13.4000,750,0
D,2014-05-26,13.6000,13.7000,13.5600,13.5600,232,0
D,2014-05-23,13.5600,13.5600,13.5200,13.5600,243,0
D,2014-05-22,13.5600,13.5600,13.4000,13.5000,2342,0
D,2014-05-21,13.8800,13.8800,13.5200,13.5600,1417,0
D,2014-05-20,13.8400,13.8800,13.7800,13.8800,436,0
D,2014-05-19,13.8800,13.9000,13.8000,13.8200,343,0
D,2014-05-16,13.8800,13.9000,13.8200,13.8600,424,0
D,2014-05-15,13.9000,13.9600,13.8400,13.9000,458,0
D,2014-05-14,14.0000,14.0000,13.8800,13.8800,439,0
D,2014-05-12,14.1000,14.1000,13.9400,13.9400,1642,0
D,2014-05-09,14.3800,14.3800,14.2800,14.3000,294,0
D,2014-05-08,14.3800,14.4000,14.1800,14.2200,472,0
D,2014-05-07,14.3800,14.3800,14.3600,14.3600,37,0
D,2014-05-06,14.4000,14.4000,14.3400,14.3800,781,0
D,2014-05-05,14.3400,14.4000,14.3000,14.3800,297,0
D,2014-05-02,14.3800,14.3800,14.3000,14.3400,103,0
D,2014-04-30,14.3200,14.4000,14.3200,14.4000,616,0
D,2014-04-29,14.2400,14.3800,14.1000,14.3200,339,0
D,2014-04-28,14.2200,14.3000,14.2200,14.3000,219,0
D,2014-04-25,14.2400,14.3000,14.2200,14.2200,3602,0
D,2014-04-24,14.2800,14.3000,14.2200,14.2200,759,0
D,2014-04-23,14.3000,14.3800,14.2800,14.2800,491,0
D,2014-04-22,14.3800,14.3800,14.2800,14.3000,278,0
D,2014-04-21,14.3800,14.3800,14.3200,14.3800,376,0
D,2014-04-18,14.3000,14.3200,14.3000,14.3200,101,0
D,2014-04-17,14.2600,14.3600,14.2600,14.3200,192,0
D,2014-04-16,14.3200,14.3600,14.3200,14.3400,260,0
D,2014-04-15,14.4000,14.4000,14.2800,14.2800,398,0
D,2014-04-14,14.3000,14.4200,14.2800,14.4000,336,0
D,2014-04-11,14.1400,14.3000,14.1000,14.3000,508,0
D,2014-04-10,14.0400,14.2000,14.0400,14.1800,1048,0
D,2014-04-09,13.9000,14.0000,13.9000,13.9800,255,0
D,2014-04-08,13.8000,13.8800,13.7200,13.8800,345,0
D,2014-04-07,13.9000,13.9800,13.7000,13.7000,1251,0
D,2014-04-04,14.0400,14.0400,13.9800,13.9800,962,0
D,2014-04-03,14.1400,14.1400,14.0200,14.0400,477,0
D,2014-04-02,14.0600,14.1200,14.0200,14.0400,343,0
D,2014-04-01,14.1200,14.1200,14.0600,14.0600,285,0
D,2014-03-31,14.1000,14.1200,14.0600,14.0800,359,0
D,2014-03-28,14.1000,14.1600,14.0600,14.0600,244,0
D,2014-03-27,14.1000,14.1000,14.0400,14.0400,404,0
D,2014-03-26,14.2400,14.3000,14.1200,14.1600,765,0
D,2014-03-25,14.2000,14.2800,14.2000,14.2400,235,0
D,2014-03-24,14.1400,14.2600,14.1400,14.2000,852,0
D,2014-03-21,14.3000,14.3000,14.1400,14.1600,528,0
D,2014-03-20,14.2200,14.2600,14.1000,14.1600,754,0
D,2014-03-19,14.3000,14.3000,14.2200,14.2200,515,0
D,2014-03-18,14.2600,14.3200,14.2600,14.2800,695,0
D,2014-03-17,14.2400,14.2400,14.1600,14.2000,277,0
D,2014-03-14,14.2600,14.2600,14.1200,14.1200,774,0
D,2014-03-13,14.3200,14.3200,14.2600,14.2800,258,0
D,2014-03-12,14.2600,14.3400,14.2600,14.2600,943,0
D,2014-03-11,14.1800,14.3800,14.1800,14.2600,162,0
D,2014-03-10,14.4800,14.5000,14.1600,14.3800,1655,0
D,2014-03-07,14.6000,14.6200,14.4600,14.4800,1497,0
D,2014-03-06,14.5600,14.6000,14.4600,14.5000,880,0
D,2014-03-05,14.6000,14.6000,14.5800,14.5800,120,0
D,2014-03-04,14.6000,14.6200,14.5800,14.6000,149,0
D,2014-03-03,14.6400,14.6400,14.5200,14.5800,272,0
D,2014-02-28,14.8200,14.8200,14.5600,14.6000,714,0
D,2014-02-27,14.9000,14.9600,14.8000,14.8200,285,0
D,2014-02-26,14.9400,15.0000,14.8800,14.9000,175,0
D,2014-02-25,14.9600,15.0000,14.9000,14.9400,220,0
D,2014-02-24,14.9000,14.9400,14.8400,14.9000,499,0
D,2014-02-21,14.8200,15.0000,14.8000,14.9400,416,0
D,2014-02-20,15.1800,15.2000,14.8400,14.8600,603,0
D,2014-02-19,15.0000,15.2000,15.0000,15.2000,180,0
D,2014-02-18,15.1000,15.1200,15.0000,15.0400,199,0
D,2014-02-17,15.2600,15.2600,15.0800,15.2000,524,0
D,2014-02-14,15.1000,15.2800,15.0600,15.2000,408,0
D,2014-02-13,14.8800,15.1000,14.8800,15.0800,1329,0
D,2014-02-12,14.6000,14.8400,14.6000,14.8400,1246,0
D,2014-02-11,14.1400,14.5400,14.1400,14.5400,2133,0
D,2014-02-10,14.2200,14.2800,14.1200,14.1200,2461,0
D,2014-02-07,14.1000,14.1600,14.0800,14.1200,2812,0
D,2014-02-06,14.0600,14.0800,14.0000,14.0000,841,0
D,2014-02-05,14.0400,14.1000,14.0200,14.0600,848,0
D,2014-02-04,14.1600,14.1600,14.0200,14.0400,543,0
D,2014-01-30,14.2600,14.2600,14.0400,14.1600,8998,0
D,2014-01-29,14.6400,14.6600,14.2800,14.3000,1937,0
D,2014-01-28,15.0000,15.0000,14.6000,14.6000,1131,0
D,2014-01-27,15.3000,15.3000,14.8000,15.0000,1127,0
D,2014-01-24,15.3800,15.4000,15.2000,15.2000,377,0
D,2014-01-23,15.4200,15.4800,15.2400,15.4000,519,0
D,2014-01-22,15.5400,15.5400,15.4000,15.4200,5434,0
D,2014-01-21,15.6200,15.6400,15.5800,15.5800,267,0
D,2014-01-20,15.7200,15.7200,15.6200,15.6200,514,0
D,2014-01-16,16.0000,16.0000,15.7000,15.7000,278,0
D,2014-01-15,15.8000,16.0000,15.6600,15.8200,277,0
D,2014-01-13,15.9600,16.0400,15.9600,16.0200,409,0
D,2014-01-10,15.9600,15.9800,15.9400,15.9600,347,0
D,2014-01-09,16.0000,16.0400,15.8400,15.9600,494,0
D,2014-01-08,15.6000,15.9000,15.6000,15.8400,272,0
D,2014-01-07,15.9000,15.9600,15.6000,15.6000,1037,0
D,2014-01-06,15.9000,15.9200,15.7800,15.9000,349,0
D,2014-01-03,15.8200,15.9000,15.7800,15.9000,117,0
D,2014-01-02,16.0000,16.0000,15.7600,15.8000,45,0
D,2013-12-31,15.7800,16.0000,15.7400,16.0000,279,0
D,2013-12-30,15.9000,16.0000,15.7400,15.7600,442,0
D,2013-12-27,15.8400,15.9200,15.8400,15.8600,44,0
D,2013-12-26,15.9000,16.0000,15.8200,16.0000,375,0
D,2013-12-24,15.8000,16.0000,15.8000,16.0000,72,0
D,2013-12-23,15.9200,15.9200,15.8000,15.8000,75,0
D,2013-12-20,16.1200,16.1400,15.9200,15.9200,182,0
D,2013-12-19,15.8000,16.1800,15.8000,16.1200,596,0
D,2013-12-18,15.6400,15.8000,15.6200,15.7400,309,0
D,2013-12-17,15.6800,15.7000,15.6200,15.6200,353,0
D,2013-12-16,15.7000,15.7000,15.6600,15.6600,305,0
D,2013-12-13,15.7600,15.7600,15.6600,15.6800,419,0
D,2013-12-12,15.8600,15.8600,15.7800,15.7800,807,0
D,2013-12-11,15.9000,15.9400,15.8400,15.8400,428,0
D,2013-12-10,15.9400,15.9600,15.9000,15.9000,569,0
D,2013-12-09,16.0000,16.0000,15.9600,15.9600,465,0
D,2013-12-06,16.0000,16.0000,15.9400,15.9800,542,0
D,2013-12-05,16.0000,16.0400,15.9600,15.9800,729,0
D,2013-12-04,16.2800,16.2800,15.9400,16.0000,2535,0
D,2013-12-03,16.3000,16.5800,16.3000,16.5800,1270,0
D,2013-12-02,16.2600,16.3000,16.2200,16.2600,1548,0
D,2013-11-29,16.2600,16.3000,16.1400,16.2600,1110,0
D,2013-11-28,16.3000,16.3400,16.0400,16.1200,1844,0
D,2013-11-27,16.3800,16.4000,16.2800,16.2800,1010,0
D,2013-11-26,16.5000,16.5000,16.3400,16.3800,575,0
D,2013-11-25,16.4000,16.5200,16.4000,16.4800,339,0
D,2013-11-22,16.5000,16.5000,16.3200,16.4000,250,0
D,2013-11-21,16.4600,16.5400,16.3600,16.4000,1468,0
D,2013-11-20,16.1000,16.4200,16.1000,16.3600,686,0
D,2013-11-19,16.1800,16.3800,16.1000,16.1000,1607,0
D,2013-11-18,16.5600,16.5600,16.1800,16.2000,2420,0
D,2013-11-15,16.7600,16.7600,16.4800,16.5800,1245,0
D,2013-11-14,16.8400,16.8400,16.7200,16.8000,1537,0
D,2013-11-13,16.7600,16.8400,16.7600,16.8400,435,0
D,2013-11-12,17.0000,17.0000,16.7600,16.7600,1766,0
D,2013-11-11,17.2000,17.2000,17.0800,17.0800,872,0
D,2013-11-08,17.3000,17.3200,17.2200,17.2800,135,0
D,2013-11-07,17.1600,17.3400,17.1400,17.3000,1386,0
D,2013-11-06,17.2800,17.3000,17.1400,17.1800,634,0
D,2013-11-04,17.2200,17.3400,17.2200,17.2600,731,0
D,2013-11-01,17.3800,17.3800,17.2600,17.2600,284,0
D,2013-10-31,17.2000,17.3800,17.1800,17.3000,1688,0
D,2013-10-30,17.0400,17.3000,17.0400,17.2000,3602,0
D,2013-10-29,16.9000,16.9400,16.8600,16.8800,2203,0
D,2013-10-28,16.7200,17.0600,16.7200,16.9000,2504,0
D,2013-10-25,16.0800,16.4600,16.0800,16.3600,709,0
D,2013-10-24,16.0000,16.2200,16.0000,16.0800,787,0
D,2013-10-23,16.4400,16.5000,15.8800,16.0000,2191,0
D,2013-10-22,16.5800,16.6000,16.4400,16.4400,954,0
D,2013-10-21,16.9000,16.9000,16.5400,16.5800,1780,0
D,2013-10-18,16.9800,16.9800,16.9200,16.9200,448,0
D,2013-10-17,17.0000,17.0000,16.9600,16.9600,112,0
D,2013-10-16,17.0200,17.0200,16.9400,16.9400,100,0
D,2013-10-14,17.0000,17.0000,16.9800,16.9800,78,0
D,2013-10-11,16.9800,17.0400,16.9800,17.0400,318,0
D,2013-10-10,16.8800,17.0000,16.8800,16.8800,180,0
D,2013-10-09,16.9800,17.0200,16.8800,17.0000,260,0
D,2013-10-08,17.0600,17.0600,16.9000,16.9000,337,0
D,2013-10-07,17.1000,17.1000,17.0000,17.0000,691,0
D,2013-10-04,17.1000,17.1800,17.1000,17.1800,36,0
D,2013-10-03,17.1000,17.2000,17.1000,17.1800,1109,0
D,2013-10-02,17.2000,17.2000,17.0000,17.1000,36,0
D,2013-10-01,17.0000,17.1800,16.9800,17.1800,1147,0
D,2013-09-30,17.0200,17.2000,16.9400,17.1800,285,0
D,2013-09-27,17.0200,17.2200,17.0000,17.0200,260,0
D,2013-09-26,17.1200,17.1200,17.0000,17.0200,806,0
D,2013-09-25,17.0000,17.3600,16.9600,17.3600,579,0
D,2013-09-24,17.0000,17.1800,16.9800,17.1000,531,0
D,2013-09-23,17.1000,17.2000,16.9800,17.1800,1323,0
D,2013-09-20,17.0000,17.1800,16.9800,17.1000,225,0
D,2013-09-19,17.1000,17.1200,16.9600,17.0600,482,0
D,2013-09-18,16.9800,17.1400,16.9800,17.1000,653,0
D,2013-09-17,17.4000,17.4000,16.9200,16.9600,763,0
D,2013-09-13,17.4000,17.4400,17.4000,17.4000,127,0
D,2013-09-12,17.6600,17.6600,17.3800,17.3800,210,0
D,2013-09-11,17.5800,17.6800,17.5800,17.6400,241,0
D,2013-09-10,17.5000,17.6400,17.4000,17.5400,1065,0
D,2013-09-09,17.0000,17.5000,17.0000,17.5000,446,0
D,2013-09-06,17.1800,17.1800,17.0000,17.0000,154,0
D,2013-09-05,16.9800,17.1800,16.9800,17.1800,324,0
D,2013-09-04,17.0200,17.0200,16.8800,17.0000,1579,0
D,2013-09-03,17.2000,17.2000,17.0000,17.0000,320,0
D,2013-09-02,17.2800,17.2800,17.2000,17.2000,1227,0
D,2013-08-30,17.0600,17.4000,17.0600,17.4000,1051,0
D,2013-08-29,16.9000,17.4000,16.9000,17.0400,914,0
D,2013-08-28,17.6600,17.6600,16.8000,16.9200,1561,0
D,2013-08-27,18.1000,18.1000,17.7000,17.7600,693,0
D,2013-08-26,18.1000,18.2200,18.0600,18.2000,393,0
D,2013-08-23,18.0200,18.3400,18.0200,18.1000,784,0
D,2013-08-22,18.1600,18.1600,17.9600,18.0000,976,0
D,2013-08-21,18.2600,18.2600,18.1200,18.1600,1008,0
D,2013-08-20,18.4000,18.4000,18.1600,18.1800,1227,0
D,2013-08-19,18.5400,18.6000,18.4800,18.5400,439,0
D,2013-08-16,18.6000,18.6800,18.5200,18.5400,469,0
D,2013-08-15,18.5200,18.7000,18.5200,18.7000,219,0
D,2013-08-14,18.6000,18.8000,18.5200,18.5200,350,0
D,2013-08-13,18.4400,18.5400,18.4400,18.5400,460,0
D,2013-08-12,18.2400,18.4800,18.2400,18.4600,893,0
D,2013-08-07,18.2200,18.3400,18.2200,18.2800,1027,0
D,2013-08-06,18.2000,18.2400,18.1800,18.2200,292,0
D,2013-08-05,18.1000,18.2600,18.0800,18.1800,168,0
D,2013-08-02,18.2000,18.2000,18.0800,18.2000,155,0
D,2013-08-01,18.2000,18.2000,17.9000,18.0800,1161,0
D,2013-07-31,18.3000,18.3000,18.0000,18.0000,632,0
D,2013-07-30,18.3200,18.3200,18.2000,18.2600,86,0
D,2013-07-29,18.3600,18.3600,18.2000,18.2000,244,0
D,2013-07-26,18.3000,18.3200,18.1200,18.2800,392,0
D,2013-07-25,18.0000,18.1800,18.0000,18.1800,434,0
D,2013-07-24,18.0000,18.0000,17.8600,17.9600,611,0
D,2013-07-23,17.8000,18.0200,17.7800,18.0200,441,0
D,2013-07-22,18.0000,18.0000,17.7000,17.7600,508,0
D,2013-07-19,17.9200,18.0000,17.9200,17.9600,946,0
D,2013-07-18,17.5600,17.8200,17.5400,17.8200,1161,0
D,2013-07-17,17.8200,17.9000,17.5200,17.5600,2185,0
D,2013-07-16,18.1800,18.2000,17.8600,17.9400,1294,0
D,2013-07-15,18.2000,18.2200,18.1600,18.2000,643,0
D,2013-07-12,18.5400,18.5600,18.1600,18.1600,1267,0
D,2013-07-11,18.3400,18.6000,18.2800,18.5000,1245,0
D,2013-07-10,18.4200,18.5600,18.2000,18.2600,989,0
D,2013-07-09,18.4800,18.5000,18.4200,18.4400,1498,0
D,2013-07-08,18.7000,18.7200,18.4000,18.4800,1563,0
D,2013-07-05,19.0000,19.1000,18.6600,18.6600,1560,0
D,2013-07-04,19.0400,19.1000,18.9200,18.9200,783,0
D,2013-07-03,19.4600,19.4600,19.0000,19.0400,274,0
D,2013-07-02,19.3200,19.5000,19.3200,19.4400,499,0
D,2013-07-01,19.2000,19.2800,19.1400,19.2800,1302,0
D,2013-06-28,19.0000,19.1600,19.0000,19.0600,868,0
D,2013-06-27,19.2000,19.2000,18.8800,18.9800,1642,0
D,2013-06-26,19.3800,19.3800,18.9000,19.0800,1242,0
D,2013-06-25,19.1000,19.4800,18.7800,19.0000,6968,0
D,2013-06-24,21.1000,21.1000,18.7200,19.0000,4580,0
D,2013-06-21,21.7600,22.0000,21.0800,21.0800,4525,0
D,2013-06-20,21.5800,22.2000,21.5400,22.1600,1521,0
D,2013-06-19,21.8600,21.9600,21.7000,21.7200,907,0
D,2013-06-18,21.5000,21.8800,21.5000,21.8000,1384,0
D,2013-06-17,21.3000,21.6000,21.2600,21.4800,281,0
D,2013-06-14,21.3600,21.6400,21.1800,21.6400,506,0
D,2013-06-13,20.8600,21.3600,20.2000,21.2800,10646,0
D,2013-06-12,21.2000,21.3000,20.8000,20.9200,1073,0
D,2013-06-11,22.0000,22.4000,21.0000,21.2000,807,0
D,2013-06-10,21.5000,21.5600,21.5000,21.5400,552,0
D,2013-06-07,21.4000,21.5800,21.4000,21.4600,2960,0
D,2013-06-06,21.5000,21.5200,21.5000,21.5000,1118,0
D,2013-06-05,21.5200,21.6000,21.4800,21.5600,1072,0
D,2013-06-04,21.3000,21.5800,21.3000,21.5200,1007,0
D,2013-06-03,21.5200,21.6000,21.2600,21.2800,570,0
D,2013-05-31,20.9000,21.5200,20.8800,21.5200,1727,0
D,2013-05-30,20.9800,20.9800,20.7000,20.9000,318,0
D,2013-05-29,20.8000,21.0000,20.8000,20.8000,1277,0
D,2013-05-28,21.3800,21.3800,20.7200,20.8000,259,0
D,2013-05-27,21.1800,21.2800,20.4200,20.8400,825,0
D,2013-05-23,20.5000,21.0000,20.5000,21.0000,1557,0
D,2013-05-22,20.7800,20.8800,20.5000,20.5000,338,0
D,2013-05-21,20.5000,20.7800,20.4000,20.7800,440,0
D,2013-05-20,21.0000,21.0000,20.3000,20.5000,1933,0
D,2013-05-17,20.8800,20.8800,20.2800,20.4200,986,0
D,2013-05-16,20.7000,21.0000,20.6600,20.8600,808,0
D,2013-05-15,20.7000,20.7000,20.5000,20.7000,1259,0
D,2013-05-14,20.2600,20.7800,20.2000,20.7400,848,0
D,2013-05-13,20.1400,20.3000,20.1400,20.3000,582,0
D,2013-05-10,20.2000,20.3000,20.0400,20.1600,352,0
D,2013-05-09,19.5600,20.2000,19.5600,20.1600,2719,0
D,2013-05-08,19.7000,19.8000,19.2600,19.5600,1383,0
D,2013-05-07,18.6600,19.7800,18.6600,19.7400,2922,0
D,2013-05-06,18.5000,18.7000,18.3600,18.6600,1016,0
D,2013-05-03,18.3000,18.3200,18.2000,18.2800,1272,0
D,2013-05-02,18.3600,18.4600,18.2200,18.3000,953,0
D,2013-04-30,18.6600,18.6600,18.4600,18.4600,440,0
D,2013-04-29,18.7400,18.7800,18.6600,18.6600,2129,0
D,2013-04-26,18.7800,18.9400,18.7800,18.8400,1960,0
D,2013-04-25,18.1000,18.8600,18.1000,18.7000,1346,0
D,2013-04-24,17.8000,18.1200,17.8000,18.1000,335,0
D,2013-04-23,17.8800,18.1000,17.8800,18.1000,524,0
D,2013-04-22,17.8000,17.8800,17.8000,17.8200,558,0
D,2013-04-19,17.7800,17.8800,17.7200,17.8800,1613,0
D,2013-04-18,17.7000,17.8000,17.7000,17.7600,357,0
D,2013-04-17,17.8000,17.8400,17.7800,17.7800,1223,0
D,2013-04-16,17.8200,17.9000,17.7600,17.8000,837,0
D,2013-04-15,17.8600,17.9000,17.8000,17.8200,287,0
D,2013-04-12,17.8600,17.9000,17.8600,17.8600,464,0
D,2013-04-11,17.7000,17.8000,17.6400,17.8000,386,0
D,2013-04-10,17.9000,18.0000,17.6800,17.6800,762,0
D,2013-04-09,18.1800,18.1800,17.9000,17.9000,612,0
D,2013-04-08,17.8200,18.2600,17.8200,17.9600,509,0
D,2013-04-05,18.2400,18.3000,18.0000,18.0000,953,0
D,2013-04-04,18.3400,18.3600,18.2800,18.3400,1494,0
D,2013-04-03,18.3000,18.4000,18.2200,18.3200,1637,0
D,2013-04-02,18.1200,18.3000,18.1200,18.3000,728,0
D,2013-04-01,18.2000,18.3000,18.2000,18.3000,553,0
D,2013-03-29,18.4000,18.4000,18.3000,18.3600,215,0
D,2013-03-28,18.4800,18.4800,18.3000,18.4000,184,0
D,2013-03-27,18.4000,18.4400,18.3000,18.3000,115,0
D,2013-03-26,18.5000,18.5000,18.3000,18.3800,78,0
D,2013-03-25,18.3000,18.4000,18.2200,18.4000,238,0
D,2013-03-22,18.4200,18.4600,18.4000,18.4000,298,0
D,2013-03-21,18.4800,18.4800,18.4000,18.4000,58,0
D,2013-03-20,18.2600,18.5800,18.2000,18.5000,666,0
D,2013-03-19,18.5000,18.6400,18.3800,18.4000,520,0
D,2013-03-18,18.0200,18.6800,18.0200,18.6000,489,0
D,2013-03-15,18.6000,18.7200,18.4000,18.6800,972,0
D,2013-03-14,18.3000,18.8800,18.3000,18.6000,917,0
D,2013-03-13,18.5000,18.7400,18.3000,18.5000,1430,0
D,2013-03-12,17.9400,18.5200,17.8200,18.4600,2095,0
D,2013-03-11,17.3000,17.9400,17.3000,17.8000,2158,0
D,2013-03-08,16.9600,17.2400,16.9600,17.2000,1277,0
D,2013-03-07,16.8800,16.9400,16.8600,16.9200,803,0
D,2013-03-06,16.7200,16.8200,16.7200,16.8000,873,0
D,2013-03-05,16.4600,16.7000,16.4600,16.7000,254,0
D,2013-03-04,16.8000,16.8000,16.7000,16.7000,126,0
D,2013-03-01,16.7200,16.7200,16.6400,16.7200,121,0
D,2013-02-28,16.5800,16.7200,16.5000,16.7200,286,0
D,2013-02-27,16.5000,16.5600,16.5000,16.5000,166,0
D,2013-02-26,16.5000,16.5000,16.4600,16.5000,250,0
D,2013-02-25,16.5600,16.5600,16.5600,16.5600,150,0
D,2013-02-22,16.4800,16.5600,16.4400,16.5600,149,0
D,2013-02-21,16.4800,16.5600,16.4800,16.5000,679,0
D,2013-02-20,16.4600,16.4800,16.4400,16.4800,209,0
D,2013-02-19,16.4000,16.4400,16.4000,16.4200,474,0
D,2013-02-18,16.4200,16.4400,16.4000,16.4000,460,0
D,2013-02-15,16.4000,16.4400,16.4000,16.4400,938,0
D,2013-02-14,16.4200,16.4200,16.4000,16.4200,1400,0
D,2013-02-13,16.3600,16.4400,16.3600,16.4400,1251,0
D,2013-02-08,16.2000,16.4000,16.0800,16.4000,2801,0
D,2013-02-07,16.0200,16.2000,16.0000,16.2000,422,0
D,2013-02-06,16.0000,16.1600,16.0000,16.0600,1116,0
D,2013-02-05,16.3000,16.3000,16.2000,16.2600,1410,0
D,2013-02-04,16.2000,16.2600,16.2000,16.2600,440,0
D,2013-01-31,16.1800,16.2000,16.1600,16.2000,286,0
D,2013-01-30,16.2200,16.2200,16.1800,16.2000,433,0
D,2013-01-29,16.2800,16.3000,16.2000,16.2200,436,0
D,2013-01-25,16.2000,16.2000,16.1800,16.2000,891,0
D,2013-01-23,16.0800,16.4000,16.0600,16.2000,251,0
D,2013-01-22,16.4000,16.4200,16.0800,16.2000,713,0
D,2013-01-21,16.5800,16.5800,16.5200,16.5400,2179,0
D,2013-01-18,16.5600,16.5800,16.5600,16.5800,234,0
D,2013-01-17,16.5800,16.5800,16.5800,16.5800,606,0
D,2013-01-16,16.5600,16.5800,16.5400,16.5800,421,0
D,2013-01-15,16.5200,16.5600,16.5200,16.5600,1008,0
D,2013-01-14,16.4600,16.5400,16.4400,16.5400,1655,0
D,2013-01-11,16.4400,16.4600,16.4400,16.4400,498,0
D,2013-01-10,16.5400,16.5400,16.4200,16.4200,852,0
D,2013-01-09,16.4400,16.5400,16.4400,16.5400,781,0
D,2013-01-08,16.4200,16.5000,16.4200,16.4400,211,0
D,2013-01-07,16.5000,16.5000,16.4200,16.4600,629,0
D,2013-01-04,16.4200,16.5000,16.3800,16.4000,3150,0
D,2013-01-03,16.5000,16.5000,16.4000,16.4200,515,0
D,2013-01-02,16.5000,16.5000,16.4600,16.4600,209,0
D,2012-12-31,16.5000,16.6000,16.4000,16.6000,561,0
D,2012-12-28,16.6400,16.6600,16.4800,16.4800,46,0
D,2012-12-27,16.5000,16.6400,16.5000,16.6400,173,0
D,2012-12-26,16.5000,16.5000,16.4800,16.4800,340,0
D,2012-12-24,16.5000,16.6800,16.5000,16.5000,32,0
D,2012-12-21,16.5600,16.6800,16.5000,16.5600,1134,0
D,2012-12-20,16.6800,16.6800,16.5400,16.5600,234,0
D,2012-12-19,16.6800,16.6800,16.6000,16.6000,141,0
D,2012-12-18,16.5400,16.7000,16.5000,16.6400,450,0
D,2012-12-17,16.4800,16.5400,16.4800,16.5400,385,0
D,2012-12-14,16.4600,16.5200,16.3400,16.4800,400,0
D,2012-12-13,16.5000,16.5000,16.4400,16.4600,471,0
D,2012-12-12,16.2200,16.4800,16.2200,16.4600,704,0
D,2012-12-11,16.4800,16.4800,16.3000,16.3000,413,0
D,2012-12-10,16.1800,16.3800,16.1600,16.3800,336,0
D,2012-12-07,16.1800,16.2000,16.0000,16.1400,410,0
D,2012-12-06,16.3800,16.3800,16.0000,16.0000,775,0
D,2012-12-05,16.7200,16.7800,16.4200,16.6800,853,0
D,2012-12-04,16.1600,16.8800,16.1600,16.7200,2312,0
D,2012-12-03,16.1000,16.1600,16.1000,16.1000,1255,0
D,2012-11-30,16.1600,16.1800,16.0800,16.0800,712,0
D,2012-11-29,16.1000,16.3800,16.1000,16.1800,1278,0
D,2012-11-28,16.1000,16.2400,16.0000,16.1200,1083,0
D,2012-11-27,16.6200,16.6200,16.2000,16.2400,2591,0
D,2012-11-26,16.6000,16.6400,16.5200,16.6200,1499,0
D,2012-11-23,16.6000,16.6400,16.5200,16.5800,563,0
D,2012-11-22,16.5400,16.5800,16.5000,16.5400,666,0
D,2012-11-21,16.7000,16.7200,16.5800,16.6000,766,0
D,2012-11-20,16.8200,16.8200,16.6400,16.6600,589,0
D,2012-11-19,16.8800,16.9000,16.7600,16.7800,539,0
D,2012-11-16,16.6400,16.9600,16.6200,16.8800,2915,0
D,2012-11-14,16.5000,16.6600,16.5000,16.6200,806,0
D,2012-11-12,16.2400,16.4000,16.2400,16.4000,115,0
D,2012-11-09,16.3400,16.3400,16.1800,16.2400,2851,0
D,2012-11-08,16.5200,16.5400,16.3400,16.3400,1209,0
D,2012-11-07,16.8000,16.9000,16.5800,16.5800,475,0
D,2012-11-06,16.9400,16.9400,16.7000,16.8000,457,0
D,2012-11-05,16.7000,16.9600,16.7000,16.9000,374,0
D,2012-11-02,16.7200,16.8400,16.5800,16.7000,948,0
D,2012-11-01,16.6000,16.9200,16.5800,16.9200,390,0
D,2012-10-31,16.5600,16.6000,16.1800,16.6000,746,0
D,2012-10-30,16.5000,16.6000,16.5000,16.5400,250,0
D,2012-10-29,16.8000,16.8000,16.4800,16.5000,341,0
D,2012-10-25,16.5000,16.5800,16.4600,16.5800,217,0
D,2012-10-24,16.1800,16.4000,16.1800,16.4000,789,0
D,2012-10-23,15.9600,16.2000,15.9600,16.1800,775,0
D,2012-10-22,15.9600,16.0000,15.9400,15.9800,520,0
D,2012-10-19,15.9000,15.9800,15.9000,15.9800,357,0
D,2012-10-18,15.9000,15.9800,15.8800,15.9600,285,0
D,2012-10-17,15.8800,15.9000,15.8800,15.9000,587,0
D,2012-10-16,15.9000,15.9000,15.8000,15.9000,271,0
D,2012-10-15,15.7000,15.9000,15.6800,15.9000,563,0
D,2012-10-12,15.9000,15.9000,15.7000,15.7000,393,0
D,2012-10-11,15.9400,15.9600,15.8600,15.8600,245,0
D,2012-10-10,15.9600,15.9600,15.9000,15.9400,87,0
D,2012-10-09,15.9400,15.9400,15.9000,15.9000,1085,0
D,2012-10-08,15.7600,15.9200,15.7600,15.9000,568,0
D,2012-10-05,15.7800,15.8000,15.7400,15.8000,206,0
D,2012-10-04,15.8000,15.8000,15.6600,15.7200,311,0
D,2012-10-03,15.8000,15.8000,15.7200,15.8000,461,0
D,2012-05-03,13.0000,13.0400,12.9800,13.0000,581,0
D,2012-05-02,12.9600,12.9800,12.9600,12.9600,606,0
