D,2014-05-30,0.0150,0.0150,0.0150,0.0150,0,0
D,2014-05-29,0.0150,0.0150,0.0150,0.0150,0,0
D,2014-05-28,0.0150,0.0150,0.0150,0.0150,0,0
D,2014-05-27,0.0150,0.0150,0.0150,0.0150,0,0
D,2014-05-26,0.0150,0.0150,0.0150,0.0150,0,0
D,2014-05-23,0.0150,0.0150,0.0150,0.0150,0,0
D,2014-05-22,0.0150,0.0150,0.0150,0.0150,0,0
D,2014-05-21,0.0150,0.0150,0.0150,0.0150,0,0
D,2014-05-20,0.0150,0.0150,0.0150,0.0150,0,0
D,2014-05-19,0.0150,0.0150,0.0150,0.0150,0,0
D,2014-05-16,0.0150,0.0150,0.0150,0.0150,0,0
D,2014-05-15,0.0150,0.0150,0.0150,0.0150,0,0
D,2014-05-14,0.0150,0.0150,0.0150,0.0150,0,0
D,2014-05-12,0.0150,0.0150,0.0150,0.0150,0,0
D,2014-05-09,0.0150,0.0150,0.0150,0.0150,0,0
D,2014-05-08,0.0150,0.0150,0.0150,0.0150,600,0
D,2014-05-07,0.0200,0.0200,0.0200,0.0200,0,0
D,2014-05-06,0.0200,0.0200,0.0200,0.0200,0,0
D,2014-05-05,0.0200,0.0200,0.0200,0.0200,0,0
D,2014-05-02,0.0200,0.0200,0.0200,0.0200,15,0
D,2014-04-30,0.0150,0.0150,0.0150,0.0150,1800,0
D,2014-04-29,0.0200,0.0200,0.0200,0.0200,0,0
D,2014-04-28,0.0200,0.0200,0.0200,0.0200,150,0
D,2014-04-25,0.0250,0.0250,0.0250,0.0250,0,0
D,2014-04-24,0.0250,0.0250,0.0250,0.0250,1000,0
D,2014-04-23,0.0250,0.0250,0.0250,0.0250,2261,0
D,2014-04-22,0.0300,0.0300,0.0300,0.0300,0,0
D,2014-04-21,0.0300,0.0300,0.0300,0.0300,0,0
D,2014-04-18,0.0300,0.0300,0.0300,0.0300,0,0
D,2014-04-17,0.0300,0.0300,0.0300,0.0300,1250,0
D,2014-04-16,0.0300,0.0300,0.0300,0.0300,1052,0
D,2014-04-15,0.0250,0.0250,0.0250,0.0250,0,0
D,2014-04-14,0.0250,0.0250,0.0250,0.0250,0,0
D,2014-04-11,0.0250,0.0250,0.0250,0.0250,0,0
D,2014-04-10,0.0250,0.0250,0.0250,0.0250,0,0
D,2014-04-09,0.0250,0.0300,0.0250,0.0250,1301,0
D,2014-04-08,0.0250,0.0250,0.0250,0.0250,500,0
D,2014-04-07,0.0350,0.0350,0.0350,0.0350,0,0
D,2014-04-04,0.0350,0.0350,0.0350,0.0350,255,0
D,2014-04-03,0.0350,0.0350,0.0350,0.0350,1800,0
D,2014-04-02,0.0450,0.0450,0.0450,0.0450,0,0
D,2014-04-01,0.0450,0.0450,0.0450,0.0450,300,0
D,2014-03-31,0.0350,0.0350,0.0350,0.0350,0,0
D,2014-03-28,0.0400,0.0400,0.0350,0.0350,300,0
D,2014-03-27,0.0300,0.0350,0.0300,0.0350,4895,0
D,2014-03-26,0.0300,0.0300,0.0300,0.0300,0,0
D,2014-03-25,0.0300,0.0300,0.0300,0.0300,4500,0
D,2014-03-24,0.0300,0.0350,0.0300,0.0350,425,0
D,2014-03-21,0.0300,0.0300,0.0300,0.0300,1029,0
D,2014-03-20,0.0300,0.0300,0.0300,0.0300,0,0
D,2014-03-19,0.0300,0.0300,0.0300,0.0300,245,0
D,2014-03-18,0.0300,0.0300,0.0200,0.0200,3819,0
D,2014-03-17,0.0150,0.0300,0.0150,0.0300,7502,0
D,2014-03-14,0.0200,0.0200,0.0200,0.0200,5460,0
D,2014-03-13,0.0250,0.0300,0.0250,0.0250,4101,0
D,2014-03-12,0.0300,0.0300,0.0250,0.0300,1259,0
D,2014-03-11,0.0350,0.0400,0.0350,0.0400,2350,0
D,2014-03-10,0.0400,0.0400,0.0400,0.0400,0,0
D,2014-03-07,0.0400,0.0400,0.0400,0.0400,1750,0
D,2014-03-06,0.0400,0.0400,0.0350,0.0350,701,0
D,2014-03-05,0.0300,0.0300,0.0300,0.0300,0,0
D,2014-03-04,0.0300,0.0300,0.0300,0.0300,0,0
D,2014-03-03,0.0300,0.0300,0.0300,0.0300,0,0
D,2014-02-28,0.0300,0.0300,0.0300,0.0300,0,0
D,2014-02-27,0.0300,0.0300,0.0300,0.0300,708,0
D,2014-02-26,0.0300,0.0300,0.0300,0.0300,0,0
D,2014-02-25,0.0300,0.0300,0.0300,0.0300,0,0
D,2014-02-24,0.0350,0.0350,0.0300,0.0300,4137,0
D,2014-02-21,0.0450,0.0450,0.0450,0.0450,800,0
D,2014-02-20,0.0400,0.0450,0.0400,0.0450,1482,0
D,2014-02-19,0.0400,0.0450,0.0400,0.0400,1877,0
D,2014-02-18,0.0300,0.0300,0.0300,0.0300,0,0
D,2014-02-17,0.0300,0.0300,0.0300,0.0300,0,0
D,2014-02-14,0.0300,0.0300,0.0300,0.0300,500,0
D,2014-02-13,0.0300,0.0300,0.0300,0.0300,2000,0
D,2014-02-12,0.0350,0.0350,0.0350,0.0350,0,0
D,2014-02-11,0.0250,0.0350,0.0250,0.0350,1201,0
D,2014-02-10,0.0250,0.0250,0.0250,0.0250,0,0
D,2014-02-07,0.0250,0.0250,0.0250,0.0250,0,0
D,2014-02-06,0.0250,0.0250,0.0250,0.0250,300,0
D,2014-02-05,0.0250,0.0250,0.0250,0.0250,0,0
D,2014-02-04,0.0250,0.0250,0.0250,0.0250,0,0
D,2014-01-30,0.0250,0.0250,0.0250,0.0250,8639,0
D,2014-01-29,0.0250,0.0300,0.0250,0.0250,2620,0
D,2014-01-28,0.0200,0.0250,0.0200,0.0250,2000,0
D,2014-01-27,0.0200,0.0400,0.0200,0.0400,4538,0
D,2014-01-24,0.0250,0.0250,0.0200,0.0250,1129,0
D,2014-01-23,0.0300,0.0300,0.0300,0.0300,1850,0
D,2014-01-22,0.0300,0.0300,0.0300,0.0300,3775,0
D,2014-01-21,0.0350,0.0350,0.0300,0.0300,2182,0
D,2014-01-20,0.0350,0.0400,0.0350,0.0400,2401,0
D,2014-01-16,0.0350,0.0350,0.0250,0.0300,44085,0
D,2014-01-15,0.0400,0.0400,0.0400,0.0400,751,0
D,2014-01-13,0.0400,0.0400,0.0400,0.0400,100,0
D,2014-01-10,0.0400,0.0800,0.0350,0.0400,4402,0
D,2014-01-09,0.0450,0.0500,0.0450,0.0450,3400,0
D,2014-01-08,0.0500,0.0500,0.0500,0.0500,200,0
D,2014-01-07,0.0500,0.0500,0.0500,0.0500,150,0
D,2014-01-06,0.0500,0.0550,0.0500,0.0550,2506,0
D,2014-01-03,0.0550,0.0550,0.0550,0.0550,668,0
D,2014-01-02,0.0700,0.0700,0.0700,0.0700,999,0
D,2013-12-31,0.0700,0.0700,0.0700,0.0700,730,0
D,2013-12-30,0.0650,0.0650,0.0650,0.0650,400,0
D,2013-12-27,0.0550,0.0600,0.0550,0.0600,1972,0
D,2013-12-26,0.0550,0.0550,0.0550,0.0550,2299,0
D,2013-12-24,0.0550,0.0550,0.0550,0.0550,700,0
D,2013-12-23,0.0500,0.0550,0.0500,0.0550,1901,0
D,2013-12-20,0.0650,0.0650,0.0500,0.0600,12551,0
D,2013-12-19,0.0600,0.0650,0.0600,0.0650,6360,0
D,2013-12-18,0.0550,0.0650,0.0500,0.0650,12231,0
D,2013-12-17,0.0450,0.0500,0.0450,0.0500,4600,0
D,2013-12-16,0.0450,0.0450,0.0400,0.0400,4757,0
D,2013-12-13,0.0400,0.0500,0.0400,0.0450,4453,0
D,2013-12-12,0.0450,0.0450,0.0450,0.0450,200,0
D,2013-12-11,0.0400,0.0450,0.0400,0.0400,18100,0
D,2013-12-10,0.0500,0.0500,0.0500,0.0500,500,0
D,2013-12-09,0.0450,0.0450,0.0450,0.0450,0,0
D,2013-12-06,0.0450,0.0450,0.0450,0.0450,0,0
D,2013-12-05,0.0450,0.0450,0.0450,0.0450,0,0
D,2013-12-04,0.0450,0.0450,0.0450,0.0450,100,0
D,2013-12-03,0.0600,0.0600,0.0600,0.0600,1650,0
D,2013-12-02,0.0800,0.0800,0.0800,0.0800,0,0
D,2013-11-29,0.0800,0.0800,0.0800,0.0800,0,0
D,2013-11-28,0.0800,0.0800,0.0800,0.0800,0,0
D,2013-11-27,0.0800,0.0800,0.0800,0.0800,0,0
D,2013-11-26,0.0800,0.0800,0.0800,0.0800,0,0
D,2013-11-25,0.0900,0.0900,0.0800,0.0800,432,0
D,2013-11-22,0.0850,0.0850,0.0850,0.0850,0,0
D,2013-11-21,0.0850,0.0850,0.0850,0.0850,0,0
D,2013-11-20,0.0850,0.0850,0.0850,0.0850,0,0
D,2013-11-19,0.0850,0.0850,0.0850,0.0850,0,0
D,2013-11-18,0.0850,0.0850,0.0850,0.0850,0,0
D,2013-11-15,0.0850,0.0850,0.0850,0.0850,0,0
D,2013-11-14,0.0850,0.0850,0.0850,0.0850,0,0
D,2013-11-13,0.0850,0.0850,0.0850,0.0850,0,0
D,2013-11-12,0.0850,0.0850,0.0850,0.0850,5,0
D,2013-11-11,0.0950,0.0950,0.0950,0.0950,0,0
D,2013-11-08,0.0950,0.0950,0.0950,0.0950,100,0
D,2013-11-07,0.0950,0.0950,0.0950,0.0950,0,0
D,2013-11-06,0.0950,0.0950,0.0950,0.0950,5,0
D,2013-11-04,0.1000,0.1000,0.1000,0.1000,0,0
D,2013-11-01,0.1000,0.1000,0.1000,0.1000,0,0
D,2013-10-31,0.1000,0.1000,0.1000,0.1000,0,0
D,2013-10-30,0.1000,0.1000,0.1000,0.1000,0,0
D,2013-10-29,0.1000,0.1000,0.1000,0.1000,0,0
D,2013-10-28,0.1000,0.1000,0.1000,0.1000,100,0
D,2013-10-25,0.1150,0.1150,0.1150,0.1150,0,0
D,2013-10-24,0.1150,0.1150,0.1150,0.1150,0,0
D,2013-10-23,0.1150,0.1200,0.1150,0.1150,1790,0
D,2013-10-22,0.1100,0.1100,0.1100,0.1100,0,0
D,2013-10-21,0.1000,0.1100,0.1000,0.1100,1100,0
D,2013-10-18,0.1000,0.1000,0.1000,0.1000,0,0
D,2013-10-17,0.1000,0.1000,0.1000,0.1000,0,0
D,2013-10-16,0.1000,0.1000,0.1000,0.1000,2165,0
D,2013-10-14,0.1000,0.1000,0.1000,0.1000,0,0
D,2013-10-11,0.1000,0.1000,0.1000,0.1000,800,0
D,2013-10-10,0.0900,0.0900,0.0900,0.0900,0,0
D,2013-10-09,0.0900,0.0900,0.0900,0.0900,2250,0
D,2013-10-08,0.0900,0.0900,0.0900,0.0900,0,0
D,2013-10-07,0.0900,0.0900,0.0900,0.0900,0,0
D,2013-10-04,0.0900,0.0900,0.0900,0.0900,500,0
D,2013-10-03,0.0950,0.0950,0.0950,0.0950,1000,0
D,2013-10-02,0.0900,0.0900,0.0900,0.0900,300,0
D,2013-10-01,0.0800,0.0800,0.0800,0.0800,0,0
D,2013-09-30,0.0800,0.0800,0.0800,0.0800,400,0
D,2013-09-27,0.0900,0.0900,0.0850,0.0850,800,0
D,2013-09-26,0.0800,0.0800,0.0800,0.0800,0,0
D,2013-09-25,0.0800,0.0800,0.0800,0.0800,2550,0
D,2013-09-24,0.0750,0.0750,0.0750,0.0750,0,0
D,2013-09-23,0.0750,0.0750,0.0750,0.0750,2000,0
D,2013-09-20,0.0800,0.0800,0.0800,0.0800,1290,0
D,2013-09-19,0.0750,0.0750,0.0750,0.0750,0,0
D,2013-09-18,0.0750,0.0750,0.0750,0.0750,200,0
D,2013-09-17,0.0750,0.0750,0.0750,0.0750,0,0
D,2013-09-13,0.0700,0.0750,0.0700,0.0750,1040,0
D,2013-09-12,0.0750,0.0750,0.0750,0.0750,400,0
D,2013-09-11,0.0850,0.0850,0.0800,0.0800,400,0
D,2013-09-10,0.0750,0.0850,0.0750,0.0800,600,0
D,2013-09-09,0.0900,0.0900,0.0900,0.0900,0,0
D,2013-09-06,0.0900,0.0900,0.0900,0.0900,200,0
D,2013-09-05,0.0950,0.0950,0.0950,0.0950,0,0
D,2013-09-04,0.0950,0.0950,0.0750,0.0950,700,0
D,2013-09-03,0.0750,0.0900,0.0750,0.0900,900,0
D,2013-09-02,0.0800,0.0800,0.0800,0.0800,0,0
D,2013-08-30,0.0800,0.0800,0.0800,0.0800,0,0
D,2013-08-29,0.0800,0.0800,0.0800,0.0800,200,0
D,2013-08-28,0.0600,0.0600,0.0600,0.0600,0,0
D,2013-08-27,0.0600,0.0600,0.0600,0.0600,2000,0
D,2013-08-26,0.0700,0.0700,0.0700,0.0700,100,0
D,2013-08-23,0.0800,0.0800,0.0800,0.0800,450,0
D,2013-08-22,0.0850,0.0850,0.0850,0.0850,0,0
D,2013-08-21,0.0850,0.0850,0.0850,0.0850,0,0
D,2013-08-20,0.0850,0.0850,0.0850,0.0850,200,0
D,2013-08-19,0.1250,0.1250,0.1250,0.1250,0,0
D,2013-08-16,0.1250,0.1250,0.1250,0.1250,0,0
D,2013-08-15,0.1250,0.1250,0.1250,0.1250,0,0
D,2013-08-14,0.1250,0.1250,0.1250,0.1250,300,0
D,2013-08-13,0.1400,0.1400,0.1400,0.1400,0,0
D,2013-08-12,0.1400,0.1400,0.1400,0.1400,0,0
D,2013-08-07,0.1400,0.1400,0.1400,0.1400,0,0
D,2013-08-06,0.1400,0.1400,0.1400,0.1400,0,0
D,2013-08-05,0.1400,0.1400,0.1400,0.1400,0,0
D,2013-08-02,0.1400,0.1400,0.1400,0.1400,0,0
D,2013-08-01,0.1400,0.1400,0.1400,0.1400,0,0
D,2013-07-31,0.1400,0.1400,0.1400,0.1400,0,0
D,2013-07-30,0.1400,0.1400,0.1400,0.1400,30,0
D,2013-07-29,0.1400,0.1400,0.1400,0.1400,0,0
D,2013-07-26,0.1400,0.1400,0.1400,0.1400,0,0
D,2013-07-25,0.1400,0.1400,0.1400,0.1400,0,0
D,2013-07-24,0.1400,0.1400,0.1400,0.1400,0,0
D,2013-07-23,0.1400,0.1400,0.1400,0.1400,0,0
D,2013-07-22,0.1400,0.1400,0.1400,0.1400,0,0
D,2013-07-19,0.1400,0.1400,0.1400,0.1400,0,0
D,2013-07-18,0.1400,0.1400,0.1400,0.1400,500,0
D,2013-07-17,0.1450,0.1450,0.1400,0.1400,2399,0
D,2013-07-16,0.1450,0.1450,0.1450,0.1450,2000,0
D,2013-07-15,0.1500,0.1500,0.1500,0.1500,0,0
D,2013-07-12,0.1500,0.1500,0.1500,0.1500,0,0
D,2013-07-11,0.1500,0.1500,0.1500,0.1500,0,0
D,2013-07-10,0.1500,0.1500,0.1500,0.1500,0,0
D,2013-07-09,0.1500,0.1500,0.1500,0.1500,0,0
D,2013-07-08,0.1500,0.1550,0.1500,0.1500,2250,0
D,2013-07-05,0.1500,0.1500,0.1500,0.1500,690,0
D,2013-07-04,0.1350,0.1350,0.1350,0.1350,0,0
D,2013-07-03,0.1350,0.1350,0.1350,0.1350,250,0
D,2013-07-02,0.1300,0.1300,0.1300,0.1300,160,0
D,2013-07-01,0.1400,0.1400,0.1300,0.1300,1817,0
D,2013-06-28,0.1100,0.1200,0.1100,0.1200,2678,0
D,2013-06-27,0.0900,0.1100,0.0900,0.1050,6975,0
D,2013-06-26,0.0850,0.0850,0.0850,0.0850,400,0
D,2013-06-25,0.0800,0.0850,0.0800,0.0850,522,0
D,2013-06-24,0.1000,0.1000,0.0950,0.0950,516,0
D,2013-06-21,0.1100,0.1100,0.1100,0.1100,0,0
D,2013-06-20,0.1100,0.1100,0.1100,0.1100,100,0
D,2013-06-19,0.1150,0.1150,0.1150,0.1150,0,0
D,2013-06-18,0.1150,0.1150,0.1150,0.1150,0,0
D,2013-06-17,0.1150,0.1150,0.1150,0.1150,0,0
D,2013-06-14,0.1150,0.1150,0.1150,0.1150,0,0
D,2013-06-13,0.1150,0.1150,0.1150,0.1150,40,0
D,2013-06-12,0.1200,0.1200,0.1200,0.1200,0,0
D,2013-06-11,0.1250,0.1250,0.1200,0.1200,200,0
D,2013-06-10,0.1300,0.1300,0.1300,0.1300,1100,0
D,2013-06-07,0.1700,0.1700,0.1700,0.1700,0,0
D,2013-06-06,0.1700,0.1700,0.1700,0.1700,0,0
D,2013-06-05,0.1700,0.1700,0.1700,0.1700,0,0
D,2013-06-04,0.1700,0.1700,0.1700,0.1700,0,0
D,2013-06-03,0.1700,0.1700,0.1700,0.1700,0,0
