D,2014-10-14,0.1150,0.1150,0.1150,0.1150,3195,0
D,2014-10-13,0.1250,0.1250,0.1150,0.1200,9166,0
D,2014-10-10,0.1200,0.1250,0.1200,0.1250,7088,0
D,2014-10-09,0.1250,0.1250,0.1250,0.1250,960,0
D,2014-10-08,0.1300,0.1300,0.1150,0.1150,8223,0
D,2014-10-07,0.1400,0.1400,0.1250,0.1250,29305,0
D,2014-10-03,0.1350,0.1400,0.1350,0.1400,7531,0
D,2014-10-02,0.1400,0.1400,0.1350,0.1350,5789,0
D,2014-10-01,0.1450,0.1450,0.1400,0.1400,3000,0
D,2014-09-30,0.1550,0.1600,0.1450,0.1450,95335,0
D,2014-09-29,0.1450,0.1450,0.1400,0.1400,11623,0
D,2014-09-26,0.1450,0.1450,0.1400,0.1450,22871,0
D,2014-09-25,0.1400,0.1500,0.1400,0.1500,29305,0
D,2014-09-24,0.1400,0.1450,0.1400,0.1450,11258,0
D,2014-09-23,0.1400,0.1400,0.1400,0.1400,14566,0
D,2014-09-22,0.1350,0.1400,0.1350,0.1400,23562,0
D,2014-09-19,0.1300,0.1350,0.1300,0.1350,3520,0
D,2014-09-18,0.1300,0.1300,0.1300,0.1300,900,0
D,2014-09-17,0.1350,0.1350,0.1300,0.1350,2346,0
D,2014-09-15,0.1350,0.1350,0.1300,0.1300,3728,0
D,2014-09-12,0.1300,0.1350,0.1300,0.1350,4530,0
D,2014-09-11,0.1300,0.1300,0.1300,0.1300,4843,0
D,2014-09-10,0.1350,0.1400,0.1300,0.1350,6800,0
D,2014-09-09,0.1300,0.1350,0.1300,0.1350,6010,0
D,2014-09-08,0.1250,0.1350,0.1250,0.1350,4112,0
D,2014-09-05,0.1250,0.1300,0.1250,0.1300,4940,0
D,2014-09-04,0.1300,0.1300,0.1250,0.1300,12230,0
D,2014-09-03,0.1250,0.1350,0.1250,0.1300,8567,0
D,2014-09-02,0.1250,0.1250,0.1200,0.1250,14399,0
D,2014-08-29,0.1300,0.1300,0.1250,0.1250,12662,0
D,2014-08-28,0.1350,0.1400,0.1300,0.1350,22976,0
D,2014-08-27,0.1400,0.1400,0.1350,0.1400,5725,0
D,2014-08-26,0.1350,0.1400,0.1350,0.1400,9654,0
D,2014-08-25,0.1400,0.1400,0.1350,0.1350,9234,0
D,2014-08-22,0.1450,0.1450,0.1400,0.1400,8060,0
D,2014-08-21,0.1400,0.1450,0.1400,0.1450,18218,0
D,2014-08-20,0.1450,0.1500,0.1350,0.1350,30951,0
D,2014-08-19,0.1450,0.1450,0.1400,0.1400,12130,0
D,2014-08-18,0.1450,0.1450,0.1400,0.1400,11511,0
D,2014-08-15,0.1450,0.1450,0.1400,0.1450,16998,0
D,2014-08-14,0.1400,0.1500,0.1400,0.1450,20083,0
D,2014-08-13,0.1450,0.1500,0.1400,0.1450,13197,0
D,2014-08-12,0.1550,0.1550,0.1450,0.1500,34451,0
D,2014-08-11,0.1350,0.1550,0.1350,0.1500,110129,0
D,2014-08-08,0.1400,0.1400,0.1300,0.1400,22509,0
D,2014-08-07,0.1400,0.1450,0.1350,0.1450,10686,0
D,2014-08-06,0.1350,0.1400,0.1350,0.1400,12675,0
D,2014-08-05,0.1400,0.1400,0.1350,0.1400,19028,0
D,2014-08-04,0.1400,0.1400,0.1350,0.1350,13439,0
D,2014-08-01,0.1350,0.1400,0.1350,0.1400,18990,0
D,2014-07-31,0.1350,0.1450,0.1350,0.1350,33225,0
D,2014-07-30,0.1300,0.1350,0.1300,0.1350,23111,0
D,2014-07-25,0.1300,0.1300,0.1250,0.1300,7005,0
D,2014-07-24,0.1350,0.1350,0.1300,0.1350,17001,0
D,2014-07-23,0.1400,0.1400,0.1350,0.1350,18832,0
D,2014-07-22,0.1350,0.1450,0.1300,0.1400,65467,0
D,2014-07-21,0.1300,0.1350,0.1300,0.1350,6660,0
D,2014-07-18,0.1250,0.1350,0.1250,0.1350,35370,0
D,2014-07-17,0.1250,0.1300,0.1200,0.1300,40653,0
D,2014-07-16,0.1150,0.1250,0.1150,0.1250,23930,0
D,2014-07-14,0.1150,0.1200,0.1150,0.1200,380,0
D,2014-07-11,0.1150,0.1200,0.1150,0.1200,6470,0
D,2014-07-10,0.1200,0.1200,0.1150,0.1200,5900,0
D,2014-07-09,0.1150,0.1150,0.1150,0.1150,1642,0
D,2014-07-08,0.1150,0.1200,0.1100,0.1200,5050,0
D,2014-07-07,0.1200,0.1200,0.1150,0.1150,3312,0
D,2014-07-04,0.1200,0.1200,0.1150,0.1200,11729,0
D,2014-07-03,0.1150,0.1200,0.1150,0.1150,7198,0
D,2014-07-02,0.1150,0.1200,0.1150,0.1150,6580,0
D,2014-07-01,0.1200,0.1200,0.1150,0.1200,3600,0
D,2014-06-30,0.1150,0.1250,0.1150,0.1200,16360,0
D,2014-06-27,0.1150,0.1150,0.1150,0.1150,3300,0
D,2014-06-26,0.1200,0.1200,0.1150,0.1200,3200,0
D,2014-06-25,0.1250,0.1250,0.1200,0.1200,8049,0
D,2014-06-24,0.1250,0.1300,0.1250,0.1250,36493,0
D,2014-06-23,0.1200,0.1200,0.1150,0.1200,13650,0
D,2014-06-20,0.1200,0.1200,0.1150,0.1150,9418,0
D,2014-06-19,0.1150,0.1200,0.1150,0.1200,16421,0
D,2014-06-18,0.1100,0.1150,0.1100,0.1100,3290,0
D,2014-06-17,0.1100,0.1100,0.1050,0.1100,10512,0
D,2014-06-16,0.1100,0.1100,0.1100,0.1100,5980,0
D,2014-06-13,0.1100,0.1150,0.1100,0.1150,11057,0
D,2014-06-12,0.1100,0.1100,0.1050,0.1100,3252,0
D,2014-06-11,0.1050,0.1200,0.1050,0.1100,60893,0
D,2014-06-10,0.0950,0.1050,0.0950,0.1050,10400,0
D,2014-06-09,0.0950,0.0950,0.0950,0.0950,1303,0
D,2014-06-06,0.0950,0.0950,0.0900,0.0900,1800,0
D,2014-06-05,0.0950,0.0950,0.0950,0.0950,650,0
D,2014-06-04,0.0950,0.0950,0.0950,0.0950,4100,0
D,2014-06-03,0.1000,0.1000,0.1000,0.1000,0,0
D,2014-06-02,0.1050,0.1050,0.1000,0.1000,12840,0
D,2014-05-30,0.0950,0.0950,0.0950,0.0950,0,0
D,2014-05-29,0.0950,0.0950,0.0950,0.0950,2930,0
D,2014-05-28,0.0950,0.0950,0.0950,0.0950,300,0
D,2014-05-27,0.0950,0.0950,0.0950,0.0950,3000,0
D,2014-05-26,0.0950,0.0950,0.0950,0.0950,4511,0
D,2014-05-23,0.0900,0.0950,0.0900,0.0950,1747,0
D,2014-05-22,0.0900,0.1000,0.0900,0.1000,301,0
D,2014-05-21,0.0950,0.0950,0.0950,0.0950,1250,0
D,2014-05-20,0.0900,0.0950,0.0900,0.0950,6425,0
D,2014-05-19,0.0900,0.0950,0.0900,0.0950,1351,0
D,2014-05-16,0.0900,0.0900,0.0900,0.0900,500,0
D,2014-05-15,0.0900,0.0950,0.0900,0.0950,650,0
D,2014-05-14,0.0900,0.0900,0.0900,0.0900,2200,0
D,2014-05-12,0.0950,0.0950,0.0900,0.0900,1480,0
D,2014-05-09,0.0950,0.0950,0.0950,0.0950,731,0
D,2014-05-08,0.0950,0.0950,0.0950,0.0950,100,0
D,2014-05-07,0.0900,0.0950,0.0900,0.0950,5518,0
D,2014-05-06,0.0900,0.0900,0.0900,0.0900,1745,0
D,2014-05-05,0.0900,0.0900,0.0900,0.0900,3908,0
D,2014-05-02,0.0950,0.0950,0.0900,0.0900,1165,0
D,2014-04-30,0.0900,0.0900,0.0900,0.0900,1500,0
D,2014-04-29,0.0950,0.0950,0.0900,0.0950,14655,0
D,2014-04-28,0.0950,0.1000,0.0950,0.0950,6345,0
D,2014-04-25,0.0950,0.0950,0.0950,0.0950,500,0
D,2014-04-24,0.1000,0.1000,0.0950,0.0950,3980,0
D,2014-04-23,0.1000,0.1000,0.0950,0.1000,2270,0
D,2014-04-22,0.0950,0.1000,0.0950,0.0950,1770,0
D,2014-04-21,0.1000,0.1000,0.0950,0.0950,3690,0
D,2014-04-18,0.0950,0.1000,0.0950,0.1000,4400,0
D,2014-04-17,0.0950,0.1000,0.0900,0.0900,6615,0
D,2014-04-16,0.0950,0.0950,0.0950,0.0950,1390,0
D,2014-04-15,0.0950,0.1000,0.0950,0.1000,170,0
D,2014-04-14,0.0950,0.1000,0.0950,0.1000,9385,0
D,2014-04-11,0.0950,0.1000,0.0950,0.1000,2800,0
D,2014-04-10,0.1000,0.1000,0.1000,0.1000,550,0
D,2014-04-09,0.1000,0.1000,0.1000,0.1000,426,0
D,2014-04-08,0.1000,0.1000,0.1000,0.1000,700,0
D,2014-04-07,0.1000,0.1000,0.1000,0.1000,4110,0
D,2014-04-04,0.1000,0.1000,0.0950,0.0950,2040,0
D,2014-04-03,0.1000,0.1050,0.1000,0.1050,8396,0
D,2014-04-02,0.1050,0.1050,0.1000,0.1000,3251,0
D,2014-04-01,0.1000,0.1000,0.1000,0.1000,1731,0
D,2014-03-31,0.1000,0.1000,0.1000,0.1000,2010,0
D,2014-03-28,0.1000,0.1050,0.1000,0.1050,485,0
D,2014-03-27,0.1000,0.1050,0.1000,0.1000,2633,0
D,2014-03-26,0.1000,0.1050,0.1000,0.1000,1450,0
D,2014-03-25,0.1000,0.1050,0.1000,0.1000,4215,0
D,2014-03-24,0.1050,0.1050,0.1000,0.1000,1890,0
D,2014-03-21,0.1000,0.1050,0.1000,0.1050,932,0
D,2014-03-20,0.1050,0.1050,0.1000,0.1000,760,0
D,2014-03-19,0.1050,0.1100,0.1050,0.1050,10061,0
D,2014-03-18,0.1050,0.1050,0.1000,0.1050,3280,0
D,2014-03-17,0.1000,0.1000,0.1000,0.1000,100,0
D,2014-03-14,0.1000,0.1050,0.1000,0.1050,5520,0
D,2014-03-13,0.1050,0.1050,0.1050,0.1050,4906,0
D,2014-03-12,0.1050,0.1050,0.1050,0.1050,200,0
D,2014-03-11,0.1050,0.1050,0.1050,0.1050,9275,0
D,2014-03-10,0.1050,0.1100,0.1050,0.1100,11171,0
D,2014-03-07,0.1100,0.1100,0.1050,0.1050,2460,0
D,2014-03-06,0.1100,0.1100,0.1050,0.1100,967,0
D,2014-03-05,0.1100,0.1100,0.1100,0.1100,4700,0
D,2014-03-04,0.1050,0.1100,0.1050,0.1100,6206,0
D,2014-03-03,0.1100,0.1100,0.1050,0.1050,7114,0
D,2014-02-28,0.1100,0.1150,0.1100,0.1100,3696,0
D,2014-02-27,0.1100,0.1150,0.1100,0.1100,10110,0
D,2014-02-26,0.1100,0.1150,0.1100,0.1100,29909,0
D,2014-02-25,0.1150,0.1150,0.1100,0.1100,9874,0
D,2014-02-24,0.1150,0.1200,0.1100,0.1150,25890,0
D,2014-02-21,0.1150,0.1200,0.1150,0.1150,96780,0
D,2014-02-20,0.1150,0.1200,0.1100,0.1100,128375,0
D,2014-02-19,0.1200,0.1250,0.1150,0.1250,8482,0
D,2014-02-18,0.1200,0.1250,0.1200,0.1250,9253,0
D,2014-02-17,0.1200,0.1300,0.1200,0.1200,70492,0
D,2014-02-14,0.1150,0.1200,0.1150,0.1200,10621,0
D,2014-02-13,0.1200,0.1200,0.1150,0.1150,29073,0
D,2014-02-12,0.1200,0.1250,0.1150,0.1200,18703,0
D,2014-02-11,0.1200,0.1250,0.1150,0.1200,18955,0
D,2014-02-10,0.1300,0.1300,0.1200,0.1200,47918,0
D,2014-02-07,0.1550,0.1750,0.1250,0.1300,269301,0
D,2014-02-06,0.1700,0.1800,0.1450,0.1550,67632,0
D,2014-02-05,0.1600,0.2000,0.1550,0.1650,84812,0
D,2014-02-04,0.1550,0.1650,0.1500,0.1550,9850,0
D,2014-01-30,0.1500,0.1550,0.1500,0.1550,2100,0
D,2014-01-29,0.1400,0.1400,0.1400,0.1400,0,0
D,2014-01-28,0.1400,0.1400,0.1400,0.1400,150,0
D,2014-01-27,0.1400,0.1400,0.1400,0.1400,80,0
D,2014-01-24,0.1450,0.1450,0.1450,0.1450,1100,0
D,2014-01-23,0.1450,0.1450,0.1400,0.1450,1199,0
D,2014-01-22,0.1400,0.1450,0.1400,0.1450,383,0
D,2014-01-21,0.1450,0.1450,0.1450,0.1450,0,0
D,2014-01-20,0.1450,0.1450,0.1450,0.1450,0,0
D,2014-01-16,0.1500,0.1500,0.1450,0.1450,2750,0
D,2014-01-15,0.1450,0.1450,0.1450,0.1450,0,0
D,2014-01-13,0.1400,0.1450,0.1400,0.1450,1000,0
D,2014-01-10,0.1400,0.1400,0.1400,0.1400,290,0
D,2014-01-09,0.1250,0.1300,0.1250,0.1300,300,0
D,2014-01-08,0.1400,0.1400,0.1400,0.1400,500,0
D,2014-01-07,0.1200,0.1200,0.1200,0.1200,0,0
D,2014-01-06,0.1200,0.1200,0.1200,0.1200,30,0
D,2014-01-03,0.1250,0.1250,0.1250,0.1250,0,0
D,2014-01-02,0.1250,0.1250,0.1250,0.1250,0,0
D,2013-12-31,0.1250,0.1250,0.1250,0.1250,0,0
D,2013-12-30,0.1250,0.1250,0.1250,0.1250,30,0
D,2013-12-27,0.1250,0.1250,0.1250,0.1250,0,0
D,2013-12-26,0.1250,0.1250,0.1250,0.1250,0,0
D,2013-12-24,0.1250,0.1250,0.1250,0.1250,0,0
D,2013-12-23,0.1250,0.1250,0.1250,0.1250,0,0
D,2013-12-20,0.1250,0.1250,0.1250,0.1250,0,0
D,2013-12-19,0.1250,0.1250,0.1250,0.1250,0,0
D,2013-12-18,0.1250,0.1250,0.1250,0.1250,0,0
D,2013-12-17,0.1250,0.1250,0.1250,0.1250,0,0
D,2013-12-16,0.1250,0.1250,0.1250,0.1250,0,0
D,2013-12-13,0.1250,0.1250,0.1250,0.1250,0,0
D,2013-12-12,0.1250,0.1250,0.1250,0.1250,0,0
D,2013-12-11,0.1250,0.1250,0.1250,0.1250,500,0
D,2013-12-10,0.1250,0.1250,0.1250,0.1250,0,0
D,2013-12-09,0.1250,0.1250,0.1250,0.1250,0,0
D,2013-12-06,0.1250,0.1250,0.1250,0.1250,500,0
D,2013-12-05,0.1300,0.1300,0.1300,0.1300,0,0
D,2013-12-04,0.1300,0.1300,0.1300,0.1300,0,0
D,2013-12-03,0.1300,0.1300,0.1300,0.1300,400,0
D,2013-12-02,0.1300,0.1300,0.1300,0.1300,400,0
D,2013-11-29,0.1300,0.1300,0.1300,0.1300,200,0
D,2013-11-28,0.1400,0.1400,0.1400,0.1400,0,0
D,2013-11-27,0.1400,0.1400,0.1400,0.1400,100,0
D,2013-11-26,0.1300,0.1300,0.1300,0.1300,500,0
D,2013-11-25,0.1300,0.1350,0.1300,0.1350,690,0
D,2013-11-22,0.1350,0.1350,0.1350,0.1350,0,0
D,2013-11-21,0.1300,0.1350,0.1300,0.1350,1000,0
D,2013-11-20,0.1300,0.1300,0.1300,0.1300,220,0
D,2013-11-19,0.1250,0.1250,0.1250,0.1250,0,0
D,2013-11-18,0.1250,0.1250,0.1250,0.1250,330,0
D,2013-11-15,0.1350,0.1350,0.1350,0.1350,1000,0
D,2013-11-14,0.1350,0.1350,0.1350,0.1350,0,0
D,2013-11-13,0.1350,0.1350,0.1350,0.1350,0,0
D,2013-11-12,0.1350,0.1350,0.1350,0.1350,0,0
D,2013-11-11,0.1400,0.1400,0.1350,0.1350,600,0
D,2013-11-08,0.1200,0.1200,0.1200,0.1200,0,0
D,2013-11-07,0.1200,0.1200,0.1200,0.1200,0,0
D,2013-11-06,0.1200,0.1200,0.1200,0.1200,0,0
D,2013-11-04,0.1200,0.1200,0.1200,0.1200,0,0
D,2013-11-01,0.1400,0.1400,0.1200,0.1200,540,0
D,2013-10-31,0.1400,0.1400,0.1350,0.1400,1000,0
D,2013-10-30,0.1200,0.1200,0.1200,0.1200,10,0
D,2013-10-29,0.1250,0.1250,0.1250,0.1250,0,0
D,2013-10-28,0.1250,0.1250,0.1250,0.1250,10,0
D,2013-10-25,0.1250,0.1250,0.1250,0.1250,376,0
D,2013-10-24,0.1250,0.1250,0.1250,0.1250,2000,0
D,2013-10-23,0.1300,0.1300,0.1300,0.1300,1800,0
D,2013-10-22,0.1200,0.1200,0.1200,0.1200,0,0
D,2013-10-21,0.1250,0.1300,0.1200,0.1200,310,0
D,2013-10-18,0.1350,0.1350,0.1350,0.1350,0,0
D,2013-10-17,0.1350,0.1350,0.1350,0.1350,100,0
D,2013-10-16,0.1350,0.1350,0.1350,0.1350,0,0
D,2013-10-14,0.1350,0.1350,0.1350,0.1350,500,0
D,2013-10-11,0.1450,0.1450,0.1450,0.1450,0,0
D,2013-10-10,0.1450,0.1450,0.1450,0.1450,0,0
D,2013-10-09,0.1450,0.1450,0.1450,0.1450,0,0
D,2013-10-08,0.1450,0.1450,0.1450,0.1450,100,0
D,2013-10-07,0.1400,0.1400,0.1400,0.1400,10,0
D,2013-10-04,0.1300,0.1300,0.1300,0.1300,0,0
D,2013-10-03,0.1150,0.1300,0.1150,0.1300,200,0
D,2013-10-02,0.1300,0.1300,0.1300,0.1300,0,0
D,2013-10-01,0.1300,0.1300,0.1300,0.1300,100,0
D,2013-09-30,0.1450,0.1450,0.1450,0.1450,0,0
D,2013-09-27,0.1450,0.1450,0.1450,0.1450,700,0
D,2013-09-26,0.1400,0.1400,0.1400,0.1400,0,0
D,2013-09-25,0.1400,0.1400,0.1400,0.1400,0,0
D,2013-09-24,0.1300,0.1400,0.1300,0.1400,230,0
D,2013-09-23,0.1450,0.1450,0.1400,0.1400,700,0
D,2013-09-20,0.1400,0.1400,0.1400,0.1400,0,0
D,2013-09-19,0.1400,0.1400,0.1400,0.1400,400,0
D,2013-09-18,0.1450,0.1450,0.1450,0.1450,0,0
D,2013-09-17,0.1500,0.1500,0.1450,0.1450,2800,0
D,2013-09-13,0.1450,0.1450,0.1450,0.1450,0,0
D,2013-09-12,0.1450,0.1450,0.1450,0.1450,0,0
D,2013-09-11,0.1450,0.1450,0.1450,0.1450,100,0
D,2013-09-10,0.1200,0.1200,0.1200,0.1200,0,0
D,2013-09-09,0.1200,0.1200,0.1200,0.1200,300,0
D,2013-09-06,0.1150,0.1150,0.1150,0.1150,1000,0
D,2013-09-05,0.1150,0.1150,0.1150,0.1150,0,0
D,2013-09-04,0.1150,0.1150,0.1150,0.1150,150,0
D,2013-09-03,0.1150,0.1150,0.1150,0.1150,620,0
D,2013-09-02,0.1100,0.1100,0.1100,0.1100,0,0
D,2013-08-30,0.1100,0.1100,0.1100,0.1100,50,0
D,2013-08-29,0.1050,0.1150,0.1050,0.1150,1080,0
D,2013-08-28,0.1050,0.1100,0.1000,0.1100,3280,0
D,2013-08-27,0.1150,0.1150,0.1100,0.1100,1560,0
D,2013-08-26,0.1200,0.1300,0.1150,0.1150,260,0
D,2013-08-23,0.1250,0.1250,0.1250,0.1250,0,0
D,2013-08-22,0.1250,0.1250,0.1250,0.1250,190,0
D,2013-08-21,0.1250,0.1250,0.1150,0.1250,1060,0
D,2013-08-20,0.1300,0.1350,0.1300,0.1350,924,0
D,2013-08-19,0.1450,0.1450,0.1400,0.1400,400,0
D,2013-08-16,0.1500,0.1500,0.1400,0.1450,7395,0
D,2013-08-15,0.1350,0.1550,0.1350,0.1450,13050,0
D,2013-08-14,0.1050,0.1050,0.1050,0.1050,0,0
D,2013-08-13,0.1050,0.1050,0.1050,0.1050,0,0
D,2013-08-12,0.1050,0.1050,0.1050,0.1050,200,0
D,2013-08-07,0.1050,0.1050,0.1050,0.1050,0,0
D,2013-08-06,0.1050,0.1050,0.1050,0.1050,0,0
D,2013-08-05,0.1050,0.1050,0.1050,0.1050,1050,0
D,2013-08-02,0.1050,0.1050,0.1050,0.1050,800,0
D,2013-08-01,0.1100,0.1100,0.1100,0.1100,0,0
D,2013-07-31,0.1100,0.1100,0.1100,0.1100,1000,0
D,2013-07-30,0.1050,0.1050,0.1050,0.1050,410,0
D,2013-07-29,0.1100,0.1100,0.1100,0.1100,0,0
D,2013-07-26,0.1100,0.1100,0.1100,0.1100,0,0
D,2013-07-25,0.1100,0.1100,0.1100,0.1100,0,0
D,2013-07-24,0.1100,0.1100,0.1100,0.1100,500,0
D,2013-07-23,0.1050,0.1050,0.1050,0.1050,0,0
D,2013-07-22,0.1050,0.1050,0.1050,0.1050,0,0
D,2013-07-19,0.1050,0.1050,0.1050,0.1050,0,0
D,2013-07-18,0.1050,0.1050,0.1050,0.1050,300,0
D,2013-07-17,0.1050,0.1050,0.1050,0.1050,595,0
D,2013-07-16,0.1050,0.1050,0.1050,0.1050,0,0
D,2013-07-15,0.1050,0.1050,0.1050,0.1050,399,0
D,2013-07-12,0.1100,0.1100,0.1100,0.1100,0,0
D,2013-07-11,0.1100,0.1100,0.1100,0.1100,0,0
D,2013-07-10,0.1100,0.1100,0.1100,0.1100,0,0
D,2013-07-09,0.1100,0.1100,0.1100,0.1100,0,0
D,2013-07-08,0.1100,0.1100,0.1100,0.1100,0,0
D,2013-07-05,0.1100,0.1100,0.1100,0.1100,130,0
D,2013-07-04,0.1050,0.1050,0.1050,0.1050,401,0
D,2013-07-03,0.1050,0.1050,0.1050,0.1050,0,0
D,2013-07-02,0.1050,0.1050,0.1050,0.1050,50,0
D,2013-07-01,0.1100,0.1100,0.1100,0.1100,0,0
D,2013-06-28,0.1100,0.1100,0.1100,0.1100,150,0
D,2013-06-27,0.1050,0.1100,0.1050,0.1100,301,0
D,2013-06-26,0.1050,0.1050,0.1050,0.1050,0,0
D,2013-06-25,0.1050,0.1050,0.1050,0.1050,700,0
D,2013-06-24,0.1050,0.1050,0.1050,0.1050,100,0
D,2013-06-21,0.1050,0.1050,0.1050,0.1050,0,0
D,2013-06-20,0.1050,0.1050,0.1050,0.1050,800,0
D,2013-06-19,0.1050,0.1050,0.1050,0.1050,1500,0
D,2013-06-18,0.1050,0.1050,0.1050,0.1050,0,0
D,2013-06-17,0.1050,0.1050,0.1050,0.1050,1100,0
D,2013-06-14,0.1050,0.1050,0.1050,0.1050,0,0
D,2013-06-13,0.1050,0.1050,0.1000,0.1050,2934,0
D,2013-06-12,0.1050,0.1050,0.1050,0.1050,800,0
D,2013-06-11,0.1050,0.1050,0.1050,0.1050,696,0
D,2013-06-10,0.1100,0.1100,0.1100,0.1100,100,0
D,2013-06-07,0.1050,0.1100,0.1050,0.1100,3200,0
D,2013-06-06,0.1150,0.1150,0.1150,0.1150,300,0
D,2013-06-05,0.1050,0.1050,0.1050,0.1050,1600,0
D,2013-06-04,0.1050,0.1050,0.1050,0.1050,0,0
D,2013-06-03,0.1000,0.1050,0.0900,0.1050,4716,0
D,2013-05-31,0.1200,0.1200,0.1100,0.1100,4580,0
D,2013-05-30,0.1300,0.1300,0.1150,0.1200,4110,0
D,2013-05-29,0.1300,0.1350,0.1250,0.1250,8600,0
D,2013-05-28,0.1400,0.1400,0.1400,0.1400,0,0
D,2013-05-27,0.1400,0.1400,0.1400,0.1400,100,0
D,2013-05-23,0.1350,0.1450,0.1350,0.1400,6400,0
D,2013-05-22,0.1300,0.1300,0.1300,0.1300,100,0
D,2013-05-21,0.1300,0.1300,0.1300,0.1300,378,0
D,2013-05-20,0.1300,0.1300,0.1300,0.1300,1000,0
D,2013-05-17,0.1250,0.1250,0.1250,0.1250,0,0
D,2013-05-16,0.1250,0.1250,0.1250,0.1250,700,0
D,2013-05-15,0.1250,0.1250,0.1250,0.1250,4099,0
D,2013-05-14,0.1200,0.1200,0.1200,0.1200,1007,0
D,2013-05-13,0.1100,0.1250,0.1100,0.1200,2001,0
D,2013-05-10,0.1050,0.1050,0.1050,0.1050,1200,0
D,2013-05-09,0.1050,0.1150,0.1050,0.1150,601,0
D,2013-05-08,0.1150,0.1150,0.1150,0.1150,400,0
D,2013-05-07,0.1150,0.1150,0.1150,0.1150,0,0
D,2013-05-06,0.1100,0.1150,0.1100,0.1150,1200,0
D,2013-05-03,0.1050,0.1100,0.1050,0.1100,800,0
D,2013-05-02,0.1100,0.1100,0.1100,0.1100,500,0
D,2013-04-30,0.1100,0.1100,0.1100,0.1100,0,0
D,2013-04-29,0.1100,0.1100,0.1100,0.1100,0,0
D,2013-04-26,0.1100,0.1100,0.1100,0.1100,800,0
D,2013-04-25,0.1100,0.1100,0.1100,0.1100,0,0
D,2013-04-24,0.1100,0.1100,0.1100,0.1100,580,0
D,2013-04-23,0.1150,0.1150,0.1050,0.1100,2660,0
D,2013-04-22,0.1150,0.1200,0.1150,0.1150,488,0
D,2013-04-19,0.1100,0.1100,0.1100,0.1100,0,0
D,2013-04-18,0.1100,0.1100,0.1100,0.1100,0,0
D,2013-04-17,0.1100,0.1100,0.1100,0.1100,50,0
D,2013-04-16,0.1150,0.1200,0.1100,0.1100,708,0
D,2013-04-15,0.1200,0.1200,0.1200,0.1200,0,0
D,2013-04-12,0.1200,0.1200,0.1200,0.1200,0,0
D,2013-04-11,0.1200,0.1200,0.1200,0.1200,0,0
D,2013-04-10,0.1200,0.1200,0.1200,0.1200,750,0
D,2013-04-09,0.1200,0.1200,0.1200,0.1200,0,0
D,2013-04-08,0.1200,0.1200,0.1200,0.1200,851,0
D,2013-04-05,0.1200,0.1200,0.1200,0.1200,0,0
D,2013-04-04,0.1200,0.1200,0.1050,0.1200,1101,0
D,2013-04-03,0.1250,0.1250,0.0950,0.1200,2161,0
D,2013-04-02,0.1300,0.1300,0.1300,0.1300,500,0
D,2013-04-01,0.1300,0.1300,0.1300,0.1300,100,0
D,2013-03-29,0.1300,0.1300,0.1300,0.1300,1800,0
D,2013-03-28,0.1250,0.1300,0.1250,0.1300,1520,0
D,2013-03-27,0.1250,0.1400,0.1250,0.1300,2703,0
D,2013-03-26,0.1350,0.1350,0.1300,0.1350,1050,0
D,2013-03-25,0.1350,0.1350,0.1300,0.1300,1162,0
D,2013-03-22,0.1400,0.1400,0.1400,0.1400,0,0
D,2013-03-21,0.1400,0.1400,0.1400,0.1400,0,0
D,2013-03-20,0.1450,0.1450,0.1400,0.1400,589,0
D,2013-03-19,0.1400,0.1400,0.1400,0.1400,200,0
D,2013-03-18,0.1500,0.1500,0.1500,0.1500,0,0
D,2013-03-15,0.1500,0.1500,0.1500,0.1500,80,0
D,2013-03-14,0.1450,0.1450,0.1450,0.1450,100,0
D,2013-03-13,0.1450,0.1450,0.1450,0.1450,250,0
D,2013-03-12,0.1400,0.1500,0.1400,0.1500,1280,0
D,2013-03-11,0.1500,0.1500,0.1500,0.1500,500,0
D,2013-03-08,0.1600,0.1600,0.1450,0.1500,1221,0
D,2013-03-07,0.1600,0.1600,0.1600,0.1600,250,0
D,2013-03-06,0.1500,0.1550,0.1500,0.1550,2250,0
D,2013-03-05,0.1550,0.1550,0.1550,0.1550,0,0
D,2013-03-04,0.1600,0.1600,0.1550,0.1550,298,0
D,2013-03-01,0.1600,0.2100,0.1400,0.2100,955,0
D,2013-02-28,0.1400,0.1500,0.1400,0.1500,450,0
D,2013-02-27,0.1500,0.1500,0.1500,0.1500,0,0
D,2013-02-26,0.1500,0.1500,0.1500,0.1500,0,0
D,2013-02-25,0.1500,0.1500,0.1500,0.1500,0,0
D,2013-02-22,0.1500,0.1500,0.1500,0.1500,0,0
D,2013-02-21,0.1500,0.1500,0.1500,0.1500,0,0
D,2013-02-20,0.1500,0.1500,0.1500,0.1500,0,0
D,2013-02-19,0.1500,0.1500,0.1500,0.1500,0,0
D,2013-02-18,0.1500,0.1500,0.1500,0.1500,0,0
D,2013-02-15,0.1500,0.1500,0.1500,0.1500,0,0
D,2013-02-14,0.1500,0.1500,0.1500,0.1500,0,0
D,2013-02-13,0.1500,0.1500,0.1500,0.1500,0,0
D,2013-02-08,0.1500,0.1500,0.1500,0.1500,0,0
D,2013-02-07,0.1500,0.1500,0.1500,0.1500,0,0
D,2013-02-06,0.1500,0.1500,0.1500,0.1500,0,0
D,2013-02-05,0.1500,0.1500,0.1500,0.1500,0,0
D,2013-02-04,0.1500,0.1500,0.1500,0.1500,0,0
D,2013-01-31,0.1500,0.1500,0.1500,0.1500,0,0
D,2013-01-30,0.1500,0.1500,0.1500,0.1500,0,0
D,2013-01-29,0.1500,0.1500,0.1500,0.1500,200,0
D,2013-01-25,0.1500,0.1500,0.1500,0.1500,0,0
D,2013-01-23,0.1800,0.1850,0.1500,0.1500,100,0
D,2013-01-22,0.1400,0.1550,0.1400,0.1550,190,0
D,2013-01-21,0.2100,0.2100,0.2100,0.2100,0,0
D,2013-01-18,0.2100,0.2100,0.2100,0.2100,0,0
D,2013-01-17,0.2100,0.2100,0.2100,0.2100,0,0
D,2013-01-16,0.2100,0.2100,0.2100,0.2100,0,0
D,2013-01-15,0.2100,0.2100,0.2100,0.2100,0,0
D,2013-01-14,0.2100,0.2100,0.2100,0.2100,0,0
D,2013-01-11,0.2100,0.2100,0.2100,0.2100,0,0
D,2013-01-10,0.2100,0.2100,0.2100,0.2100,0,0
D,2013-01-09,0.1500,0.2100,0.1500,0.2100,105,0
D,2013-01-08,0.1600,0.1600,0.1600,0.1600,0,0
D,2013-01-07,0.1600,0.1600,0.1600,0.1600,230,0
D,2013-01-04,0.1800,0.1800,0.1800,0.1800,0,0
D,2013-01-03,0.1800,0.1800,0.1800,0.1800,0,0
D,2013-01-02,0.1600,0.1800,0.1600,0.1800,200,0
D,2012-12-31,0.1400,0.1600,0.1400,0.1600,690,0
D,2012-12-28,0.1700,0.1700,0.1700,0.1700,0,0
D,2012-12-27,0.1700,0.1700,0.1700,0.1700,0,0
D,2012-12-26,0.1700,0.1700,0.1700,0.1700,0,0
D,2012-12-24,0.1700,0.1700,0.1700,0.1700,0,0
D,2012-12-21,0.1700,0.1700,0.1700,0.1700,0,0
D,2012-12-20,0.1700,0.1700,0.1700,0.1700,0,0
D,2012-12-19,0.1700,0.1700,0.1700,0.1700,0,0
D,2012-12-18,0.1700,0.1700,0.1700,0.1700,0,0
D,2012-12-17,0.1700,0.1700,0.1700,0.1700,550,0
D,2012-12-14,0.1700,0.1700,0.1700,0.1700,100,0
D,2012-12-13,0.1700,0.1700,0.1700,0.1700,0,0
D,2012-12-12,0.1700,0.1700,0.1700,0.1700,0,0
D,2012-12-11,0.1700,0.1700,0.1700,0.1700,0,0
D,2012-12-10,0.1700,0.1700,0.1700,0.1700,0,0
D,2012-12-07,0.1700,0.1700,0.1700,0.1700,0,0
D,2012-12-06,0.1700,0.1700,0.1700,0.1700,0,0
D,2012-12-05,0.1700,0.1700,0.1700,0.1700,0,0
D,2012-12-04,0.1700,0.1700,0.1700,0.1700,0,0
D,2012-12-03,0.1700,0.1700,0.1700,0.1700,0,0
D,2012-11-30,0.1700,0.1700,0.1700,0.1700,0,0
D,2012-11-29,0.1700,0.1700,0.1700,0.1700,0,0
D,2012-11-28,0.1700,0.1700,0.1700,0.1700,0,0
D,2012-11-27,0.1700,0.1700,0.1700,0.1700,0,0
D,2012-11-26,0.1700,0.1700,0.1700,0.1700,0,0
D,2012-11-23,0.1700,0.1700,0.1700,0.1700,0,0
D,2012-11-22,0.1700,0.1700,0.1700,0.1700,30,0
D,2012-11-21,0.1700,0.1700,0.1700,0.1700,0,0
D,2012-11-20,0.1700,0.1700,0.1700,0.1700,0,0
D,2012-11-19,0.1700,0.1700,0.1700,0.1700,0,0
D,2012-11-16,0.1700,0.1700,0.1700,0.1700,0,0
D,2012-11-14,0.1700,0.1700,0.1700,0.1700,0,0
D,2012-11-12,0.1700,0.1700,0.1700,0.1700,0,0
D,2012-11-09,0.1700,0.1700,0.1700,0.1700,0,0
D,2012-11-08,0.1700,0.1700,0.1700,0.1700,0,0
D,2012-11-07,0.1700,0.1700,0.1700,0.1700,0,0
D,2012-11-06,0.1700,0.1800,0.1700,0.1700,1000,0
D,2012-11-05,0.1800,0.1800,0.1800,0.1800,0,0
D,2012-11-02,0.1800,0.1800,0.1800,0.1800,0,0
D,2012-11-01,0.1800,0.1800,0.1800,0.1800,300,0
D,2012-10-31,0.1800,0.1800,0.1800,0.1800,0,0
D,2012-10-30,0.1800,0.1800,0.1800,0.1800,400,0
D,2012-10-29,0.1800,0.1800,0.1800,0.1800,400,0
D,2012-10-25,0.1750,0.1750,0.1750,0.1750,0,0
D,2012-10-24,0.1750,0.1750,0.1750,0.1750,0,0
D,2012-10-23,0.1750,0.1750,0.1750,0.1750,0,0
D,2012-10-22,0.1750,0.1750,0.1750,0.1750,0,0
D,2012-10-19,0.1750,0.1750,0.1750,0.1750,0,0
D,2012-10-18,0.1750,0.1750,0.1750,0.1750,20,0
D,2012-10-17,0.2000,0.2000,0.2000,0.2000,0,0
D,2012-10-16,0.2000,0.2000,0.2000,0.2000,0,0
D,2012-10-15,0.2000,0.2000,0.2000,0.2000,0,0
D,2012-10-12,0.2000,0.2000,0.2000,0.2000,0,0
D,2012-10-11,0.2000,0.2000,0.2000,0.2000,0,0
D,2012-10-10,0.2000,0.2000,0.2000,0.2000,0,0
D,2012-10-09,0.2000,0.2000,0.2000,0.2000,7500,0
D,2012-10-08,0.2000,0.2000,0.2000,0.2000,0,0
D,2012-10-05,0.2000,0.2000,0.2000,0.2000,0,0
D,2012-10-04,0.2000,0.2000,0.2000,0.2000,100,0
D,2012-10-03,0.2050,0.2050,0.2050,0.2050,0,0
D,2012-05-03,0.2150,0.2200,0.2150,0.2150,220,0
D,2012-05-02,0.2200,0.2200,0.2150,0.2150,980,0
