D,2014-10-14,0.0800,0.0800,0.0750,0.0750,265360,0
D,2014-10-13,0.0800,0.0850,0.0750,0.0800,181410,0
D,2014-10-10,0.0800,0.0850,0.0750,0.0800,270366,0
D,2014-10-09,0.0800,0.0850,0.0750,0.0800,337890,0
D,2014-10-08,0.0800,0.0800,0.0750,0.0750,365918,0
D,2014-10-07,0.0850,0.0900,0.0800,0.0800,295820,0
D,2014-10-03,0.0850,0.0900,0.0850,0.0900,109692,0
D,2014-10-02,0.0900,0.0900,0.0850,0.0850,297248,0
D,2014-10-01,0.0900,0.0950,0.0900,0.0900,273018,0
D,2014-09-30,0.0900,0.0950,0.0900,0.0900,227724,0
D,2014-09-29,0.0950,0.1000,0.0900,0.0950,101322,0
D,2014-09-26,0.0950,0.1000,0.0900,0.0950,393570,0
D,2014-09-25,0.1000,0.1000,0.0950,0.0950,119282,0
D,2014-09-24,0.0950,0.1000,0.0950,0.1000,753207,0
D,2014-09-23,0.0950,0.1000,0.0950,0.0950,123055,0
D,2014-09-22,0.1050,0.1050,0.0950,0.0950,494980,0
D,2014-09-19,0.1000,0.1050,0.1000,0.1000,233463,0
D,2014-09-18,0.1050,0.1050,0.1000,0.1000,605015,0
D,2014-09-17,0.1050,0.1050,0.1000,0.1050,291938,0
D,2014-09-15,0.1050,0.1100,0.1000,0.1050,1725128,0
D,2014-09-12,0.1050,0.1050,0.1000,0.1050,310982,0
D,2014-09-11,0.1050,0.1050,0.1000,0.1000,220079,0
D,2014-09-10,0.1000,0.1050,0.1000,0.1000,554416,0
D,2014-09-09,0.1050,0.1050,0.0950,0.1000,1402677,0
D,2014-09-08,0.1050,0.1050,0.1000,0.1000,267823,0
D,2014-09-05,0.1050,0.1050,0.1000,0.1050,1347225,0
D,2014-09-04,0.1050,0.1100,0.1000,0.1050,1556130,0
D,2014-09-03,0.1000,0.1100,0.0950,0.1000,2590223,0
D,2014-09-02,0.1000,0.1050,0.0950,0.0950,499664,0
D,2014-08-29,0.1000,0.1050,0.0950,0.1000,542468,0
D,2014-08-28,0.1100,0.1100,0.1000,0.1000,1590346,0
D,2014-08-27,0.1100,0.1150,0.1050,0.1100,985802,0
D,2014-08-26,0.1100,0.1150,0.1050,0.1100,1454420,0
D,2014-08-25,0.1150,0.1200,0.1000,0.1100,1865455,0
D,2014-08-22,0.1200,0.1250,0.1100,0.1150,1411901,0
D,2014-08-21,0.1200,0.1300,0.1150,0.1250,2190605,0
D,2014-08-20,0.1050,0.1400,0.1050,0.1200,10138884,0
D,2014-08-19,0.1050,0.1100,0.1050,0.1050,1501814,0
D,2014-08-18,0.0950,0.1100,0.0950,0.1050,3035646,0
D,2014-08-15,0.0950,0.1000,0.0900,0.0950,794566,0
D,2014-08-14,0.1000,0.1000,0.0900,0.0950,870565,0
D,2014-08-13,0.1000,0.1000,0.0950,0.0950,378227,0
D,2014-08-12,0.1000,0.1050,0.0950,0.1000,1486045,0
D,2014-08-11,0.0950,0.1050,0.0950,0.1000,3332452,0
D,2014-08-08,0.0750,0.0900,0.0750,0.0900,2351458,0
D,2014-08-07,0.0600,0.0800,0.0600,0.0700,1312008,0
D,2014-08-06,0.0650,0.0650,0.0600,0.0650,46470,0
D,2014-08-05,0.0600,0.0650,0.0600,0.0600,165480,0
D,2014-08-04,0.0600,0.0600,0.0550,0.0600,201822,0
D,2014-08-01,0.0550,0.0600,0.0550,0.0600,4187,0
D,2014-07-31,0.0550,0.0600,0.0550,0.0600,9196,0
D,2014-07-30,0.0550,0.0600,0.0550,0.0550,12274,0
D,2014-07-25,0.0550,0.0550,0.0550,0.0550,4145,0
D,2014-07-24,0.0550,0.0600,0.0550,0.0550,10097,0
D,2014-07-23,0.0550,0.0550,0.0550,0.0550,9365,0
D,2014-07-22,0.0550,0.0550,0.0550,0.0550,8350,0
D,2014-07-21,0.0550,0.0600,0.0550,0.0550,6045,0
D,2014-07-18,0.0600,0.0600,0.0550,0.0600,4555,0
D,2014-07-17,0.0550,0.0600,0.0550,0.0600,9524,0
D,2014-07-16,0.0600,0.0600,0.0550,0.0600,16191,0
D,2014-07-14,0.0550,0.0600,0.0550,0.0550,4291,0
D,2014-07-11,0.0550,0.0600,0.0550,0.0550,4321,0
D,2014-07-10,0.0550,0.0550,0.0550,0.0550,8424,0
D,2014-07-09,0.0550,0.0600,0.0550,0.0550,14531,0
D,2014-07-08,0.0550,0.0550,0.0550,0.0550,3623,0
D,2014-07-07,0.0550,0.0600,0.0550,0.0550,6602,0
D,2014-07-04,0.0550,0.0600,0.0550,0.0550,21291,0
D,2014-07-03,0.0550,0.0600,0.0550,0.0550,22865,0
D,2014-07-02,0.0550,0.0600,0.0550,0.0600,30339,0
D,2014-07-01,0.0550,0.0600,0.0550,0.0550,14585,0
D,2014-06-30,0.0550,0.0600,0.0550,0.0600,67935,0
D,2014-06-27,0.0550,0.0550,0.0500,0.0500,1005,0
D,2014-06-26,0.0550,0.0550,0.0500,0.0550,5130,0
D,2014-06-25,0.0550,0.0550,0.0500,0.0550,251,0
D,2014-06-24,0.0550,0.0550,0.0500,0.0550,13827,0
D,2014-06-23,0.0550,0.0550,0.0500,0.0550,14653,0
D,2014-06-20,0.0500,0.0550,0.0500,0.0550,6546,0
D,2014-06-19,0.0550,0.0550,0.0500,0.0500,18760,0
D,2014-06-18,0.0550,0.0550,0.0500,0.0500,952,0
D,2014-06-17,0.0500,0.0500,0.0500,0.0500,1164,0
D,2014-06-16,0.0550,0.0550,0.0500,0.0550,8775,0
D,2014-06-13,0.0500,0.0550,0.0500,0.0550,28682,0
D,2014-06-12,0.0500,0.0550,0.0500,0.0550,17481,0
D,2014-06-11,0.0500,0.0550,0.0500,0.0550,1450,0
D,2014-06-10,0.0550,0.0550,0.0500,0.0550,4810,0
D,2014-06-09,0.0550,0.0600,0.0550,0.0600,12113,0
D,2014-06-06,0.0550,0.0550,0.0550,0.0550,3976,0
D,2014-06-05,0.0600,0.0600,0.0550,0.0600,2188,0
D,2014-06-04,0.0500,0.0600,0.0500,0.0550,18835,0
D,2014-06-03,0.0550,0.0550,0.0500,0.0550,3455,0
D,2014-06-02,0.0600,0.0600,0.0500,0.0600,23328,0
D,2014-05-30,0.0550,0.0600,0.0500,0.0600,5574,0
D,2014-05-29,0.0550,0.0550,0.0500,0.0550,8676,0
D,2014-05-28,0.0500,0.0550,0.0500,0.0550,1696,0
D,2014-05-27,0.0550,0.0600,0.0500,0.0550,6603,0
D,2014-05-26,0.0550,0.0600,0.0500,0.0600,8265,0
D,2014-05-23,0.0550,0.0600,0.0550,0.0600,3805,0
D,2014-05-22,0.0550,0.0600,0.0500,0.0600,12498,0
D,2014-05-21,0.0550,0.0600,0.0550,0.0550,29203,0
D,2014-05-20,0.0550,0.0600,0.0500,0.0550,24741,0
D,2014-05-19,0.0600,0.0600,0.0500,0.0550,16561,0
D,2014-05-16,0.0550,0.0550,0.0550,0.0550,4693,0
D,2014-05-15,0.0550,0.0600,0.0550,0.0550,15666,0
D,2014-05-14,0.0550,0.0600,0.0550,0.0600,1920,0
D,2014-05-12,0.0550,0.0550,0.0550,0.0550,15367,0
D,2014-05-09,0.0600,0.0600,0.0600,0.0600,0,0
D,2014-05-08,0.0550,0.0600,0.0550,0.0600,2104,0
D,2014-05-07,0.0550,0.0600,0.0550,0.0600,4419,0
D,2014-05-06,0.0550,0.0550,0.0500,0.0550,2057,0
D,2014-05-05,0.0550,0.0600,0.0550,0.0550,22400,0
D,2014-05-02,0.0550,0.0600,0.0550,0.0600,6707,0
D,2014-04-30,0.0550,0.0550,0.0500,0.0500,20709,0
D,2014-04-29,0.0550,0.0550,0.0500,0.0550,156502,0
D,2014-04-28,0.0600,0.0600,0.0550,0.0600,23500,0
D,2014-04-25,0.0550,0.0600,0.0550,0.0600,49054,0
D,2014-04-24,0.0600,0.0600,0.0550,0.0550,20021,0
D,2014-04-23,0.0600,0.0600,0.0550,0.0600,3950,0
D,2014-04-22,0.0550,0.0550,0.0550,0.0550,20290,0
D,2014-04-21,0.0550,0.0600,0.0550,0.0600,29578,0
D,2014-04-18,0.0600,0.0600,0.0550,0.0600,63375,0
D,2014-04-17,0.0550,0.0600,0.0550,0.0600,651,0
D,2014-04-16,0.0600,0.0600,0.0600,0.0600,2100,0
D,2014-04-15,0.0550,0.0600,0.0550,0.0600,13231,0
D,2014-04-14,0.0550,0.0550,0.0550,0.0550,713,0
D,2014-04-11,0.0550,0.0550,0.0550,0.0550,19649,0
D,2014-04-10,0.0550,0.0600,0.0550,0.0600,21445,0
D,2014-04-09,0.0550,0.0600,0.0550,0.0600,1973,0
D,2014-04-08,0.0600,0.0600,0.0550,0.0550,4113,0
D,2014-04-07,0.0550,0.0600,0.0550,0.0600,6900,0
D,2014-04-04,0.0550,0.0600,0.0550,0.0550,1654,0
D,2014-04-03,0.0600,0.0600,0.0550,0.0600,8208,0
D,2014-04-02,0.0600,0.0600,0.0600,0.0600,1400,0
D,2014-04-01,0.0550,0.0600,0.0550,0.0600,1895,0
D,2014-03-31,0.0550,0.0600,0.0550,0.0600,10625,0
D,2014-03-28,0.0550,0.0550,0.0550,0.0550,855,0
D,2014-03-27,0.0550,0.0550,0.0550,0.0550,1245,0
D,2014-03-26,0.0550,0.0550,0.0550,0.0550,5668,0
D,2014-03-25,0.0550,0.0600,0.0550,0.0550,3609,0
D,2014-03-24,0.0600,0.0600,0.0600,0.0600,2500,0
D,2014-03-21,0.0550,0.0550,0.0550,0.0550,2180,0
D,2014-03-20,0.0550,0.0600,0.0550,0.0550,2950,0
D,2014-03-19,0.0550,0.0600,0.0550,0.0600,5498,0
D,2014-03-18,0.0550,0.0600,0.0550,0.0600,2076,0
D,2014-03-17,0.0600,0.0600,0.0550,0.0600,3541,0
D,2014-03-14,0.0600,0.0600,0.0550,0.0600,16549,0
D,2014-03-13,0.0600,0.0600,0.0600,0.0600,8160,0
D,2014-03-12,0.0600,0.0600,0.0550,0.0600,44518,0
D,2014-03-11,0.0650,0.0650,0.0600,0.0600,17293,0
D,2014-03-10,0.0600,0.0650,0.0600,0.0650,61459,0
D,2014-03-07,0.0600,0.0600,0.0600,0.0600,6688,0
D,2014-03-06,0.0600,0.0650,0.0600,0.0600,88983,0
D,2014-03-05,0.0600,0.0600,0.0600,0.0600,21847,0
D,2014-03-04,0.0600,0.0650,0.0600,0.0650,2833,0
D,2014-03-03,0.0600,0.0650,0.0600,0.0600,4983,0
D,2014-02-28,0.0600,0.0600,0.0600,0.0600,9915,0
D,2014-02-27,0.0600,0.0600,0.0600,0.0600,11320,0
D,2014-02-26,0.0650,0.0650,0.0600,0.0600,19010,0
D,2014-02-25,0.0650,0.0700,0.0600,0.0600,13885,0
D,2014-02-24,0.0650,0.0700,0.0600,0.0650,105323,0
D,2014-02-21,0.0650,0.0650,0.0600,0.0650,27075,0
D,2014-02-20,0.0650,0.0700,0.0600,0.0650,279394,0
D,2014-02-19,0.0650,0.0650,0.0600,0.0650,30101,0
D,2014-02-18,0.0650,0.0650,0.0600,0.0650,5319,0
D,2014-02-17,0.0600,0.0650,0.0600,0.0600,12590,0
D,2014-02-14,0.0600,0.0650,0.0600,0.0600,6700,0
D,2014-02-13,0.0600,0.0650,0.0600,0.0600,8422,0
D,2014-02-12,0.0600,0.0600,0.0600,0.0600,2761,0
D,2014-02-11,0.0650,0.0650,0.0600,0.0600,19630,0
D,2014-02-10,0.0600,0.0650,0.0600,0.0600,4038,0
D,2014-02-07,0.0600,0.0650,0.0600,0.0600,12022,0
D,2014-02-06,0.0600,0.0650,0.0600,0.0650,6410,0
D,2014-02-05,0.0650,0.0650,0.0600,0.0650,4820,0
D,2014-02-04,0.0600,0.0600,0.0600,0.0600,7779,0
D,2014-01-30,0.0600,0.0600,0.0600,0.0600,29299,0
D,2014-01-29,0.0600,0.0650,0.0600,0.0600,15161,0
D,2014-01-28,0.0600,0.0650,0.0600,0.0650,15166,0
D,2014-01-27,0.0600,0.0600,0.0550,0.0600,108178,0
D,2014-01-24,0.0600,0.0650,0.0600,0.0600,43700,0
D,2014-01-23,0.0600,0.0600,0.0600,0.0600,14278,0
D,2014-01-22,0.0600,0.0650,0.0600,0.0600,54938,0
D,2014-01-21,0.0650,0.0650,0.0600,0.0650,12657,0
D,2014-01-20,0.0650,0.0650,0.0600,0.0650,69010,0
D,2014-01-16,0.0600,0.0650,0.0600,0.0650,5561,0
D,2014-01-15,0.0650,0.0700,0.0600,0.0650,78526,0
D,2014-01-13,0.0650,0.0700,0.0600,0.0650,109262,0
D,2014-01-10,0.0650,0.0700,0.0600,0.0650,196390,0
D,2014-01-09,0.0600,0.0650,0.0600,0.0600,8379,0
D,2014-01-08,0.0650,0.0650,0.0600,0.0600,27743,0
D,2014-01-07,0.0600,0.0650,0.0600,0.0600,30023,0
D,2014-01-06,0.0600,0.0650,0.0550,0.0600,107223,0
D,2014-01-03,0.0600,0.0650,0.0600,0.0600,5726,0
D,2014-01-02,0.0700,0.0700,0.0600,0.0600,351821,0
D,2013-12-31,0.0600,0.0750,0.0600,0.0750,715638,0
D,2013-12-30,0.0550,0.0600,0.0550,0.0600,282989,0
D,2013-12-27,0.0500,0.0550,0.0500,0.0550,7641,0
D,2013-12-26,0.0550,0.0550,0.0500,0.0550,1142,0
D,2013-12-24,0.0500,0.0550,0.0500,0.0550,20685,0
D,2013-12-23,0.0550,0.0550,0.0500,0.0550,13150,0
D,2013-12-20,0.0500,0.0550,0.0500,0.0550,1490,0
D,2013-12-19,0.0550,0.0550,0.0500,0.0550,8470,0
D,2013-12-18,0.0550,0.0600,0.0550,0.0600,8642,0
D,2013-12-17,0.0550,0.0600,0.0500,0.0600,17641,0
D,2013-12-16,0.0550,0.0600,0.0550,0.0600,18741,0
D,2013-12-13,0.0550,0.0600,0.0550,0.0600,1193,0
D,2013-12-12,0.0550,0.0550,0.0550,0.0550,0,0
D,2013-12-11,0.0600,0.0600,0.0550,0.0550,1500,0
D,2013-12-10,0.0550,0.0600,0.0550,0.0600,2912,0
D,2013-12-09,0.0600,0.0600,0.0550,0.0600,2661,0
D,2013-12-06,0.0550,0.0600,0.0550,0.0600,4586,0
D,2013-12-05,0.0550,0.0550,0.0550,0.0550,4608,0
D,2013-12-04,0.0550,0.0600,0.0550,0.0600,3302,0
D,2013-12-03,0.0550,0.0600,0.0550,0.0600,4571,0
D,2013-12-02,0.0600,0.0600,0.0600,0.0600,0,0
D,2013-11-29,0.0550,0.0600,0.0550,0.0600,8922,0
D,2013-11-28,0.0550,0.0600,0.0500,0.0550,46717,0
D,2013-11-27,0.0550,0.0550,0.0550,0.0550,7520,0
D,2013-11-26,0.0550,0.0600,0.0550,0.0550,14962,0
D,2013-11-25,0.0550,0.0600,0.0550,0.0600,27001,0
D,2013-11-22,0.0550,0.0600,0.0550,0.0550,20254,0
D,2013-11-21,0.0550,0.0600,0.0550,0.0600,5931,0
D,2013-11-20,0.0600,0.0600,0.0550,0.0600,2485,0
D,2013-11-19,0.0600,0.0600,0.0550,0.0550,3625,0
D,2013-11-18,0.0600,0.0600,0.0600,0.0600,7685,0
D,2013-11-15,0.0600,0.0600,0.0550,0.0600,6525,0
D,2013-11-14,0.0600,0.0650,0.0600,0.0600,8768,0
D,2013-11-13,0.0600,0.0650,0.0600,0.0600,5580,0
D,2013-11-12,0.0600,0.0650,0.0600,0.0650,6103,0
D,2013-11-11,0.0600,0.0600,0.0550,0.0600,9938,0
D,2013-11-08,0.0600,0.0600,0.0550,0.0600,12183,0
D,2013-11-07,0.0600,0.0600,0.0600,0.0600,40212,0
D,2013-11-06,0.0550,0.0600,0.0550,0.0600,6695,0
D,2013-11-04,0.0600,0.0600,0.0550,0.0600,5119,0
D,2013-11-01,0.0600,0.0600,0.0550,0.0550,4000,0
D,2013-10-31,0.0600,0.0600,0.0550,0.0600,12710,0
D,2013-10-30,0.0600,0.0650,0.0550,0.0600,10551,0
D,2013-10-29,0.0600,0.0650,0.0600,0.0650,10964,0
D,2013-10-28,0.0600,0.0650,0.0600,0.0600,7614,0
D,2013-10-25,0.0600,0.0600,0.0600,0.0600,7611,0
D,2013-10-24,0.0600,0.0650,0.0600,0.0600,44385,0
D,2013-10-23,0.0550,0.0600,0.0550,0.0550,7883,0
D,2013-10-22,0.0600,0.0600,0.0550,0.0600,7024,0
D,2013-10-21,0.0600,0.0600,0.0550,0.0550,9180,0
D,2013-10-18,0.0650,0.0650,0.0600,0.0600,3500,0
D,2013-10-17,0.0600,0.0650,0.0600,0.0650,50691,0
D,2013-10-16,0.0600,0.0650,0.0600,0.0650,5620,0
D,2013-10-14,0.0600,0.0650,0.0600,0.0650,6759,0
D,2013-10-11,0.0650,0.0650,0.0550,0.0600,87579,0
D,2013-10-10,0.0600,0.0650,0.0550,0.0600,266232,0
D,2013-10-09,0.0550,0.0600,0.0550,0.0600,10150,0
D,2013-10-08,0.0600,0.0600,0.0550,0.0550,24033,0
D,2013-10-07,0.0550,0.0550,0.0550,0.0550,8155,0
D,2013-10-04,0.0550,0.0600,0.0550,0.0550,15261,0
D,2013-10-03,0.0550,0.0600,0.0550,0.0550,2536,0
D,2013-10-02,0.0550,0.0600,0.0550,0.0550,3214,0
D,2013-10-01,0.0550,0.0600,0.0550,0.0550,9027,0
D,2013-09-30,0.0550,0.0550,0.0550,0.0550,1098,0
D,2013-09-27,0.0600,0.0600,0.0550,0.0550,6240,0
D,2013-09-26,0.0550,0.0600,0.0550,0.0550,16571,0
D,2013-09-25,0.0550,0.0550,0.0500,0.0550,18171,0
D,2013-09-24,0.0550,0.0550,0.0500,0.0550,11970,0
D,2013-09-23,0.0500,0.0550,0.0500,0.0550,20203,0
D,2013-09-20,0.0550,0.0550,0.0550,0.0550,30120,0
D,2013-09-19,0.0550,0.0550,0.0550,0.0550,2500,0
D,2013-09-18,0.0550,0.0550,0.0500,0.0500,46391,0
D,2013-09-17,0.0550,0.0550,0.0500,0.0500,14078,0
D,2013-09-13,0.0550,0.0550,0.0550,0.0550,9850,0
D,2013-09-12,0.0550,0.0600,0.0550,0.0550,6370,0
D,2013-09-11,0.0550,0.0600,0.0550,0.0550,52920,0
D,2013-09-10,0.0550,0.0600,0.0550,0.0600,8925,0
D,2013-09-09,0.0550,0.0600,0.0550,0.0600,18924,0
D,2013-09-06,0.0550,0.0600,0.0550,0.0550,11853,0
D,2013-09-05,0.0550,0.0600,0.0550,0.0550,43320,0
D,2013-09-04,0.0600,0.0600,0.0550,0.0600,6090,0
D,2013-09-03,0.0600,0.0600,0.0550,0.0550,112086,0
D,2013-09-02,0.0550,0.0600,0.0550,0.0600,2400,0
D,2013-08-30,0.0550,0.0600,0.0550,0.0600,16269,0
D,2013-08-29,0.0600,0.0600,0.0600,0.0600,5775,0
D,2013-08-28,0.0600,0.0600,0.0550,0.0600,7986,0
D,2013-08-27,0.0600,0.0650,0.0550,0.0600,97002,0
D,2013-08-26,0.0650,0.0650,0.0600,0.0650,14185,0
D,2013-08-23,0.0600,0.0650,0.0600,0.0650,7068,0
D,2013-08-22,0.0600,0.0650,0.0600,0.0650,12252,0
D,2013-08-21,0.0650,0.0650,0.0600,0.0650,840,0
D,2013-08-20,0.0700,0.0700,0.0650,0.0650,27406,0
D,2013-08-19,0.0650,0.0700,0.0650,0.0650,14975,0
D,2013-08-16,0.0650,0.0700,0.0650,0.0650,4812,0
D,2013-08-15,0.0700,0.0700,0.0650,0.0650,8780,0
D,2013-08-14,0.0650,0.0700,0.0650,0.0700,11279,0
D,2013-08-13,0.0650,0.0700,0.0650,0.0700,58002,0
D,2013-08-12,0.0650,0.0700,0.0650,0.0700,12953,0
D,2013-08-07,0.0700,0.0700,0.0650,0.0650,1355,0
D,2013-08-06,0.0650,0.0700,0.0650,0.0650,7300,0
D,2013-08-05,0.0650,0.0650,0.0650,0.0650,10640,0
D,2013-08-02,0.0650,0.0700,0.0650,0.0700,22588,0
D,2013-08-01,0.0650,0.0700,0.0650,0.0700,8928,0
D,2013-07-31,0.0650,0.0700,0.0650,0.0700,19985,0
D,2013-07-30,0.0650,0.0700,0.0650,0.0650,13532,0
D,2013-07-29,0.0650,0.0650,0.0650,0.0650,17127,0
D,2013-07-26,0.0650,0.0700,0.0650,0.0700,502,0
D,2013-07-25,0.0650,0.0700,0.0650,0.0700,19521,0
D,2013-07-24,0.0600,0.0700,0.0600,0.0650,117085,0
D,2013-07-23,0.0600,0.0650,0.0600,0.0650,3779,0
D,2013-07-22,0.0650,0.0650,0.0600,0.0600,18770,0
D,2013-07-19,0.0600,0.0650,0.0600,0.0650,6376,0
D,2013-07-18,0.0600,0.0650,0.0600,0.0600,5994,0
D,2013-07-17,0.0600,0.0650,0.0600,0.0600,2294,0
D,2013-07-16,0.0600,0.0650,0.0600,0.0650,13946,0
D,2013-07-15,0.0650,0.0650,0.0600,0.0600,1381,0
D,2013-07-12,0.0650,0.0650,0.0600,0.0650,10368,0
D,2013-07-11,0.0650,0.0650,0.0600,0.0650,4117,0
D,2013-07-10,0.0650,0.0650,0.0600,0.0650,3540,0
D,2013-07-09,0.0650,0.0650,0.0600,0.0650,1827,0
D,2013-07-08,0.0650,0.0650,0.0600,0.0600,14039,0
D,2013-07-05,0.0650,0.0700,0.0600,0.0700,17382,0
D,2013-07-04,0.0650,0.0650,0.0600,0.0650,5101,0
D,2013-07-03,0.0600,0.0650,0.0600,0.0650,29450,0
D,2013-07-02,0.0650,0.0650,0.0600,0.0650,9131,0
D,2013-07-01,0.0600,0.0650,0.0600,0.0650,2924,0
D,2013-06-28,0.0650,0.0650,0.0600,0.0650,12412,0
D,2013-06-27,0.0650,0.0650,0.0600,0.0600,4950,0
D,2013-06-26,0.0650,0.0700,0.0600,0.0700,11233,0
D,2013-06-25,0.0650,0.0700,0.0600,0.0650,6650,0
D,2013-06-24,0.0650,0.0700,0.0650,0.0700,14849,0
D,2013-06-21,0.0650,0.0700,0.0600,0.0700,10601,0
D,2013-06-20,0.0650,0.0650,0.0650,0.0650,27549,0
D,2013-06-19,0.0650,0.0650,0.0650,0.0650,36125,0
D,2013-06-18,0.0650,0.0700,0.0650,0.0650,5401,0
D,2013-06-17,0.0650,0.0700,0.0650,0.0700,10200,0
D,2013-06-14,0.0650,0.0700,0.0650,0.0650,75504,0
D,2013-06-13,0.0650,0.0700,0.0650,0.0650,212926,0
D,2013-06-12,0.0650,0.0700,0.0650,0.0700,4167,0
D,2013-06-11,0.0700,0.0700,0.0650,0.0700,18364,0
D,2013-06-10,0.0650,0.0700,0.0650,0.0700,5367,0
D,2013-06-07,0.0650,0.0700,0.0650,0.0700,3360,0
D,2013-06-06,0.0650,0.0700,0.0650,0.0700,25471,0
D,2013-06-05,0.0700,0.0700,0.0700,0.0700,1100,0
D,2013-06-04,0.0700,0.0700,0.0650,0.0650,1870,0
D,2013-06-03,0.0700,0.0700,0.0650,0.0700,98588,0
D,2013-05-31,0.0700,0.0750,0.0700,0.0750,11658,0
D,2013-05-30,0.0700,0.0750,0.0700,0.0700,14268,0
D,2013-05-29,0.0750,0.0750,0.0700,0.0700,24145,0
D,2013-05-28,0.0700,0.0750,0.0700,0.0700,25260,0
D,2013-05-27,0.0700,0.0750,0.0700,0.0750,7080,0
D,2013-05-23,0.0750,0.0750,0.0700,0.0750,28388,0
D,2013-05-22,0.0750,0.0800,0.0750,0.0750,94266,0
D,2013-05-21,0.0750,0.0800,0.0750,0.0750,539573,0
D,2013-05-20,0.0750,0.0750,0.0700,0.0750,249550,0
D,2013-05-17,0.0700,0.0750,0.0700,0.0700,15091,0
D,2013-05-16,0.0750,0.0800,0.0700,0.0700,307921,0
D,2013-05-15,0.0750,0.0750,0.0700,0.0750,18748,0
D,2013-05-14,0.0700,0.0750,0.0700,0.0700,24913,0
D,2013-05-13,0.0700,0.0750,0.0650,0.0700,93239,0
D,2013-05-10,0.0650,0.0700,0.0650,0.0650,25003,0
D,2013-05-09,0.0650,0.0650,0.0650,0.0650,1270,0
D,2013-05-08,0.0650,0.0700,0.0650,0.0700,4784,0
D,2013-05-07,0.0650,0.0700,0.0650,0.0650,11898,0
D,2013-05-06,0.0650,0.0700,0.0650,0.0700,24889,0
D,2013-05-03,0.0600,0.0650,0.0600,0.0600,23373,0
D,2013-05-02,0.0600,0.0650,0.0600,0.0650,75684,0
D,2013-04-30,0.0600,0.0650,0.0600,0.0600,1451,0
D,2013-04-29,0.0600,0.0650,0.0600,0.0650,2940,0
D,2013-04-26,0.0650,0.0650,0.0650,0.0650,16394,0
D,2013-04-25,0.0650,0.0650,0.0600,0.0600,26696,0
D,2013-04-24,0.0700,0.0700,0.0650,0.0650,5276,0
D,2013-04-23,0.0650,0.0700,0.0650,0.0700,4070,0
D,2013-04-22,0.0650,0.0700,0.0650,0.0700,6835,0
D,2013-04-19,0.0700,0.0700,0.0650,0.0650,6583,0
D,2013-04-18,0.0650,0.0700,0.0650,0.0650,3415,0
D,2013-04-17,0.0650,0.0650,0.0650,0.0650,2938,0
D,2013-04-16,0.0650,0.0650,0.0650,0.0650,28999,0
D,2013-04-15,0.0700,0.0700,0.0650,0.0650,2911,0
D,2013-04-12,0.0650,0.0700,0.0650,0.0650,538,0
D,2013-04-11,0.0650,0.0700,0.0650,0.0700,6258,0
D,2013-04-10,0.0650,0.0650,0.0650,0.0650,1558,0
D,2013-04-09,0.0700,0.0700,0.0650,0.0700,3065,0
D,2013-04-08,0.0700,0.0700,0.0650,0.0700,9211,0
D,2013-04-05,0.0650,0.0650,0.0650,0.0650,3737,0
D,2013-04-04,0.0650,0.0700,0.0650,0.0650,8475,0
D,2013-04-03,0.0650,0.0700,0.0650,0.0700,65618,0
D,2013-04-02,0.0650,0.0650,0.0650,0.0650,29913,0
D,2013-04-01,0.0650,0.0700,0.0650,0.0700,7376,0
D,2013-03-29,0.0700,0.0700,0.0650,0.0700,3820,0
D,2013-03-28,0.0650,0.0700,0.0650,0.0700,31291,0
D,2013-03-27,0.0700,0.0700,0.0650,0.0700,23786,0
D,2013-03-26,0.0650,0.0650,0.0650,0.0650,4842,0
D,2013-03-25,0.0650,0.0700,0.0650,0.0650,2245,0
D,2013-03-22,0.0650,0.0700,0.0650,0.0700,1435,0
D,2013-03-21,0.0700,0.0700,0.0650,0.0650,1955,0
D,2013-03-20,0.0700,0.0700,0.0700,0.0700,500,0
D,2013-03-19,0.0700,0.0700,0.0700,0.0700,300,0
D,2013-03-18,0.0700,0.0700,0.0700,0.0700,6532,0
D,2013-03-15,0.0700,0.0750,0.0700,0.0700,44992,0
D,2013-03-14,0.0650,0.0700,0.0650,0.0700,2011,0
D,2013-03-13,0.0650,0.0700,0.0650,0.0700,3970,0
D,2013-03-12,0.0700,0.0700,0.0650,0.0700,8632,0
D,2013-03-11,0.0650,0.0700,0.0650,0.0700,7400,0
D,2013-03-08,0.0700,0.0750,0.0650,0.0700,34132,0
D,2013-03-07,0.0650,0.0700,0.0650,0.0650,8843,0
D,2013-03-06,0.0650,0.0700,0.0650,0.0700,6590,0
D,2013-03-05,0.0700,0.0700,0.0650,0.0700,8241,0
D,2013-03-04,0.0700,0.0700,0.0650,0.0650,15905,0
D,2013-03-01,0.0650,0.0750,0.0650,0.0750,179091,0
D,2013-02-28,0.0650,0.0700,0.0650,0.0700,5832,0
D,2013-02-27,0.0650,0.0700,0.0650,0.0650,6760,0
D,2013-02-26,0.0650,0.0700,0.0650,0.0650,3105,0
D,2013-02-25,0.0650,0.0700,0.0650,0.0700,4870,0
D,2013-02-22,0.0650,0.0650,0.0650,0.0650,580,0
D,2013-02-21,0.0700,0.0700,0.0700,0.0700,140,0
D,2013-02-20,0.0700,0.0700,0.0700,0.0700,9693,0
D,2013-02-19,0.0650,0.0750,0.0650,0.0700,164534,0
D,2013-02-18,0.0650,0.0700,0.0650,0.0650,16939,0
D,2013-02-15,0.0700,0.0700,0.0650,0.0650,4711,0
D,2013-02-14,0.0650,0.0700,0.0650,0.0700,4966,0
D,2013-02-13,0.0700,0.0700,0.0700,0.0700,0,0
D,2013-02-08,0.0650,0.0700,0.0650,0.0700,5165,0
D,2013-02-07,0.0700,0.0700,0.0650,0.0650,1278,0
D,2013-02-06,0.0650,0.0700,0.0650,0.0650,10511,0
D,2013-02-05,0.0650,0.0650,0.0650,0.0650,2095,0
D,2013-02-04,0.0650,0.0700,0.0650,0.0650,8674,0
D,2013-01-31,0.0650,0.0700,0.0650,0.0650,6448,0
D,2013-01-30,0.0650,0.0700,0.0650,0.0650,7249,0
D,2013-01-29,0.0700,0.0700,0.0650,0.0650,53083,0
D,2013-01-25,0.0700,0.0750,0.0700,0.0750,10273,0
D,2013-01-23,0.0700,0.0700,0.0700,0.0700,13134,0
D,2013-01-22,0.0700,0.0700,0.0700,0.0700,65830,0
D,2013-01-21,0.0700,0.0750,0.0650,0.0700,182209,0
D,2013-01-18,0.0700,0.0750,0.0700,0.0700,5442,0
D,2013-01-17,0.0700,0.0750,0.0700,0.0700,13891,0
D,2013-01-16,0.0750,0.0750,0.0700,0.0700,26592,0
D,2013-01-15,0.0750,0.0750,0.0700,0.0750,176954,0
D,2013-01-14,0.0750,0.0750,0.0700,0.0700,16963,0
D,2013-01-11,0.0700,0.0750,0.0700,0.0700,8232,0
D,2013-01-10,0.0750,0.0750,0.0700,0.0700,9595,0
D,2013-01-09,0.0700,0.0700,0.0700,0.0700,8000,0
D,2013-01-08,0.0700,0.0750,0.0700,0.0750,3724,0
D,2013-01-07,0.0750,0.0750,0.0700,0.0750,39740,0
D,2013-01-04,0.0700,0.0750,0.0700,0.0750,13360,0
D,2013-01-03,0.0700,0.0750,0.0700,0.0700,18420,0
D,2013-01-02,0.0750,0.0750,0.0700,0.0750,6646,0
D,2012-12-31,0.0700,0.0750,0.0700,0.0700,154462,0
D,2012-12-28,0.0700,0.0750,0.0700,0.0700,13640,0
D,2012-12-27,0.0700,0.0700,0.0700,0.0700,4150,0
D,2012-12-26,0.0750,0.0750,0.0700,0.0700,56986,0
D,2012-12-24,0.0700,0.0750,0.0650,0.0700,224011,0
D,2012-12-21,0.0700,0.0750,0.0700,0.0750,14760,0
D,2012-12-20,0.0700,0.0750,0.0700,0.0700,1695,0
D,2012-12-19,0.0750,0.0750,0.0700,0.0700,3705,0
D,2012-12-18,0.0700,0.0700,0.0700,0.0700,3803,0
D,2012-12-17,0.0700,0.0750,0.0700,0.0700,7875,0
D,2012-12-14,0.0700,0.0800,0.0700,0.0700,106726,0
D,2012-12-13,0.0700,0.0750,0.0700,0.0750,20344,0
D,2012-12-12,0.0750,0.0750,0.0700,0.0700,30470,0
D,2012-12-11,0.0700,0.0800,0.0700,0.0750,219709,0
D,2012-12-10,0.0700,0.0750,0.0700,0.0700,105976,0
D,2012-12-07,0.0650,0.0700,0.0650,0.0650,4833,0
D,2012-12-06,0.0700,0.0700,0.0650,0.0650,12986,0
D,2012-12-05,0.0700,0.0700,0.0650,0.0650,22570,0
D,2012-12-04,0.0650,0.0700,0.0650,0.0700,8744,0
D,2012-12-03,0.0650,0.0700,0.0650,0.0700,14158,0
D,2012-11-30,0.0700,0.0700,0.0650,0.0650,2885,0
D,2012-11-29,0.0650,0.0700,0.0650,0.0700,2640,0
D,2012-11-28,0.0700,0.0700,0.0650,0.0650,5192,0
D,2012-11-27,0.0650,0.0700,0.0650,0.0700,23263,0
D,2012-11-26,0.0700,0.0700,0.0650,0.0650,7470,0
D,2012-11-23,0.0700,0.0700,0.0650,0.0700,7434,0
D,2012-11-22,0.0700,0.0700,0.0700,0.0700,24477,0
D,2012-11-21,0.0700,0.0700,0.0700,0.0700,9123,0
D,2012-11-20,0.0700,0.0700,0.0700,0.0700,69376,0
D,2012-11-19,0.0700,0.0750,0.0700,0.0700,5956,0
D,2012-11-16,0.0700,0.0700,0.0700,0.0700,26630,0
D,2012-11-14,0.0700,0.0750,0.0700,0.0750,13553,0
D,2012-11-12,0.0750,0.0750,0.0700,0.0700,4900,0
D,2012-11-09,0.0700,0.0750,0.0700,0.0700,42421,0
D,2012-11-08,0.0700,0.0750,0.0700,0.0750,8450,0
D,2012-11-07,0.0700,0.0750,0.0700,0.0700,25422,0
D,2012-11-06,0.0700,0.0700,0.0700,0.0700,26865,0
D,2012-11-05,0.0750,0.0750,0.0700,0.0700,9036,0
D,2012-11-02,0.0700,0.0750,0.0700,0.0750,21120,0
D,2012-11-01,0.0700,0.0750,0.0700,0.0700,6748,0
D,2012-10-31,0.0700,0.0750,0.0700,0.0700,19872,0
D,2012-10-30,0.0700,0.0750,0.0700,0.0750,12882,0
D,2012-10-29,0.0750,0.0750,0.0700,0.0700,16341,0
D,2012-10-25,0.0700,0.0750,0.0700,0.0750,33944,0
D,2012-10-24,0.0700,0.0750,0.0700,0.0700,34035,0
D,2012-10-23,0.0700,0.0750,0.0700,0.0700,24487,0
D,2012-10-22,0.0700,0.0750,0.0700,0.0700,14274,0
D,2012-10-19,0.0700,0.0700,0.0700,0.0700,17398,0
D,2012-10-18,0.0700,0.0750,0.0700,0.0750,11402,0
D,2012-10-17,0.0700,0.0750,0.0650,0.0700,89540,0
D,2012-10-16,0.0700,0.0750,0.0700,0.0700,90143,0
D,2012-10-15,0.0700,0.0750,0.0700,0.0700,34521,0
D,2012-10-12,0.0700,0.0750,0.0700,0.0700,19825,0
D,2012-10-11,0.0750,0.0750,0.0700,0.0700,40147,0
D,2012-10-10,0.0700,0.0750,0.0700,0.0750,49584,0
D,2012-10-09,0.0700,0.0700,0.0700,0.0700,5989,0
D,2012-10-08,0.0700,0.0750,0.0700,0.0700,50599,0
D,2012-10-05,0.0750,0.0750,0.0700,0.0700,9031,0
D,2012-10-04,0.0700,0.0750,0.0700,0.0700,68755,0
D,2012-10-03,0.0700,0.0700,0.0700,0.0700,32732,0
