D,2014-10-14,0.1150,0.1200,0.1100,0.1200,24484,0
D,2014-10-13,0.1150,0.1200,0.1150,0.1200,17468,0
D,2014-10-10,0.1150,0.1200,0.1100,0.1150,12801,0
D,2014-10-09,0.1150,0.1150,0.1150,0.1150,5411,0
D,2014-10-08,0.1200,0.1200,0.1100,0.1200,35689,0
D,2014-10-07,0.1200,0.1200,0.1200,0.1200,10800,0
D,2014-10-03,0.1200,0.1200,0.1150,0.1200,30194,0
D,2014-10-02,0.1200,0.1200,0.1200,0.1200,4200,0
D,2014-10-01,0.1250,0.1250,0.1250,0.1250,2600,0
D,2014-09-30,0.1200,0.1250,0.1200,0.1250,5075,0
D,2014-09-29,0.1250,0.1250,0.1200,0.1200,11880,0
D,2014-09-26,0.1250,0.1300,0.1200,0.1250,26003,0
D,2014-09-25,0.1300,0.1300,0.1250,0.1250,11866,0
D,2014-09-24,0.1250,0.1250,0.1250,0.1250,4971,0
D,2014-09-23,0.1250,0.1300,0.1250,0.1300,44150,0
D,2014-09-22,0.1300,0.1300,0.1250,0.1250,83097,0
D,2014-09-19,0.1250,0.1300,0.1250,0.1250,14816,0
D,2014-09-18,0.1300,0.1300,0.1250,0.1250,14300,0
D,2014-09-17,0.1400,0.1400,0.1250,0.1300,135253,0
D,2014-09-15,0.1300,0.1300,0.1250,0.1300,30595,0
D,2014-09-12,0.1350,0.1350,0.1250,0.1300,44087,0
D,2014-09-11,0.1250,0.1350,0.1250,0.1300,81669,0
D,2014-09-10,0.1300,0.1300,0.1250,0.1250,19751,0
D,2014-09-09,0.1300,0.1300,0.1250,0.1250,23896,0
D,2014-09-08,0.1300,0.1400,0.1250,0.1300,104113,0
D,2014-09-05,0.1250,0.1300,0.1250,0.1250,23485,0
D,2014-09-04,0.1350,0.1350,0.1250,0.1250,23991,0
D,2014-09-03,0.1250,0.1300,0.1250,0.1300,43262,0
D,2014-09-02,0.1250,0.1250,0.1200,0.1250,35215,0
D,2014-08-29,0.1300,0.1350,0.1200,0.1250,108389,0
D,2014-08-28,0.1350,0.1350,0.1350,0.1350,68199,0
D,2014-08-27,0.1400,0.1400,0.1350,0.1400,11100,0
D,2014-08-26,0.1400,0.1500,0.1350,0.1400,163720,0
D,2014-08-25,0.1400,0.1500,0.1350,0.1400,183179,0
D,2014-08-22,0.1350,0.1400,0.1350,0.1400,12812,0
D,2014-08-21,0.1350,0.1350,0.1350,0.1350,7730,0
D,2014-08-20,0.1400,0.1450,0.1350,0.1350,37617,0
D,2014-08-19,0.1400,0.1450,0.1400,0.1400,105784,0
D,2014-08-18,0.1350,0.1400,0.1350,0.1350,12612,0
D,2014-08-15,0.1400,0.1400,0.1350,0.1350,17237,0
D,2014-08-14,0.1350,0.1400,0.1350,0.1350,39965,0
D,2014-08-13,0.1350,0.1400,0.1300,0.1350,39451,0
D,2014-08-12,0.1350,0.1350,0.1350,0.1350,9600,0
D,2014-08-11,0.1350,0.1350,0.1350,0.1350,33140,0
D,2014-08-08,0.1350,0.1350,0.1300,0.1300,9702,0
D,2014-08-07,0.1300,0.1400,0.1250,0.1350,114904,0
D,2014-08-06,0.1300,0.1300,0.1250,0.1250,13685,0
D,2014-08-05,0.1300,0.1300,0.1250,0.1300,32430,0
D,2014-08-04,0.1300,0.1350,0.1300,0.1300,27500,0
D,2014-08-01,0.1300,0.1350,0.1250,0.1300,18935,0
D,2014-07-31,0.1300,0.1350,0.1300,0.1300,16121,0
D,2014-07-30,0.1350,0.1350,0.1300,0.1300,12669,0
D,2014-07-25,0.1250,0.1350,0.1250,0.1350,83628,0
D,2014-07-24,0.1250,0.1300,0.1250,0.1250,3990,0
D,2014-07-23,0.1300,0.1300,0.1250,0.1250,10905,0
D,2014-07-22,0.1250,0.1250,0.1200,0.1250,6618,0
D,2014-07-21,0.1300,0.1300,0.1200,0.1250,57928,0
D,2014-07-18,0.1250,0.1300,0.1250,0.1300,8719,0
D,2014-07-17,0.1300,0.1300,0.1250,0.1250,21862,0
D,2014-07-16,0.1250,0.1300,0.1250,0.1300,39370,0
D,2014-07-14,0.1300,0.1300,0.1200,0.1200,81370,0
D,2014-07-11,0.1300,0.1350,0.1300,0.1300,15019,0
D,2014-07-10,0.1350,0.1350,0.1300,0.1300,31952,0
D,2014-07-09,0.1300,0.1350,0.1250,0.1350,9117,0
D,2014-07-08,0.1300,0.1350,0.1250,0.1300,88655,0
D,2014-07-07,0.1300,0.1350,0.1300,0.1300,16521,0
D,2014-07-04,0.1350,0.1450,0.1250,0.1300,96300,0
D,2014-07-03,0.1400,0.1400,0.1350,0.1400,14893,0
D,2014-07-02,0.1400,0.1400,0.1350,0.1400,21447,0
D,2014-07-01,0.1350,0.1400,0.1300,0.1400,47960,0
D,2014-06-30,0.1400,0.1400,0.1300,0.1350,32500,0
D,2014-06-27,0.1350,0.1400,0.1350,0.1400,35350,0
D,2014-06-26,0.1350,0.1400,0.1350,0.1350,128597,0
D,2014-06-25,0.1200,0.1350,0.1150,0.1300,113362,0
D,2014-06-24,0.1200,0.1200,0.1150,0.1200,57873,0
D,2014-06-23,0.1300,0.1300,0.1200,0.1200,70122,0
D,2014-06-20,0.1300,0.1300,0.1250,0.1250,46129,0
D,2014-06-19,0.1300,0.1350,0.1300,0.1300,76371,0
D,2014-06-18,0.1350,0.1400,0.1250,0.1350,369245,0
D,2014-06-17,0.1400,0.1450,0.1350,0.1350,236009,0
D,2014-06-16,0.1500,0.1500,0.1400,0.1400,300632,0
D,2014-06-13,0.1600,0.1600,0.1450,0.1550,280604,0
D,2014-06-12,0.1600,0.1650,0.1500,0.1600,258183,0
D,2014-06-11,0.1600,0.1600,0.1550,0.1600,219828,0
D,2014-06-10,0.1800,0.1850,0.1600,0.1650,457538,0
D,2014-06-09,0.1700,0.1850,0.1700,0.1800,249309,0
D,2014-06-06,0.1600,0.1700,0.1600,0.1700,38044,0
D,2014-06-05,0.1500,0.1650,0.1500,0.1600,244943,0
D,2014-06-04,0.1500,0.1550,0.1450,0.1500,92698,0
D,2014-06-03,0.1550,0.1550,0.1500,0.1500,57538,0
D,2014-06-02,0.1600,0.1650,0.1550,0.1600,58247,0
D,2014-05-30,0.1550,0.1650,0.1550,0.1650,360865,0
D,2014-05-29,0.1600,0.1650,0.1550,0.1600,142955,0
D,2014-05-28,0.1900,0.1900,0.1600,0.1650,208204,0
D,2014-05-27,0.1750,0.1900,0.1750,0.1900,36744,0
D,2014-05-26,0.1800,0.1800,0.1750,0.1800,82570,0
D,2014-05-23,0.1800,0.1800,0.1750,0.1800,37080,0
D,2014-05-22,0.1750,0.1800,0.1750,0.1800,8490,0
D,2014-05-21,0.1750,0.1850,0.1750,0.1800,39977,0
D,2014-05-20,0.1800,0.1800,0.1750,0.1800,9800,0
D,2014-05-19,0.1800,0.1800,0.1750,0.1800,1687,0
D,2014-05-16,0.1750,0.1850,0.1700,0.1800,42649,0
D,2014-05-15,0.1750,0.1750,0.1750,0.1750,27850,0
D,2014-05-14,0.1750,0.1750,0.1750,0.1750,1200,0
D,2014-05-12,0.1800,0.1800,0.1750,0.1750,1530,0
D,2014-05-09,0.1800,0.1850,0.1750,0.1800,62592,0
D,2014-05-08,0.1800,0.1800,0.1800,0.1800,10076,0
D,2014-05-07,0.1800,0.1800,0.1800,0.1800,3500,0
D,2014-05-06,0.1800,0.1850,0.1800,0.1800,4992,0
D,2014-05-05,0.1750,0.1900,0.1700,0.1850,83595,0
D,2014-05-02,0.1750,0.1800,0.1700,0.1750,5423,0
D,2014-04-30,0.1750,0.1750,0.1700,0.1700,8226,0
D,2014-04-29,0.1750,0.1800,0.1700,0.1800,20408,0
D,2014-04-28,0.1900,0.1900,0.1750,0.1800,73153,0
D,2014-04-25,0.1900,0.1900,0.1850,0.1900,8251,0
D,2014-04-24,0.1800,0.1900,0.1800,0.1900,29465,0
D,2014-04-23,0.1900,0.2000,0.1800,0.1850,207099,0
D,2014-04-22,0.1900,0.1900,0.1850,0.1900,17670,0
D,2014-04-21,0.1950,0.2000,0.1900,0.1950,75545,0
D,2014-04-18,0.1950,0.1950,0.1900,0.1950,8265,0
D,2014-04-17,0.2000,0.2050,0.1950,0.2000,330477,0
D,2014-04-16,0.1850,0.2150,0.1850,0.1950,260585,0
D,2014-04-15,0.1900,0.1950,0.1800,0.1850,318816,0
D,2014-04-14,0.2000,0.2050,0.1850,0.1900,67434,0
D,2014-04-11,0.1900,0.2000,0.1850,0.2000,126253,0
D,2014-04-10,0.1900,0.1900,0.1850,0.1850,6846,0
D,2014-04-09,0.1950,0.1950,0.1900,0.1900,12290,0
D,2014-04-08,0.1950,0.2050,0.1900,0.1950,87820,0
D,2014-04-07,0.1800,0.2000,0.1800,0.1950,182510,0
D,2014-04-04,0.1800,0.1800,0.1750,0.1750,6535,0
D,2014-04-03,0.1800,0.1800,0.1750,0.1800,12814,0
D,2014-04-02,0.1700,0.1750,0.1700,0.1750,26001,0
D,2014-04-01,0.1800,0.1950,0.1650,0.1700,98304,0
D,2014-03-31,0.1750,0.1750,0.1750,0.1750,1010,0
D,2014-03-28,0.1750,0.1800,0.1750,0.1800,11623,0
D,2014-03-27,0.1850,0.1900,0.1750,0.1850,54761,0
D,2014-03-26,0.1900,0.2000,0.1750,0.1950,88325,0
D,2014-03-25,0.2000,0.2000,0.1900,0.1950,22017,0
D,2014-03-24,0.1900,0.2000,0.1900,0.2000,49612,0
D,2014-03-21,0.1750,0.1950,0.1750,0.1950,110948,0
D,2014-03-20,0.1700,0.1750,0.1700,0.1750,1836,0
D,2014-03-19,0.1650,0.1800,0.1650,0.1750,46684,0
D,2014-03-18,0.1650,0.1650,0.1650,0.1650,9807,0
D,2014-03-17,0.1700,0.1700,0.1600,0.1600,31913,0
D,2014-03-14,0.1650,0.1700,0.1650,0.1700,700,0
D,2014-03-13,0.1650,0.1700,0.1650,0.1700,11845,0
D,2014-03-12,0.1650,0.1700,0.1650,0.1700,3575,0
D,2014-03-11,0.1600,0.1750,0.1600,0.1700,28600,0
D,2014-03-10,0.1650,0.1650,0.1650,0.1650,0,0
D,2014-03-07,0.1650,0.1650,0.1650,0.1650,0,0
D,2014-03-06,0.1600,0.1650,0.1600,0.1650,4966,0
D,2014-03-05,0.1600,0.1650,0.1600,0.1650,4400,0
D,2014-03-04,0.1650,0.1650,0.1650,0.1650,8600,0
D,2014-03-03,0.1650,0.1650,0.1550,0.1600,10206,0
D,2014-02-28,0.1650,0.1700,0.1600,0.1700,27614,0
D,2014-02-27,0.1650,0.1700,0.1600,0.1650,115124,0
D,2014-02-26,0.1600,0.1650,0.1600,0.1650,1200,0
D,2014-02-25,0.1650,0.1650,0.1600,0.1600,59057,0
D,2014-02-24,0.1650,0.1650,0.1550,0.1650,68697,0
D,2014-02-21,0.1400,0.1600,0.1400,0.1600,35992,0
D,2014-02-20,0.1350,0.1400,0.1350,0.1350,1706,0
D,2014-02-19,0.1350,0.1350,0.1350,0.1350,1660,0
D,2014-02-18,0.1350,0.1400,0.1350,0.1350,30031,0
D,2014-02-17,0.1350,0.1350,0.1350,0.1350,700,0
D,2014-02-14,0.1300,0.1400,0.1300,0.1350,2034,0
D,2014-02-13,0.1350,0.1350,0.1350,0.1350,0,0
D,2014-02-12,0.1350,0.1350,0.1350,0.1350,0,0
D,2014-02-11,0.1350,0.1350,0.1350,0.1350,500,0
D,2014-02-10,0.1350,0.1350,0.1350,0.1350,1150,0
D,2014-02-07,0.1300,0.1300,0.1300,0.1300,500,0
D,2014-02-06,0.1300,0.1300,0.1300,0.1300,0,0
D,2014-02-05,0.1300,0.1300,0.1300,0.1300,426,0
D,2014-02-04,0.1350,0.1350,0.1350,0.1350,0,0
D,2014-01-30,0.1350,0.1350,0.1350,0.1350,0,0
D,2014-01-29,0.1350,0.1350,0.1350,0.1350,0,0
D,2014-01-28,0.1250,0.1350,0.1250,0.1350,199,0
D,2014-01-27,0.1300,0.1300,0.1300,0.1300,0,0
D,2014-01-24,0.1350,0.1350,0.1300,0.1300,2177,0
D,2014-01-23,0.1350,0.1350,0.1300,0.1300,2450,0
D,2014-01-22,0.1350,0.1350,0.1350,0.1350,500,0
D,2014-01-21,0.1400,0.1400,0.1400,0.1400,3000,0
D,2014-01-20,0.1350,0.1350,0.1350,0.1350,200,0
D,2014-01-16,0.1350,0.1350,0.1350,0.1350,1101,0
D,2014-01-15,0.1300,0.1450,0.1300,0.1350,734,0
D,2014-01-13,0.1300,0.1300,0.1300,0.1300,166,0
D,2014-01-10,0.1350,0.1350,0.1350,0.1350,808,0
D,2014-01-09,0.1350,0.1350,0.1350,0.1350,0,0
D,2014-01-08,0.1350,0.1350,0.1350,0.1350,0,0
D,2014-01-07,0.1350,0.1350,0.1350,0.1350,200,0
D,2014-01-06,0.1350,0.1350,0.1350,0.1350,783,0
D,2014-01-03,0.1400,0.1400,0.1400,0.1400,500,0
D,2014-01-02,0.1350,0.1350,0.1350,0.1350,900,0
D,2013-12-31,0.1400,0.1400,0.1400,0.1400,1700,0
D,2013-12-30,0.1400,0.1400,0.1400,0.1400,300,0
D,2013-12-27,0.1400,0.1400,0.1400,0.1400,5894,0
D,2013-12-26,0.1350,0.1400,0.1350,0.1400,1000,0
D,2013-12-24,0.1350,0.1350,0.1350,0.1350,0,0
D,2013-12-23,0.1350,0.1350,0.1350,0.1350,0,0
D,2013-12-20,0.1350,0.1350,0.1350,0.1350,500,0
D,2013-12-19,0.1350,0.1350,0.1350,0.1350,2585,0
D,2013-12-18,0.1350,0.1350,0.1350,0.1350,0,0
D,2013-12-17,0.1300,0.1350,0.1300,0.1350,2570,0
D,2013-12-16,0.1350,0.1350,0.1300,0.1300,2500,0
D,2013-12-13,0.1350,0.1400,0.1350,0.1400,610,0
D,2013-12-12,0.1300,0.1400,0.1300,0.1400,71441,0
D,2013-12-11,0.1350,0.1400,0.1350,0.1400,3127,0
D,2013-12-10,0.1450,0.1450,0.1400,0.1400,1700,0
D,2013-12-09,0.1350,0.1450,0.1350,0.1450,16280,0
D,2013-12-06,0.1300,0.1450,0.1300,0.1300,10068,0
D,2013-12-05,0.1250,0.1250,0.1250,0.1250,230,0
D,2013-12-04,0.1300,0.1300,0.1250,0.1250,700,0
D,2013-12-03,0.1350,0.1350,0.1250,0.1250,449,0
D,2013-12-02,0.1250,0.1250,0.1250,0.1250,0,0
D,2013-11-29,0.1200,0.1250,0.1200,0.1250,100,0
D,2013-11-28,0.1300,0.1300,0.1250,0.1250,1050,0
D,2013-11-27,0.1300,0.1300,0.1300,0.1300,1399,0
D,2013-11-26,0.1350,0.1350,0.1350,0.1350,0,0
D,2013-11-25,0.1300,0.1350,0.1300,0.1350,2351,0
D,2013-11-22,0.1300,0.1300,0.1250,0.1250,750,0
D,2013-11-21,0.1350,0.1400,0.1250,0.1250,3004,0
D,2013-11-20,0.1350,0.1350,0.1350,0.1350,166,0
D,2013-11-19,0.1350,0.1350,0.1350,0.1350,1000,0
D,2013-11-18,0.1350,0.1350,0.1350,0.1350,1000,0
D,2013-11-15,0.1350,0.1400,0.1350,0.1400,950,0
D,2013-11-14,0.1350,0.1350,0.1350,0.1350,1500,0
D,2013-11-13,0.1350,0.1350,0.1350,0.1350,350,0
D,2013-11-12,0.1350,0.1350,0.1350,0.1350,600,0
D,2013-11-11,0.1350,0.1350,0.1350,0.1350,0,0
D,2013-11-08,0.1350,0.1350,0.1350,0.1350,0,0
D,2013-11-07,0.1400,0.1400,0.1350,0.1350,2946,0
D,2013-11-06,0.1250,0.1350,0.1250,0.1300,724,0
D,2013-11-04,0.1300,0.1300,0.1300,0.1300,0,0
D,2013-11-01,0.1300,0.1300,0.1300,0.1300,0,0
D,2013-10-31,0.1300,0.1300,0.1300,0.1300,500,0
D,2013-10-30,0.1300,0.1300,0.1300,0.1300,920,0
D,2013-10-29,0.1250,0.1300,0.1250,0.1300,1445,0
D,2013-10-28,0.1300,0.1300,0.1300,0.1300,0,0
D,2013-10-25,0.1300,0.1300,0.1300,0.1300,0,0
D,2013-10-24,0.1300,0.1300,0.1300,0.1300,600,0
D,2013-10-23,0.1250,0.1350,0.1250,0.1300,1100,0
D,2013-10-22,0.1300,0.1300,0.1300,0.1300,66,0
D,2013-10-21,0.1300,0.1300,0.1300,0.1300,572,0
D,2013-10-18,0.1300,0.1300,0.1300,0.1300,66,0
D,2013-10-17,0.1350,0.1350,0.1350,0.1350,0,0
D,2013-10-16,0.1350,0.1350,0.1350,0.1350,1030,0
D,2013-10-14,0.1300,0.1300,0.1300,0.1300,1000,0
D,2013-10-11,0.1450,0.1450,0.1450,0.1450,0,0
D,2013-10-10,0.1350,0.1450,0.1300,0.1450,5020,0
D,2013-10-09,0.1300,0.1300,0.1300,0.1300,1000,0
D,2013-10-08,0.1300,0.1350,0.1300,0.1300,1516,0
D,2013-10-07,0.1350,0.1350,0.1350,0.1350,500,0
D,2013-10-04,0.1300,0.1350,0.1300,0.1300,3587,0
D,2013-10-03,0.1300,0.1350,0.1300,0.1350,49,0
D,2013-10-02,0.1300,0.1350,0.1300,0.1350,1500,0
D,2013-10-01,0.1300,0.1300,0.1300,0.1300,0,0
D,2013-09-30,0.1300,0.1300,0.1300,0.1300,0,0
D,2013-09-27,0.1300,0.1300,0.1300,0.1300,200,0
D,2013-09-26,0.1300,0.1350,0.1300,0.1350,1500,0
D,2013-09-25,0.1300,0.1300,0.1300,0.1300,1000,0
D,2013-09-24,0.1300,0.1300,0.1300,0.1300,0,0
D,2013-09-23,0.1300,0.1300,0.1300,0.1300,952,0
D,2013-09-20,0.1300,0.1300,0.1250,0.1250,3320,0
D,2013-09-19,0.1300,0.1300,0.1300,0.1300,528,0
D,2013-09-18,0.1250,0.1300,0.1250,0.1300,350,0
D,2013-09-17,0.1300,0.1300,0.1300,0.1300,889,0
D,2013-09-13,0.1350,0.1350,0.1250,0.1250,4300,0
D,2013-09-12,0.1350,0.1350,0.1300,0.1300,10150,0
D,2013-09-11,0.1350,0.1350,0.1300,0.1350,2314,0
D,2013-09-10,0.1350,0.1350,0.1300,0.1300,427,0
D,2013-09-09,0.1400,0.1400,0.1350,0.1350,59457,0
D,2013-09-06,0.1400,0.1400,0.1350,0.1350,12341,0
D,2013-09-05,0.1400,0.1400,0.1400,0.1400,8901,0
D,2013-09-04,0.1400,0.1400,0.1400,0.1400,700,0
D,2013-09-03,0.1550,0.1600,0.1350,0.1450,163417,0
D,2013-09-02,0.1500,0.1550,0.1500,0.1550,850,0
D,2013-08-30,0.1500,0.1600,0.1450,0.1450,650,0
D,2013-08-29,0.1400,0.1400,0.1400,0.1400,83,0
D,2013-08-28,0.1400,0.1400,0.1400,0.1400,2961,0
D,2013-08-27,0.1450,0.1450,0.1400,0.1400,12119,0
D,2013-08-26,0.1500,0.1500,0.1500,0.1500,0,0
D,2013-08-23,0.1500,0.1500,0.1500,0.1500,311,0
D,2013-08-22,0.1500,0.1500,0.1500,0.1500,1330,0
D,2013-08-21,0.1450,0.1500,0.1450,0.1500,1800,0
D,2013-08-20,0.1500,0.1500,0.1500,0.1500,1050,0
D,2013-08-19,0.1500,0.1500,0.1450,0.1450,2270,0
D,2013-08-16,0.1550,0.1550,0.1550,0.1550,3074,0
D,2013-08-15,0.1550,0.1550,0.1550,0.1550,2251,0
D,2013-08-14,0.1550,0.1550,0.1550,0.1550,0,0
D,2013-08-13,0.1550,0.1550,0.1550,0.1550,0,0
D,2013-08-12,0.1500,0.1550,0.1500,0.1550,1066,0
D,2013-08-07,0.1550,0.1550,0.1550,0.1550,2000,0
D,2013-08-06,0.1550,0.1550,0.1550,0.1550,400,0
D,2013-08-05,0.1550,0.1550,0.1550,0.1550,52,0
D,2013-08-02,0.1500,0.1650,0.1500,0.1550,3633,0
D,2013-08-01,0.1550,0.1550,0.1550,0.1550,9083,0
D,2013-07-31,0.1600,0.1600,0.1550,0.1550,7888,0
D,2013-07-30,0.1550,0.1550,0.1550,0.1550,213,0
D,2013-07-29,0.1550,0.1550,0.1550,0.1550,690,0
D,2013-07-26,0.1600,0.1650,0.1600,0.1650,10631,0
D,2013-07-25,0.1600,0.1600,0.1600,0.1600,16965,0
D,2013-07-24,0.1550,0.1600,0.1550,0.1600,3700,0
D,2013-07-23,0.1550,0.1550,0.1550,0.1550,400,0
D,2013-07-22,0.1550,0.1550,0.1500,0.1550,6994,0
D,2013-07-19,0.1550,0.1550,0.1550,0.1550,12524,0
D,2013-07-18,0.1550,0.1550,0.1550,0.1550,2260,0
D,2013-07-17,0.1550,0.1550,0.1550,0.1550,2900,0
D,2013-07-16,0.1600,0.1600,0.1550,0.1550,25708,0
D,2013-07-15,0.1550,0.1600,0.1500,0.1550,13583,0
D,2013-07-12,0.1550,0.1550,0.1500,0.1550,3350,0
D,2013-07-11,0.1500,0.1500,0.1500,0.1500,880,0
D,2013-07-10,0.1500,0.1500,0.1500,0.1500,35196,0
D,2013-07-09,0.1500,0.1550,0.1500,0.1500,37421,0
D,2013-07-08,0.1450,0.1550,0.1450,0.1500,41725,0
D,2013-07-05,0.1550,0.1550,0.1450,0.1450,61727,0
D,2013-07-04,0.1550,0.1650,0.1450,0.1550,475489,0
D,2013-07-03,0.1500,0.1550,0.1500,0.1550,28149,0
D,2013-07-02,0.1450,0.1550,0.1450,0.1500,16138,0
D,2013-07-01,0.1350,0.1450,0.1350,0.1450,71822,0
D,2013-06-28,0.1350,0.1400,0.1300,0.1350,50962,0
D,2013-06-27,0.1350,0.1350,0.1350,0.1350,26742,0
D,2013-06-26,0.1300,0.1350,0.1300,0.1350,81797,0
D,2013-06-25,0.1500,0.1600,0.1200,0.1300,240889,0
D,2013-06-24,0.1400,0.1650,0.1400,0.1550,375573,0
D,2013-06-21,0.1250,0.1400,0.1250,0.1400,25136,0
D,2013-06-20,0.1250,0.1300,0.1200,0.1300,19794,0
D,2013-06-19,0.1250,0.1300,0.1250,0.1300,5500,0
D,2013-06-18,0.1250,0.1250,0.1250,0.1250,4030,0
D,2013-06-17,0.1250,0.1250,0.1250,0.1250,3425,0
D,2013-06-14,0.1250,0.1250,0.1200,0.1250,14713,0
D,2013-06-13,0.1150,0.1150,0.1150,0.1150,4398,0
D,2013-06-12,0.1150,0.1150,0.1150,0.1150,599,0
D,2013-06-11,0.1150,0.1150,0.1150,0.1150,2256,0
D,2013-06-10,0.1150,0.1150,0.1150,0.1150,1466,0
D,2013-06-07,0.1100,0.1100,0.1050,0.1100,2066,0
D,2013-06-06,0.1100,0.1100,0.1100,0.1100,1000,0
D,2013-06-05,0.1100,0.1150,0.1100,0.1150,1300,0
D,2013-06-04,0.1100,0.1100,0.1100,0.1100,2533,0
D,2013-06-03,0.1100,0.1100,0.1100,0.1100,500,0
D,2013-05-31,0.1100,0.1150,0.1100,0.1150,2177,0
D,2013-05-30,0.1100,0.1100,0.1100,0.1100,0,0
D,2013-05-29,0.1100,0.1100,0.1100,0.1100,600,0
D,2013-05-28,0.1100,0.1100,0.1100,0.1100,258,0
D,2013-05-27,0.1100,0.1100,0.1100,0.1100,16,0
D,2013-05-23,0.1150,0.1150,0.1100,0.1100,2266,0
D,2013-05-22,0.1150,0.1150,0.1150,0.1150,3550,0
D,2013-05-21,0.1150,0.1150,0.1100,0.1100,1648,0
D,2013-05-20,0.1100,0.1150,0.1100,0.1150,800,0
D,2013-05-17,0.1100,0.1100,0.1100,0.1100,2700,0
D,2013-05-16,0.1100,0.1150,0.1100,0.1150,3268,0
D,2013-05-15,0.1150,0.1150,0.1100,0.1100,2283,0
D,2013-05-14,0.1150,0.1150,0.1150,0.1150,170,0
D,2013-05-13,0.1200,0.1250,0.1150,0.1200,3600,0
D,2013-05-10,0.1000,0.1250,0.1000,0.1150,7054,0
D,2013-05-09,0.1000,0.1000,0.0950,0.0950,850,0
D,2013-05-08,0.0950,0.0950,0.0950,0.0950,116,0
D,2013-05-07,0.0950,0.1000,0.0950,0.1000,940,0
D,2013-05-06,0.0950,0.0950,0.0950,0.0950,166,0
D,2013-05-03,0.1000,0.1000,0.1000,0.1000,500,0
D,2013-05-02,0.1000,0.1000,0.1000,0.1000,1650,0
D,2013-04-30,0.1000,0.1000,0.1000,0.1000,1499,0
D,2013-04-29,0.0950,0.0950,0.0950,0.0950,250,0
D,2013-04-26,0.0950,0.0950,0.0950,0.0950,0,0
D,2013-04-25,0.0950,0.0950,0.0950,0.0950,0,0
D,2013-04-24,0.0950,0.0950,0.0950,0.0950,0,0
D,2013-04-23,0.0950,0.0950,0.0950,0.0950,0,0
D,2013-04-22,0.0950,0.0950,0.0950,0.0950,933,0
D,2013-04-19,0.0950,0.0950,0.0950,0.0950,0,0
D,2013-04-18,0.0950,0.0950,0.0950,0.0950,0,0
D,2013-04-17,0.0950,0.0950,0.0950,0.0950,0,0
D,2013-04-16,0.0950,0.0950,0.0950,0.0950,0,0
D,2013-04-15,0.0950,0.0950,0.0950,0.0950,0,0
D,2013-04-12,0.0950,0.0950,0.0950,0.0950,1333,0
D,2013-04-11,0.1000,0.1000,0.1000,0.1000,0,0
D,2013-04-10,0.0950,0.1000,0.0950,0.1000,6527,0
D,2013-04-09,0.1000,0.1000,0.1000,0.1000,0,0
D,2013-04-08,0.1000,0.1000,0.1000,0.1000,0,0
D,2013-04-05,0.1000,0.1000,0.1000,0.1000,0,0
D,2013-04-04,0.1000,0.1050,0.1000,0.1000,1300,0
D,2013-04-03,0.1000,0.1000,0.1000,0.1000,30,0
D,2013-04-02,0.0950,0.1000,0.0950,0.0950,890,0
D,2013-04-01,0.1000,0.1000,0.1000,0.1000,0,0
D,2013-03-29,0.1000,0.1000,0.1000,0.1000,0,0
D,2013-03-28,0.1000,0.1000,0.1000,0.1000,0,0
D,2013-03-27,0.1000,0.1000,0.1000,0.1000,476,0
D,2013-03-26,0.1050,0.1050,0.1050,0.1050,0,0
D,2013-03-25,0.1050,0.1050,0.1050,0.1050,350,0
D,2013-03-22,0.1050,0.1050,0.1050,0.1050,766,0
D,2013-03-21,0.1000,0.1000,0.1000,0.1000,300,0
D,2013-03-20,0.0950,0.0950,0.0950,0.0950,0,0
D,2013-03-19,0.1000,0.1000,0.0950,0.0950,2750,0
D,2013-03-18,0.1000,0.1000,0.1000,0.1000,2401,0
D,2013-03-15,0.1000,0.1000,0.1000,0.1000,0,0
D,2013-03-14,0.1000,0.1000,0.1000,0.1000,202,0
D,2013-03-13,0.1000,0.1000,0.1000,0.1000,2500,0
D,2013-03-12,0.1000,0.1000,0.1000,0.1000,501,0
D,2013-03-11,0.1000,0.1000,0.1000,0.1000,0,0
D,2013-03-08,0.1050,0.1050,0.1000,0.1000,402,0
D,2013-03-07,0.1050,0.1050,0.1050,0.1050,3131,0
D,2013-03-06,0.1050,0.1050,0.1050,0.1050,2500,0
D,2013-03-05,0.1050,0.1050,0.1050,0.1050,0,0
D,2013-03-04,0.1050,0.1050,0.1050,0.1050,0,0
D,2013-03-01,0.1050,0.1050,0.1050,0.1050,0,0
D,2013-02-28,0.1050,0.1050,0.1050,0.1050,100,0
D,2013-02-27,0.1100,0.1100,0.1050,0.1100,5,0
D,2013-02-26,0.1100,0.1100,0.1100,0.1100,5000,0
D,2013-02-25,0.1100,0.1100,0.1100,0.1100,0,0
D,2013-02-22,0.1100,0.1100,0.1100,0.1100,498,0
D,2013-02-21,0.1100,0.1100,0.1050,0.1050,1166,0
D,2013-02-20,0.1050,0.1100,0.1050,0.1100,432,0
D,2013-02-19,0.1150,0.1150,0.1150,0.1150,0,0
D,2013-02-18,0.1100,0.1150,0.1100,0.1150,5467,0
D,2013-02-15,0.1100,0.1150,0.1100,0.1150,500,0
D,2013-02-14,0.1150,0.1150,0.1150,0.1150,100,0
D,2013-02-13,0.1150,0.1150,0.1150,0.1150,100,0
D,2013-02-08,0.1100,0.1100,0.1100,0.1100,100,0
D,2013-02-07,0.1200,0.1200,0.1200,0.1200,0,0
D,2013-02-06,0.1200,0.1200,0.1200,0.1200,0,0
D,2013-02-05,0.1150,0.1200,0.1150,0.1200,653,0
D,2013-02-04,0.1150,0.1150,0.1150,0.1150,4513,0
D,2013-01-31,0.1150,0.1150,0.1150,0.1150,3833,0
D,2013-01-30,0.1150,0.1150,0.1150,0.1150,3383,0
D,2013-01-29,0.1150,0.1150,0.1150,0.1150,2188,0
D,2013-01-25,0.1150,0.1150,0.1150,0.1150,1686,0
D,2013-01-23,0.1150,0.1150,0.1150,0.1150,3201,0
D,2013-01-22,0.1150,0.1150,0.1150,0.1150,200,0
D,2013-01-21,0.1200,0.1200,0.1150,0.1200,1053,0
D,2013-01-18,0.1200,0.1200,0.1150,0.1200,1700,0
D,2013-01-17,0.1250,0.1250,0.1200,0.1250,1150,0
D,2013-01-16,0.1200,0.1200,0.1200,0.1200,2500,0
D,2013-01-15,0.1200,0.1200,0.1200,0.1200,850,0
D,2013-01-14,0.1200,0.1200,0.1200,0.1200,1905,0
D,2013-01-11,0.1200,0.1200,0.1150,0.1150,3493,0
D,2013-01-10,0.1200,0.1200,0.1200,0.1200,2234,0
D,2013-01-09,0.1200,0.1200,0.1200,0.1200,500,0
D,2013-01-08,0.1200,0.1200,0.1200,0.1200,799,0
D,2013-01-07,0.1200,0.1200,0.1200,0.1200,2474,0
D,2013-01-04,0.1200,0.1250,0.1200,0.1200,1501,0
D,2013-01-03,0.1200,0.1200,0.1200,0.1200,945,0
D,2013-01-02,0.1200,0.1200,0.1200,0.1200,1500,0
D,2012-12-31,0.1200,0.1200,0.1200,0.1200,2200,0
D,2012-12-28,0.1200,0.1200,0.1200,0.1200,400,0
D,2012-12-27,0.1250,0.1250,0.1250,0.1250,30,0
D,2012-12-26,0.1200,0.1200,0.1200,0.1200,100,0
D,2012-12-24,0.1200,0.1200,0.1200,0.1200,3698,0
D,2012-12-21,0.1200,0.1250,0.1200,0.1250,900,0
D,2012-12-20,0.1200,0.1250,0.1200,0.1250,7809,0
D,2012-12-19,0.1200,0.1250,0.1200,0.1250,2275,0
D,2012-12-18,0.1200,0.1350,0.1200,0.1250,39303,0
D,2012-12-17,0.1150,0.1250,0.1150,0.1200,5855,0
D,2012-12-14,0.1150,0.1150,0.1150,0.1150,1170,0
D,2012-12-13,0.1150,0.1150,0.1100,0.1150,1090,0
D,2012-12-12,0.1150,0.1150,0.1150,0.1150,3012,0
D,2012-12-11,0.1150,0.1150,0.1150,0.1150,2527,0
D,2012-12-10,0.1150,0.1150,0.1150,0.1150,846,0
D,2012-12-07,0.1100,0.1150,0.1100,0.1150,6347,0
D,2012-12-06,0.1100,0.1100,0.1100,0.1100,4133,0
D,2012-12-05,0.1150,0.1150,0.1100,0.1100,19462,0
D,2012-12-04,0.1150,0.1150,0.1150,0.1150,12508,0
D,2012-12-03,0.1150,0.1150,0.1150,0.1150,13215,0
D,2012-11-30,0.1150,0.1200,0.1100,0.1200,23457,0
D,2012-11-29,0.1300,0.1350,0.1100,0.1150,195619,0
D,2012-11-28,0.1300,0.1400,0.1250,0.1300,171649,0
D,2012-11-27,0.1200,0.1300,0.1200,0.1250,27298,0
D,2012-11-26,0.1350,0.1450,0.1050,0.1150,131849,0
D,2012-11-23,0.1250,0.1450,0.1250,0.1400,17061,0
D,2012-11-22,0.1250,0.1250,0.1250,0.1250,4573,0
D,2012-11-21,0.1250,0.1250,0.1250,0.1250,1627,0
D,2012-11-20,0.1300,0.1300,0.1200,0.1200,277,0
D,2012-11-19,0.1250,0.1250,0.1250,0.1250,666,0
D,2012-11-16,0.1250,0.1300,0.1250,0.1300,2023,0
D,2012-11-14,0.1250,0.1250,0.1250,0.1250,1,0
D,2012-11-12,0.1250,0.1250,0.1250,0.1250,1166,0
D,2012-11-09,0.1250,0.1300,0.1250,0.1300,2730,0
D,2012-11-08,0.1250,0.1250,0.1250,0.1250,663,0
D,2012-11-07,0.1250,0.1300,0.1250,0.1300,1002,0
D,2012-11-06,0.1300,0.1300,0.1300,0.1300,300,0
D,2012-11-05,0.1350,0.1350,0.1300,0.1300,3874,0
D,2012-11-02,0.1300,0.1350,0.1300,0.1350,675,0
D,2012-11-01,0.1350,0.1350,0.1350,0.1350,1000,0
D,2012-10-31,0.1300,0.1300,0.1300,0.1300,2091,0
D,2012-10-30,0.1300,0.1300,0.1300,0.1300,2000,0
D,2012-10-29,0.1300,0.1300,0.1300,0.1300,0,0
D,2012-10-25,0.1300,0.1300,0.1300,0.1300,333,0
D,2012-10-24,0.1300,0.1350,0.1300,0.1350,2001,0
D,2012-10-23,0.1300,0.1300,0.1300,0.1300,1332,0
D,2012-10-22,0.1300,0.1300,0.1300,0.1300,2100,0
D,2012-10-19,0.1300,0.1350,0.1300,0.1350,9956,0
D,2012-10-18,0.1350,0.1350,0.1300,0.1350,3334,0
D,2012-10-17,0.1350,0.1400,0.1350,0.1350,3546,0
D,2012-10-16,0.1200,0.1350,0.1200,0.1350,20164,0
D,2012-10-15,0.1200,0.1200,0.1200,0.1200,200,0
D,2012-10-12,0.1200,0.1200,0.1200,0.1200,2700,0
D,2012-10-11,0.1200,0.1200,0.1200,0.1200,332,0
D,2012-10-10,0.1200,0.1200,0.1200,0.1200,3615,0
D,2012-10-09,0.1200,0.1200,0.1200,0.1200,2876,0
D,2012-10-08,0.1150,0.1150,0.1150,0.1150,0,0
D,2012-10-05,0.1150,0.1150,0.1150,0.1150,216,0
D,2012-10-04,0.1150,0.1200,0.1150,0.1150,275,0
D,2012-10-03,0.1150,0.1150,0.1150,0.1150,3000,0
D,2012-05-03,0.1400,0.1450,0.1400,0.1450,140,0
D,2012-05-02,0.1400,0.1450,0.1400,0.1400,3185,0
