D,2014-10-14,1.2700,1.2700,1.2500,1.2600,14969,0
D,2014-10-13,1.2800,1.2900,1.2700,1.2800,4885,0
D,2014-10-10,1.2800,1.2800,1.2700,1.2800,4745,0
D,2014-10-09,1.3000,1.3000,1.2700,1.2700,17796,0
D,2014-10-08,1.3200,1.3200,1.2900,1.3100,10518,0
D,2014-10-07,1.3100,1.3200,1.2900,1.3200,26991,0
D,2014-10-03,1.3000,1.3100,1.2900,1.3000,5812,0
D,2014-10-02,1.3200,1.3200,1.3000,1.3100,12015,0
D,2014-10-01,1.3100,1.3200,1.3000,1.3200,71908,0
D,2014-09-30,1.3100,1.3200,1.2900,1.3200,28363,0
D,2014-09-29,1.3100,1.3100,1.2800,1.3000,32204,0
D,2014-09-26,1.3000,1.3100,1.2900,1.3100,16668,0
D,2014-09-25,1.2900,1.3100,1.2900,1.3000,30179,0
D,2014-09-24,1.2900,1.3100,1.2900,1.3100,17937,0
D,2014-09-23,1.2900,1.3000,1.2900,1.3000,13973,0
D,2014-09-22,1.2900,1.3100,1.2800,1.3000,26476,0
D,2014-09-19,1.3000,1.3000,1.2800,1.2800,112821,0
D,2014-09-18,1.2900,1.3000,1.2800,1.2900,10708,0
D,2014-09-17,1.2800,1.3000,1.2800,1.2900,33809,0
D,2014-09-15,1.2900,1.2900,1.2800,1.2900,1339,0
D,2014-09-12,1.2800,1.3000,1.2800,1.2900,25245,0
D,2014-09-11,1.2700,1.2900,1.2700,1.2900,20413,0
D,2014-09-10,1.2700,1.2900,1.2700,1.2700,27992,0
D,2014-09-09,1.2700,1.2800,1.2600,1.2800,16938,0
D,2014-09-08,1.2700,1.2800,1.2600,1.2700,36668,0
D,2014-09-05,1.2600,1.2700,1.2600,1.2700,26054,0
D,2014-09-04,1.2600,1.2700,1.2500,1.2600,35658,0
D,2014-09-03,1.2600,1.2600,1.2500,1.2600,30871,0
D,2014-09-02,1.2500,1.2600,1.2400,1.2500,21166,0
D,2014-08-29,1.2600,1.2600,1.2300,1.2500,11118,0
D,2014-08-28,1.2500,1.2600,1.2500,1.2600,26123,0
D,2014-08-27,1.2500,1.2600,1.2500,1.2600,4297,0
D,2014-08-26,1.2600,1.2600,1.2400,1.2500,5201,0
D,2014-08-25,1.2500,1.2600,1.2400,1.2600,10029,0
D,2014-08-22,1.2600,1.2600,1.2400,1.2500,4668,0
D,2014-08-21,1.2500,1.2600,1.2500,1.2600,3181,0
D,2014-08-20,1.2700,1.2700,1.2600,1.2600,29548,0
D,2014-08-19,1.2500,1.2600,1.2500,1.2600,6704,0
D,2014-08-18,1.2500,1.2500,1.2400,1.2500,6630,0
D,2014-08-15,1.2700,1.2700,1.2400,1.2500,20687,0
D,2014-08-14,1.2800,1.2800,1.2500,1.2700,20089,0
D,2014-08-13,1.2400,1.2800,1.2400,1.2800,15661,0
D,2014-08-12,1.2500,1.2500,1.2300,1.2400,16191,0
D,2014-08-11,1.2600,1.2600,1.2400,1.2500,3074,0
D,2014-08-08,1.2900,1.2900,1.2700,1.2900,23536,0
D,2014-08-07,1.2900,1.3000,1.2800,1.2900,17985,0
D,2014-08-06,1.2900,1.3000,1.2800,1.3000,26882,0
D,2014-08-05,1.2900,1.2900,1.2800,1.2900,11824,0
D,2014-08-04,1.2800,1.3000,1.2800,1.2900,33087,0
D,2014-08-01,1.2800,1.2900,1.2700,1.2800,5151,0
D,2014-07-31,1.2900,1.2900,1.2800,1.2900,9729,0
D,2014-07-30,1.2800,1.3000,1.2800,1.2800,2911,0
D,2014-07-25,1.2600,1.3000,1.2600,1.3000,35689,0
D,2014-07-24,1.2400,1.2600,1.2400,1.2600,9351,0
D,2014-07-23,1.2500,1.2500,1.2300,1.2500,7001,0
D,2014-07-22,1.2500,1.2500,1.2400,1.2500,3301,0
D,2014-07-21,1.2300,1.2500,1.2300,1.2500,7944,0
D,2014-07-18,1.2300,1.2400,1.2300,1.2400,1711,0
D,2014-07-17,1.2300,1.2400,1.2300,1.2400,2387,0
D,2014-07-16,1.2200,1.2400,1.2200,1.2400,6391,0
D,2014-07-14,1.2200,1.2400,1.2100,1.2400,14574,0
D,2014-07-11,1.2200,1.2200,1.2100,1.2200,6884,0
D,2014-07-10,1.2200,1.2300,1.2100,1.2200,28500,0
D,2014-07-09,1.2200,1.2300,1.2100,1.2200,9905,0
D,2014-07-08,1.2200,1.2300,1.2100,1.2200,8879,0
D,2014-07-07,1.2300,1.2300,1.2100,1.2200,5780,0
D,2014-07-04,1.2300,1.2300,1.2200,1.2200,1022,0
D,2014-07-03,1.2200,1.2400,1.2200,1.2400,8320,0
D,2014-07-02,1.2200,1.2300,1.2200,1.2300,1289,0
D,2014-07-01,1.2100,1.2200,1.2100,1.2200,6140,0
D,2014-06-30,1.2200,1.2200,1.2000,1.2200,20522,0
D,2014-06-27,1.2300,1.2300,1.2200,1.2200,6775,0
D,2014-06-26,1.2300,1.2400,1.2300,1.2400,3174,0
D,2014-06-25,1.2300,1.2300,1.2200,1.2200,8686,0
D,2014-06-24,1.2400,1.2400,1.2200,1.2300,3225,0
D,2014-06-23,1.2300,1.2400,1.2200,1.2300,209499,0
D,2014-06-20,1.2100,1.2400,1.2100,1.2200,10055,0
D,2014-06-19,1.2100,1.2200,1.2100,1.2100,910,0
D,2014-06-18,1.2100,1.2200,1.2100,1.2100,4731,0
D,2014-06-17,1.2200,1.2300,1.2100,1.2100,5530,0
D,2014-06-16,1.2200,1.2300,1.2100,1.2200,2902,0
D,2014-06-13,1.2300,1.2300,1.2200,1.2300,1363,0
D,2014-06-12,1.2400,1.2400,1.2100,1.2200,6251,0
D,2014-06-11,1.2300,1.2400,1.2200,1.2400,7506,0
D,2014-06-10,1.2300,1.2300,1.2200,1.2200,2003,0
D,2014-06-09,1.2000,1.2400,1.2000,1.2300,18231,0
D,2014-06-06,1.2100,1.2100,1.2000,1.2100,3233,0
D,2014-06-05,1.2000,1.2100,1.2000,1.2000,1218,0
D,2014-06-04,1.2000,1.2100,1.2000,1.2100,2431,0
D,2014-06-03,1.2100,1.2100,1.1900,1.2000,5822,0
D,2014-06-02,1.2000,1.2100,1.1900,1.2000,6697,0
D,2014-05-30,1.1900,1.2200,1.1900,1.2000,19277,0
D,2014-05-29,1.2000,1.2000,1.1900,1.1900,1841,0
D,2014-05-28,1.1800,1.2000,1.1800,1.2000,10388,0
D,2014-05-27,1.1900,1.1900,1.1800,1.1800,704,0
D,2014-05-26,1.1800,1.1900,1.1800,1.1800,1533,0
D,2014-05-23,1.1800,1.1900,1.1800,1.1900,13855,0
D,2014-05-22,1.1800,1.1900,1.1800,1.1900,1223,0
D,2014-05-21,1.1900,1.2000,1.1800,1.1800,9853,0
D,2014-05-20,1.1900,1.1900,1.1900,1.1900,11168,0
D,2014-05-19,1.2000,1.2000,1.1900,1.2000,5236,0
D,2014-05-16,1.2000,1.2000,1.1800,1.1900,11210,0
D,2014-05-15,1.2000,1.2000,1.1900,1.1900,15650,0
D,2014-05-14,1.2000,1.2100,1.2000,1.2000,7823,0
D,2014-05-12,1.1900,1.2000,1.1800,1.2000,8508,0
D,2014-05-09,1.1900,1.2000,1.1800,1.1900,8922,0
D,2014-05-08,1.1800,1.1900,1.1800,1.1900,824,0
D,2014-05-07,1.1900,1.1900,1.1800,1.1800,3180,0
D,2014-05-06,1.1800,1.1900,1.1800,1.1900,3974,0
D,2014-05-05,1.1900,1.1900,1.1700,1.1800,3357,0
D,2014-05-02,1.1700,1.1900,1.1700,1.1900,12727,0
D,2014-04-30,1.1600,1.1700,1.1600,1.1600,2091,0
D,2014-04-29,1.1700,1.1700,1.1600,1.1600,8897,0
D,2014-04-28,1.1800,1.1800,1.1700,1.1700,3859,0
D,2014-04-25,1.1900,1.1900,1.1800,1.1900,2730,0
D,2014-04-24,1.1700,1.1800,1.1700,1.1800,5566,0
D,2014-04-23,1.1600,1.1800,1.1600,1.1700,8532,0
D,2014-04-22,1.1600,1.1700,1.1600,1.1600,2940,0
D,2014-04-21,1.1600,1.1700,1.1500,1.1700,2357,0
D,2014-04-18,1.1600,1.1600,1.1600,1.1600,863,0
D,2014-04-17,1.1600,1.1700,1.1500,1.1700,1702,0
D,2014-04-16,1.1500,1.1700,1.1500,1.1700,6144,0
D,2014-04-15,1.1500,1.1500,1.1400,1.1500,4859,0
D,2014-04-14,1.1500,1.1500,1.1400,1.1500,9097,0
D,2014-04-11,1.1500,1.1600,1.1500,1.1500,3871,0
D,2014-04-10,1.1500,1.1600,1.1400,1.1500,7822,0
D,2014-04-09,1.1500,1.1500,1.1400,1.1400,9273,0
D,2014-04-08,1.1500,1.1500,1.1400,1.1500,2761,0
D,2014-04-07,1.1500,1.1500,1.1400,1.1400,1961,0
D,2014-04-04,1.1400,1.1500,1.1400,1.1400,4473,0
D,2014-04-03,1.1400,1.1500,1.1300,1.1400,29735,0
D,2014-04-02,1.1400,1.1500,1.1300,1.1400,9486,0
D,2014-04-01,1.1400,1.1500,1.1300,1.1400,22253,0
D,2014-03-31,1.1300,1.1400,1.1300,1.1400,7406,0
D,2014-03-28,1.1300,1.1400,1.1300,1.1300,13294,0
D,2014-03-27,1.1300,1.1400,1.1200,1.1300,14938,0
D,2014-03-26,1.1300,1.1300,1.1200,1.1200,14772,0
D,2014-03-25,1.1300,1.1300,1.1200,1.1300,29333,0
D,2014-03-24,1.1300,1.1400,1.1200,1.1300,33672,0
D,2014-03-21,1.1600,1.1600,1.1300,1.1300,40279,0
D,2014-03-20,1.1600,1.1600,1.1400,1.1500,22808,0
D,2014-03-19,1.1600,1.1600,1.1500,1.1600,13210,0
D,2014-03-18,1.1700,1.1700,1.1600,1.1600,21278,0
D,2014-03-17,1.1700,1.1700,1.1600,1.1700,2703,0
D,2014-03-14,1.1700,1.1800,1.1600,1.1700,15877,0
D,2014-03-13,1.1800,1.1800,1.1700,1.1700,6480,0
D,2014-03-12,1.1700,1.1800,1.1700,1.1800,6169,0
D,2014-03-11,1.1700,1.1800,1.1700,1.1800,1507,0
D,2014-03-10,1.1700,1.1800,1.1600,1.1800,5099,0
D,2014-03-07,1.1700,1.1800,1.1600,1.1700,12125,0
D,2014-03-06,1.1800,1.1800,1.1700,1.1700,8930,0
D,2014-03-05,1.1900,1.1900,1.1800,1.1900,4365,0
D,2014-03-04,1.1800,1.1900,1.1700,1.1900,4034,0
D,2014-03-03,1.2000,1.2000,1.1700,1.1800,8039,0
D,2014-02-28,1.1600,1.2000,1.1600,1.2000,18411,0
D,2014-02-27,1.1500,1.1700,1.1500,1.1700,14477,0
D,2014-02-26,1.1500,1.1600,1.1400,1.1500,8611,0
D,2014-02-25,1.1300,1.1500,1.1300,1.1400,25362,0
D,2014-02-24,1.1500,1.1500,1.1200,1.1300,48801,0
D,2014-02-21,1.1600,1.1600,1.1300,1.1500,28152,0
D,2014-02-20,1.1700,1.1700,1.1500,1.1500,25402,0
D,2014-02-19,1.1800,1.1800,1.1600,1.1600,11601,0
D,2014-02-18,1.1800,1.1800,1.1700,1.1700,8129,0
D,2014-02-17,1.2000,1.2000,1.1700,1.1800,9960,0
D,2014-02-14,1.2100,1.2200,1.2000,1.2000,3973,0
D,2014-02-13,1.2400,1.2500,1.2300,1.2500,19845,0
D,2014-02-12,1.2100,1.2500,1.2100,1.2400,31896,0
D,2014-02-11,1.2000,1.2200,1.2000,1.2100,11002,0
D,2014-02-10,1.2100,1.2100,1.2000,1.2000,7770,0
D,2014-02-07,1.2000,1.2100,1.1900,1.2100,19929,0
D,2014-02-06,1.2000,1.2000,1.1900,1.2000,13586,0
D,2014-02-05,1.2000,1.2000,1.1900,1.1900,16542,0
D,2014-02-04,1.2100,1.2100,1.2000,1.2000,3144,0
D,2014-01-30,1.1800,1.2100,1.1800,1.2100,12861,0
D,2014-01-29,1.1800,1.2000,1.1700,1.1800,23666,0
D,2014-01-28,1.1700,1.1700,1.1600,1.1700,6567,0
D,2014-01-27,1.1800,1.1800,1.1700,1.1800,6825,0
D,2014-01-24,1.1800,1.1900,1.1700,1.1700,16286,0
D,2014-01-23,1.1800,1.1800,1.1700,1.1700,7585,0
D,2014-01-22,1.1900,1.1900,1.1800,1.1800,4541,0
D,2014-01-21,1.1900,1.1900,1.1800,1.1900,12894,0
D,2014-01-20,1.2000,1.2000,1.1900,1.1900,4558,0
D,2014-01-16,1.2100,1.2100,1.1900,1.1900,4776,0
D,2014-01-15,1.2300,1.2300,1.2100,1.2200,6215,0
D,2014-01-13,1.2000,1.2300,1.2000,1.2300,10750,0
D,2014-01-10,1.2000,1.2100,1.2000,1.2000,4421,0
D,2014-01-09,1.2100,1.2100,1.1900,1.2100,5437,0
D,2014-01-08,1.2000,1.2000,1.1900,1.2000,2827,0
D,2014-01-07,1.2100,1.2100,1.1900,1.2000,9326,0
D,2014-01-06,1.2000,1.2200,1.2000,1.2200,9046,0
D,2014-01-03,1.2000,1.2100,1.1900,1.2000,3283,0
D,2014-01-02,1.1900,1.2000,1.1900,1.2000,2157,0
D,2013-12-31,1.1700,1.2100,1.1600,1.1900,29403,0
D,2013-12-30,1.1700,1.1800,1.1700,1.1700,10681,0
D,2013-12-27,1.1800,1.1800,1.1700,1.1800,4348,0
D,2013-12-26,1.1800,1.1800,1.1700,1.1700,2459,0
D,2013-12-24,1.1800,1.1800,1.1800,1.1800,2823,0
D,2013-12-23,1.1800,1.1800,1.1700,1.1800,5537,0
D,2013-12-20,1.1800,1.1800,1.1700,1.1700,1476,0
D,2013-12-19,1.1700,1.1800,1.1700,1.1700,5351,0
D,2013-12-18,1.1800,1.1800,1.1700,1.1700,8278,0
D,2013-12-17,1.1800,1.1900,1.1700,1.1800,17635,0
D,2013-12-16,1.2000,1.2000,1.1800,1.1800,5217,0
D,2013-12-13,1.2000,1.2000,1.1900,1.2000,9236,0
D,2013-12-12,1.2000,1.2100,1.1900,1.1900,7785,0
D,2013-12-11,1.2100,1.2200,1.2000,1.2100,6751,0
D,2013-12-10,1.2000,1.2100,1.2000,1.2100,12223,0
D,2013-12-09,1.2100,1.2100,1.2000,1.2000,17998,0
D,2013-12-06,1.2000,1.2100,1.2000,1.2100,2176,0
D,2013-12-05,1.2200,1.2200,1.2000,1.2100,4104,0
D,2013-12-04,1.2300,1.2300,1.2000,1.2200,7971,0
D,2013-12-03,1.2200,1.2200,1.2100,1.2100,1302,0
D,2013-12-02,1.2200,1.2300,1.2100,1.2100,1511,0
D,2013-11-29,1.2200,1.2200,1.2100,1.2200,4518,0
D,2013-11-28,1.2400,1.2400,1.2200,1.2200,8450,0
D,2013-11-27,1.2500,1.2500,1.2300,1.2400,14344,0
D,2013-11-26,1.2300,1.2600,1.2200,1.2500,80920,0
D,2013-11-25,1.2500,1.2500,1.2300,1.2300,8043,0
D,2013-11-22,1.2500,1.2600,1.2500,1.2600,7098,0
D,2013-11-21,1.2600,1.2600,1.2300,1.2600,11419,0
D,2013-11-20,1.2600,1.2700,1.2500,1.2700,16037,0
D,2013-11-19,1.2400,1.2600,1.2400,1.2600,6803,0
D,2013-11-18,1.2400,1.2500,1.2300,1.2500,9259,0
D,2013-11-15,1.2200,1.2400,1.2200,1.2400,9410,0
D,2013-11-14,1.2300,1.2400,1.2200,1.2300,14863,0
D,2013-11-13,1.2400,1.2500,1.2300,1.2300,17581,0
D,2013-11-12,1.2400,1.2500,1.2200,1.2400,9130,0
D,2013-11-11,1.2500,1.2500,1.2400,1.2500,4328,0
D,2013-11-08,1.2200,1.2700,1.2100,1.2500,42841,0
D,2013-11-07,1.2300,1.2300,1.2100,1.2200,10760,0
D,2013-11-06,1.2200,1.2300,1.2100,1.2300,15636,0
D,2013-11-04,1.2100,1.2300,1.2100,1.2200,2387,0
D,2013-11-01,1.2100,1.2200,1.2000,1.2200,3833,0
D,2013-10-31,1.2000,1.2100,1.2000,1.2000,4729,0
D,2013-10-30,1.2100,1.2100,1.2000,1.2000,9956,0
D,2013-10-29,1.2200,1.2200,1.2000,1.2000,23411,0
D,2013-10-28,1.2300,1.2300,1.2100,1.2200,11804,0
D,2013-10-25,1.2500,1.2600,1.2200,1.2300,54269,0
D,2013-10-24,1.2300,1.2300,1.2100,1.2200,14335,0
D,2013-10-23,1.2300,1.2300,1.2200,1.2200,25403,0
D,2013-10-22,1.2300,1.2300,1.2200,1.2300,4488,0
D,2013-10-21,1.2200,1.2300,1.2200,1.2200,10808,0
D,2013-10-18,1.2200,1.2300,1.2200,1.2200,29367,0
D,2013-10-17,1.2300,1.2300,1.2200,1.2300,6185,0
D,2013-10-16,1.2200,1.2300,1.2200,1.2300,4487,0
D,2013-10-14,1.2300,1.2300,1.2300,1.2300,10428,0
D,2013-10-11,1.2300,1.2400,1.2300,1.2300,8126,0
D,2013-10-10,1.2300,1.2300,1.2200,1.2300,9537,0
D,2013-10-09,1.2300,1.2300,1.2200,1.2300,961,0
D,2013-10-08,1.2200,1.2300,1.2200,1.2300,8006,0
D,2013-10-07,1.2300,1.2300,1.2200,1.2300,4689,0
D,2013-10-04,1.2300,1.2300,1.2200,1.2300,3845,0
D,2013-10-03,1.2300,1.2400,1.2200,1.2300,16795,0
D,2013-10-02,1.2500,1.2500,1.2200,1.2300,8239,0
D,2013-10-01,1.2400,1.2400,1.2300,1.2300,3244,0
D,2013-09-30,1.2500,1.2500,1.2300,1.2400,3632,0
D,2013-09-27,1.2400,1.2600,1.2400,1.2500,2503,0
D,2013-09-26,1.2600,1.2600,1.2300,1.2400,14088,0
D,2013-09-25,1.2700,1.2800,1.2600,1.2600,3477,0
D,2013-09-24,1.2900,1.2900,1.2700,1.2800,1840,0
D,2013-09-23,1.2700,1.2900,1.2700,1.2900,10798,0
D,2013-09-20,1.2800,1.2900,1.2700,1.2800,19666,0
D,2013-09-19,1.2700,1.2800,1.2700,1.2800,21696,0
D,2013-09-18,1.2500,1.2600,1.2500,1.2600,6099,0
D,2013-09-17,1.2300,1.2500,1.2300,1.2400,5163,0
D,2013-09-13,1.2400,1.2400,1.2200,1.2300,5660,0
D,2013-09-12,1.2300,1.2500,1.2200,1.2300,3454,0
D,2013-09-11,1.2100,1.2400,1.2100,1.2200,31782,0
D,2013-09-10,1.2100,1.2100,1.2000,1.2000,12350,0
D,2013-09-09,1.2000,1.2100,1.1900,1.2000,26767,0
D,2013-09-06,1.2200,1.2200,1.2000,1.2000,8145,0
D,2013-09-05,1.2200,1.2300,1.2100,1.2100,6646,0
D,2013-09-04,1.2100,1.2200,1.2000,1.2200,3689,0
D,2013-09-03,1.2000,1.2100,1.1900,1.2100,5729,0
D,2013-09-02,1.1900,1.2000,1.1800,1.2000,3546,0
D,2013-08-30,1.1900,1.2000,1.1800,1.1900,6370,0
D,2013-08-29,1.1800,1.1900,1.1700,1.1800,20766,0
D,2013-08-28,1.1500,1.1900,1.1300,1.1800,30121,0
D,2013-08-27,1.2300,1.2300,1.1600,1.1600,40163,0
D,2013-08-26,1.2400,1.2500,1.2200,1.2200,11312,0
D,2013-08-23,1.2300,1.2500,1.2300,1.2400,10118,0
D,2013-08-22,1.2500,1.2600,1.2300,1.2300,22192,0
D,2013-08-21,1.2600,1.2700,1.2500,1.2600,4430,0
D,2013-08-20,1.2700,1.2800,1.2600,1.2600,19608,0
D,2013-08-19,1.2900,1.2900,1.2700,1.2800,17255,0
D,2013-08-16,1.3000,1.3000,1.2900,1.2900,10382,0
D,2013-08-15,1.2900,1.3000,1.2900,1.3000,28580,0
D,2013-08-14,1.3000,1.3000,1.2800,1.3000,28759,0
D,2013-08-13,1.3200,1.3300,1.3200,1.3200,37544,0
D,2013-08-12,1.3100,1.3200,1.3100,1.3200,8655,0
D,2013-08-07,1.3100,1.3200,1.3000,1.3100,2726,0
D,2013-08-06,1.3100,1.3100,1.2900,1.3100,67192,0
D,2013-08-05,1.2900,1.3100,1.2900,1.3000,17603,0
D,2013-08-02,1.2800,1.3000,1.2800,1.2900,21449,0
D,2013-08-01,1.2600,1.2800,1.2600,1.2700,42449,0
D,2013-07-31,1.2800,1.2900,1.2600,1.2600,43035,0
D,2013-07-30,1.2600,1.2600,1.2500,1.2600,25215,0
D,2013-07-29,1.2600,1.2700,1.2500,1.2500,26929,0
D,2013-07-26,1.2600,1.2700,1.2500,1.2600,28893,0
D,2013-07-25,1.2700,1.2700,1.2500,1.2500,38251,0
D,2013-07-24,1.2800,1.2800,1.2600,1.2700,25929,0
D,2013-07-23,1.2900,1.2900,1.2700,1.2700,38518,0
D,2013-07-22,1.3000,1.3000,1.2800,1.2800,36313,0
D,2013-07-19,1.3200,1.3200,1.2900,1.2900,61521,0
D,2013-07-18,1.3100,1.3200,1.3100,1.3100,11168,0
D,2013-07-17,1.3200,1.3200,1.3100,1.3100,10503,0
D,2013-07-16,1.3200,1.3200,1.3100,1.3200,7936,0
D,2013-07-15,1.3200,1.3200,1.3100,1.3200,14220,0
D,2013-07-12,1.3300,1.3300,1.3200,1.3200,13839,0
D,2013-07-11,1.3300,1.3300,1.3200,1.3300,6670,0
D,2013-07-10,1.3200,1.3300,1.3200,1.3300,7747,0
D,2013-07-09,1.3200,1.3300,1.3100,1.3100,14054,0
D,2013-07-08,1.3200,1.3300,1.3200,1.3200,6439,0
D,2013-07-05,1.3400,1.3400,1.3200,1.3200,14685,0
D,2013-07-04,1.3300,1.3400,1.3300,1.3300,5585,0
D,2013-07-03,1.3300,1.3400,1.3200,1.3400,8521,0
D,2013-07-02,1.3300,1.3300,1.3200,1.3200,1224,0
D,2013-07-01,1.3200,1.3300,1.3200,1.3200,7460,0
D,2013-06-28,1.3300,1.3300,1.3200,1.3300,26525,0
D,2013-06-27,1.3300,1.3300,1.3200,1.3200,19764,0
D,2013-06-26,1.3200,1.3300,1.3200,1.3200,20188,0
D,2013-06-25,1.3400,1.3400,1.3100,1.3100,44143,0
D,2013-06-24,1.3600,1.3600,1.3400,1.3500,7255,0
D,2013-06-21,1.3300,1.3800,1.3300,1.3800,100184,0
D,2013-06-20,1.3400,1.3500,1.3300,1.3400,28765,0
D,2013-06-19,1.3500,1.3500,1.3400,1.3400,9098,0
D,2013-06-18,1.3500,1.3500,1.3400,1.3500,24964,0
D,2013-06-17,1.3500,1.3500,1.3400,1.3500,19160,0
D,2013-06-14,1.3500,1.3500,1.3400,1.3500,1774,0
D,2013-06-13,1.3500,1.3500,1.3300,1.3500,36394,0
D,2013-06-12,1.3500,1.3600,1.3400,1.3600,33807,0
D,2013-06-11,1.3600,1.3600,1.3500,1.3600,1992,0
D,2013-06-10,1.3500,1.3700,1.3500,1.3600,20612,0
D,2013-06-07,1.3500,1.3600,1.3400,1.3500,13447,0
D,2013-06-06,1.3500,1.3600,1.3400,1.3400,23103,0
D,2013-06-05,1.3500,1.3600,1.3400,1.3500,15248,0
D,2013-06-04,1.3500,1.3500,1.3400,1.3400,15751,0
D,2013-06-03,1.3600,1.3600,1.3400,1.3400,25682,0
D,2013-05-31,1.3700,1.3700,1.3500,1.3600,15305,0
D,2013-05-30,1.3600,1.3700,1.3500,1.3700,14332,0
D,2013-05-29,1.3600,1.3600,1.3500,1.3600,15922,0
D,2013-05-28,1.3600,1.3700,1.3400,1.3700,10075,0
D,2013-05-27,1.3500,1.3600,1.3400,1.3400,25033,0
D,2013-05-23,1.3700,1.3700,1.3500,1.3500,42530,0
D,2013-05-22,1.3700,1.3700,1.3600,1.3700,22965,0
D,2013-05-21,1.3600,1.3800,1.3500,1.3700,22780,0
D,2013-05-20,1.3700,1.3700,1.3500,1.3600,53063,0
D,2013-05-17,1.3700,1.3700,1.3600,1.3700,14595,0
D,2013-05-16,1.3700,1.3700,1.3600,1.3700,9228,0
D,2013-05-15,1.3700,1.3800,1.3600,1.3700,71570,0
D,2013-05-14,1.3700,1.3700,1.3600,1.3700,26216,0
D,2013-05-13,1.3700,1.3800,1.3600,1.3600,51655,0
D,2013-05-10,1.3700,1.3700,1.3500,1.3600,18938,0
D,2013-05-09,1.3500,1.3700,1.3500,1.3700,126295,0
D,2013-05-08,1.3500,1.3600,1.3400,1.3500,37864,0
D,2013-05-07,1.3900,1.3900,1.3400,1.3500,114396,0
D,2013-05-06,1.3800,1.4000,1.3700,1.3800,24396,0
D,2013-05-03,1.3700,1.3800,1.3700,1.3700,7751,0
D,2013-05-02,1.3600,1.3800,1.3600,1.3700,18608,0
D,2013-04-30,1.3800,1.3800,1.3600,1.3600,26141,0
D,2013-04-29,1.3900,1.3900,1.3700,1.3700,25606,0
D,2013-04-26,1.3900,1.4000,1.3800,1.3900,21489,0
D,2013-04-25,1.3800,1.4000,1.3700,1.4000,43866,0
D,2013-04-24,1.3900,1.3900,1.3700,1.3800,24559,0
D,2013-04-23,1.4000,1.4000,1.3900,1.3900,11456,0
D,2013-04-22,1.4000,1.4000,1.3900,1.4000,32606,0
D,2013-04-19,1.4000,1.4200,1.4000,1.4100,26715,0
D,2013-04-18,1.4000,1.4000,1.3900,1.4000,29681,0
D,2013-04-17,1.4000,1.4000,1.4000,1.4000,39672,0
D,2013-04-16,1.4000,1.4100,1.3900,1.4000,18364,0
D,2013-04-15,1.4000,1.4100,1.4000,1.4000,6791,0
D,2013-04-12,1.4100,1.4100,1.4000,1.4100,3611,0
D,2013-04-11,1.4100,1.4200,1.4000,1.4000,24694,0
D,2013-04-10,1.4000,1.4100,1.4000,1.4100,47014,0
D,2013-04-09,1.3900,1.4100,1.3900,1.4000,5632,0
D,2013-04-08,1.4000,1.4100,1.4000,1.4000,4842,0
D,2013-04-05,1.3900,1.4100,1.3900,1.4100,9467,0
D,2013-04-04,1.3900,1.4000,1.3900,1.3900,28246,0
D,2013-04-03,1.4100,1.4100,1.3800,1.4000,42865,0
D,2013-04-02,1.4000,1.4100,1.4000,1.4100,9071,0
D,2013-04-01,1.4100,1.4100,1.4000,1.4000,8574,0
D,2013-03-29,1.3900,1.4100,1.3900,1.4100,12548,0
D,2013-03-28,1.4000,1.4100,1.3900,1.4000,26200,0
D,2013-03-27,1.4100,1.4100,1.3900,1.4000,29181,0
D,2013-03-26,1.4000,1.4000,1.4000,1.4000,6725,0
D,2013-03-25,1.4000,1.4100,1.3900,1.4100,6973,0
D,2013-03-22,1.4000,1.4100,1.4000,1.4000,18058,0
D,2013-03-21,1.4100,1.4100,1.4000,1.4000,15558,0
D,2013-03-20,1.4000,1.4100,1.3900,1.4000,16188,0
D,2013-03-19,1.4000,1.4100,1.3900,1.4000,25672,0
D,2013-03-18,1.4200,1.4200,1.4000,1.4000,15041,0
D,2013-03-15,1.3900,1.4500,1.3900,1.4500,43163,0
D,2013-03-14,1.3900,1.4000,1.3900,1.4000,72676,0
D,2013-03-13,1.4000,1.4100,1.3900,1.4000,53184,0
D,2013-03-12,1.4000,1.4100,1.4000,1.4000,13203,0
D,2013-03-11,1.3900,1.4000,1.3800,1.4000,60116,0
D,2013-03-08,1.3900,1.3900,1.3800,1.3900,43824,0
D,2013-03-07,1.3900,1.4000,1.3800,1.4000,40067,0
D,2013-03-06,1.4000,1.4000,1.3700,1.3900,22203,0
D,2013-03-05,1.3800,1.4000,1.3800,1.3900,37699,0
D,2013-03-04,1.3700,1.3800,1.3700,1.3800,36267,0
D,2013-03-01,1.3700,1.3800,1.3700,1.3700,47258,0
D,2013-02-28,1.3700,1.3800,1.3500,1.3700,66269,0
D,2013-02-27,1.3700,1.3800,1.3600,1.3800,38784,0
D,2013-02-26,1.3800,1.3800,1.3700,1.3700,12771,0
D,2013-02-25,1.3800,1.3800,1.3600,1.3800,66405,0
D,2013-02-22,1.3600,1.3800,1.3600,1.3700,23984,0
D,2013-02-21,1.3700,1.3800,1.3600,1.3700,25026,0
D,2013-02-20,1.3700,1.3800,1.3700,1.3700,25992,0
D,2013-02-19,1.3700,1.3700,1.3600,1.3700,14156,0
D,2013-02-18,1.3600,1.3800,1.3600,1.3800,37021,0
D,2013-02-15,1.3800,1.3800,1.3700,1.3800,30266,0
D,2013-02-14,1.3700,1.3900,1.3500,1.3800,52695,0
D,2013-02-13,1.3700,1.3800,1.3700,1.3800,17767,0
D,2013-02-08,1.3700,1.3800,1.3700,1.3700,20230,0
D,2013-02-07,1.3700,1.3800,1.3600,1.3700,56965,0
D,2013-02-06,1.3600,1.3800,1.3600,1.3700,37765,0
D,2013-02-05,1.3700,1.3800,1.3600,1.3700,21042,0
D,2013-02-04,1.3600,1.3800,1.3600,1.3800,33583,0
D,2013-01-31,1.3500,1.3700,1.3500,1.3600,32467,0
D,2013-01-30,1.3600,1.3600,1.3400,1.3500,59539,0
D,2013-01-29,1.3600,1.3700,1.3500,1.3500,16271,0
D,2013-01-25,1.3800,1.3800,1.3500,1.3600,10687,0
D,2013-01-23,1.3600,1.3900,1.3500,1.3800,35904,0
D,2013-01-22,1.3500,1.3600,1.3400,1.3500,29023,0
D,2013-01-21,1.3800,1.3800,1.3400,1.3600,54294,0
D,2013-01-18,1.3900,1.3900,1.3800,1.3900,11006,0
D,2013-01-17,1.3800,1.3900,1.3700,1.3900,30174,0
D,2013-01-16,1.3600,1.3800,1.3500,1.3800,78548,0
D,2013-01-15,1.3700,1.3700,1.3500,1.3600,24070,0
D,2013-01-14,1.3800,1.3800,1.3600,1.3700,36011,0
D,2013-01-11,1.3700,1.3800,1.3600,1.3800,124102,0
D,2013-01-10,1.3600,1.3700,1.3600,1.3700,24925,0
D,2013-01-09,1.3600,1.3700,1.3500,1.3600,18166,0
D,2013-01-08,1.3600,1.3600,1.3500,1.3600,17694,0
D,2013-01-07,1.3600,1.3700,1.3500,1.3600,25673,0
D,2013-01-04,1.3500,1.3600,1.3400,1.3600,19119,0
D,2013-01-03,1.3500,1.3500,1.3400,1.3500,18654,0
D,2013-01-02,1.3300,1.3500,1.3300,1.3500,25161,0
D,2012-12-31,1.3400,1.3400,1.3300,1.3300,11701,0
D,2012-12-28,1.3300,1.3500,1.3300,1.3400,16478,0
D,2012-12-27,1.3400,1.3400,1.3300,1.3300,19400,0
D,2012-12-26,1.3300,1.3500,1.3300,1.3400,125761,0
D,2012-12-24,1.3300,1.3400,1.3300,1.3300,6510,0
D,2012-12-21,1.3300,1.3400,1.3300,1.3300,4793,0
D,2012-12-20,1.3200,1.3400,1.3200,1.3400,35866,0
D,2012-12-19,1.3400,1.3400,1.3200,1.3200,27688,0
D,2012-12-18,1.3400,1.3400,1.3400,1.3400,21524,0
D,2012-12-17,1.3400,1.3400,1.3300,1.3400,27177,0
D,2012-12-14,1.3400,1.3500,1.3400,1.3500,35603,0
D,2012-12-13,1.3300,1.3400,1.3300,1.3400,58647,0
D,2012-12-12,1.3200,1.3400,1.3100,1.3400,49278,0
D,2012-12-11,1.3200,1.3300,1.3100,1.3200,29538,0
D,2012-12-10,1.3200,1.3300,1.3200,1.3200,18628,0
D,2012-12-07,1.3300,1.3300,1.3200,1.3200,7324,0
D,2012-12-06,1.3400,1.3400,1.3200,1.3200,9886,0
D,2012-12-05,1.3400,1.3400,1.3300,1.3400,7533,0
D,2012-12-04,1.3300,1.3400,1.3300,1.3300,5993,0
D,2012-12-03,1.3300,1.3400,1.3300,1.3300,13554,0
D,2012-11-30,1.3300,1.3400,1.3200,1.3400,3636,0
D,2012-11-29,1.3200,1.3300,1.3100,1.3300,24627,0
D,2012-11-28,1.3300,1.3300,1.3100,1.3200,161723,0
D,2012-11-27,1.3400,1.3400,1.3300,1.3300,32162,0
D,2012-11-26,1.3400,1.3400,1.3300,1.3300,35023,0
D,2012-11-23,1.3400,1.3400,1.3300,1.3400,10603,0
D,2012-11-22,1.3400,1.3400,1.3300,1.3400,11663,0
D,2012-11-21,1.3500,1.3500,1.3400,1.3400,50355,0
D,2012-11-20,1.3500,1.3500,1.3400,1.3500,18328,0
D,2012-11-19,1.3300,1.3500,1.3200,1.3500,61252,0
D,2012-11-16,1.3300,1.3300,1.3200,1.3300,22565,0
D,2012-11-14,1.3300,1.3400,1.3200,1.3300,17502,0
D,2012-11-12,1.3300,1.3400,1.3200,1.3300,13378,0
D,2012-11-09,1.3400,1.3400,1.3300,1.3300,8281,0
D,2012-11-08,1.3400,1.3400,1.3200,1.3400,33357,0
D,2012-11-07,1.3400,1.3400,1.3300,1.3400,29747,0
D,2012-11-06,1.3500,1.3500,1.3300,1.3400,18846,0
D,2012-11-05,1.3500,1.3500,1.3400,1.3500,16653,0
D,2012-11-02,1.3500,1.3500,1.3400,1.3500,64262,0
D,2012-11-01,1.3200,1.3500,1.3200,1.3400,86570,0
D,2012-10-31,1.3300,1.3400,1.3200,1.3200,31277,0
D,2012-10-30,1.3400,1.3400,1.3100,1.3400,76875,0
D,2012-10-29,1.3600,1.3600,1.3300,1.3400,65933,0
D,2012-10-25,1.3500,1.3700,1.3400,1.3600,149568,0
D,2012-10-24,1.3500,1.3500,1.3300,1.3500,88642,0
D,2012-10-23,1.3700,1.3700,1.3500,1.3600,177137,0
D,2012-10-22,1.3700,1.3800,1.3600,1.3700,32105,0
D,2012-10-19,1.3800,1.3800,1.3700,1.3700,92900,0
D,2012-10-18,1.4000,1.4000,1.3800,1.3900,20024,0
D,2012-10-17,1.3900,1.4000,1.3800,1.4000,12578,0
D,2012-10-16,1.3900,1.4000,1.3800,1.3900,35226,0
D,2012-10-15,1.4000,1.4000,1.3800,1.3800,6688,0
D,2012-10-12,1.3900,1.4000,1.3900,1.4000,7267,0
D,2012-10-11,1.3800,1.4000,1.3800,1.3900,19499,0
D,2012-10-10,1.3800,1.3900,1.3800,1.3800,13605,0
D,2012-10-09,1.3800,1.3900,1.3800,1.3800,45919,0
D,2012-10-08,1.4000,1.4000,1.3500,1.3700,206380,0
D,2012-10-05,1.4200,1.4300,1.3900,1.4000,72824,0
D,2012-10-04,1.3900,1.4300,1.3900,1.4200,137469,0
D,2012-10-03,1.3800,1.4000,1.3800,1.3900,145310,0
