D,2014-10-14,2.5200,2.5700,2.3400,2.4900,230859,0
D,2014-10-13,2.8000,2.8000,2.5800,2.6500,158957,0
D,2014-10-10,2.9200,2.9400,2.8300,2.8700,56675,0
D,2014-10-09,3.0000,3.0500,2.9700,3.0200,30292,0
D,2014-10-08,3.0100,3.0500,2.8000,2.9300,95436,0
D,2014-10-07,3.1800,3.1900,3.0400,3.0400,24766,0
D,2014-10-03,3.2000,3.2000,3.1700,3.1800,7416,0
D,2014-10-02,3.2300,3.2300,3.2000,3.2000,21003,0
D,2014-10-01,3.2500,3.2500,3.1800,3.2500,10338,0
D,2014-09-30,3.2300,3.2400,3.2200,3.2300,10825,0
D,2014-09-29,3.2000,3.2800,3.2000,3.2300,14593,0
D,2014-09-26,3.2400,3.2600,3.2200,3.2500,9588,0
D,2014-09-25,3.2800,3.2900,3.2600,3.2600,7580,0
D,2014-09-24,3.3000,3.3100,3.2600,3.2800,4078,0
D,2014-09-23,3.2700,3.3000,3.2700,3.3000,23752,0
D,2014-09-22,3.3000,3.3000,3.2700,3.2700,16139,0
D,2014-09-19,3.2900,3.3200,3.2900,3.3000,22305,0
D,2014-09-18,3.2200,3.3000,3.1800,3.3000,24144,0
D,2014-09-17,3.2700,3.2700,3.2100,3.2200,6181,0
D,2014-09-15,3.3100,3.3100,3.2400,3.2600,8240,0
D,2014-09-12,3.2600,3.3100,3.2200,3.2700,57792,0
D,2014-09-11,3.2800,3.3000,3.2500,3.2500,14954,0
D,2014-09-10,3.1600,3.3100,3.1500,3.2800,30334,0
D,2014-09-09,3.2000,3.2000,3.1200,3.1400,10490,0
D,2014-09-08,3.1500,3.2000,3.1500,3.1700,15549,0
D,2014-09-05,3.0700,3.1700,3.0600,3.1300,13290,0
D,2014-09-04,3.0700,3.0800,3.0300,3.0700,12640,0
D,2014-09-03,3.1200,3.1200,3.0500,3.0700,28621,0
D,2014-09-02,3.1300,3.1600,3.1000,3.1200,19722,0
D,2014-08-29,3.2000,3.2000,3.0800,3.1300,40775,0
D,2014-08-28,3.2400,3.2600,3.1800,3.2100,19278,0
D,2014-08-27,3.2800,3.3000,3.2200,3.2400,35850,0
D,2014-08-26,3.2400,3.2900,3.2100,3.2300,16000,0
D,2014-08-25,3.3100,3.3200,3.2400,3.2500,19786,0
D,2014-08-22,3.3100,3.3500,3.2800,3.3000,9201,0
D,2014-08-21,3.3000,3.3300,3.3000,3.3100,19043,0
D,2014-08-20,3.3500,3.3600,3.2500,3.2800,20661,0
D,2014-08-19,3.3400,3.3500,3.3000,3.3400,14701,0
D,2014-08-18,3.3400,3.3700,3.3100,3.3400,20178,0
D,2014-08-15,3.2100,3.3300,3.2000,3.3300,36367,0
D,2014-08-14,3.1900,3.2100,3.1700,3.2000,9677,0
D,2014-08-13,3.1600,3.2000,3.1500,3.1900,9473,0
D,2014-08-12,3.2100,3.2100,3.1400,3.1600,11202,0
D,2014-08-11,3.1700,3.2400,3.1500,3.1800,15763,0
D,2014-08-08,3.2300,3.2400,3.1600,3.1700,17863,0
D,2014-08-07,3.2700,3.2800,3.2300,3.2400,6436,0
D,2014-08-06,3.2900,3.3000,3.2400,3.2500,7637,0
D,2014-08-05,3.1600,3.3100,3.1600,3.2900,20978,0
D,2014-08-04,3.1400,3.1900,3.1300,3.1600,4570,0
D,2014-08-01,3.1700,3.2100,3.1200,3.1400,16119,0
D,2014-07-31,3.2000,3.2500,3.2000,3.2000,9570,0
D,2014-07-30,3.2500,3.2500,3.2000,3.2000,8074,0
D,2014-07-25,3.3000,3.3000,3.2400,3.2400,9010,0
D,2014-07-24,3.2900,3.3300,3.2700,3.3100,19646,0
D,2014-07-23,3.2700,3.3100,3.2400,3.3100,16723,0
D,2014-07-22,3.2500,3.2800,3.2300,3.2500,12240,0
D,2014-07-21,3.2600,3.2900,3.2200,3.2500,9739,0
D,2014-07-18,3.2600,3.2700,3.2200,3.2600,8032,0
D,2014-07-17,3.2700,3.2900,3.2500,3.2800,22881,0
D,2014-07-16,3.2800,3.3200,3.2500,3.2600,28483,0
D,2014-07-14,3.3000,3.3400,3.2500,3.2600,20790,0
D,2014-07-11,3.3000,3.3400,3.2600,3.3100,16935,0
D,2014-07-10,3.3600,3.4000,3.2700,3.2900,58526,0
D,2014-07-09,3.2500,3.3600,3.2200,3.3400,100907,0
D,2014-07-08,3.1300,3.2600,3.1300,3.2400,130082,0
D,2014-07-07,3.1100,3.1500,3.0200,3.1100,57418,0
D,2014-07-04,3.1500,3.1700,3.1000,3.1300,26991,0
D,2014-07-03,3.0700,3.1700,3.0700,3.1500,82193,0
D,2014-07-02,3.0400,3.0900,3.0200,3.0700,54157,0
D,2014-07-01,3.0400,3.0400,3.0100,3.0300,8116,0
D,2014-06-30,3.0300,3.0500,3.0100,3.0300,28786,0
D,2014-06-27,3.0100,3.0400,2.9900,3.0400,17935,0
D,2014-06-26,3.0100,3.0500,3.0000,3.0300,20009,0
D,2014-06-25,3.0200,3.0500,2.9900,2.9900,13128,0
D,2014-06-24,3.0600,3.0800,3.0100,3.0200,20300,0
D,2014-06-23,2.9900,3.0800,2.9800,3.0500,67652,0
D,2014-06-20,3.0200,3.0200,2.9900,2.9900,25123,0
D,2014-06-19,3.0200,3.0600,2.9900,3.0300,46803,0
D,2014-06-18,2.9000,3.0300,2.8900,3.0100,109788,0
D,2014-06-17,2.8600,2.9100,2.8300,2.8900,48225,0
D,2014-06-16,2.8500,2.8800,2.8200,2.8600,37304,0
D,2014-06-13,2.8100,2.8500,2.7800,2.8400,27491,0
D,2014-06-12,2.7400,2.8300,2.7400,2.8100,30674,0
D,2014-06-11,2.7500,2.7600,2.7400,2.7400,10222,0
D,2014-06-10,2.7700,2.7800,2.7400,2.7500,11617,0
D,2014-06-09,2.7900,2.8000,2.7500,2.7500,17721,0
D,2014-06-06,2.7500,2.8000,2.7500,2.7900,42436,0
D,2014-06-05,2.7100,2.7600,2.7100,2.7300,11728,0
D,2014-06-04,2.7500,2.7500,2.7000,2.7200,11943,0
D,2014-06-03,2.8000,2.8500,2.7300,2.7400,14155,0
D,2014-06-02,2.8800,2.8800,2.8100,2.8200,21259,0
D,2014-05-30,2.8700,2.8800,2.8100,2.8800,25721,0
D,2014-05-29,2.8100,2.8500,2.7500,2.8500,25844,0
D,2014-05-28,2.7000,2.8300,2.6700,2.8100,25034,0
D,2014-05-27,2.6700,2.7200,2.6700,2.6800,7874,0
D,2014-05-26,2.7200,2.7400,2.7000,2.7000,10830,0
D,2014-05-23,2.7300,2.7700,2.7200,2.7200,14183,0
D,2014-05-22,2.7800,2.7900,2.7200,2.7200,27909,0
D,2014-05-21,2.8500,2.8500,2.7600,2.7700,31653,0
D,2014-05-20,2.7700,2.8400,2.7600,2.8000,23437,0
D,2014-05-19,2.8200,2.8300,2.7300,2.7700,23389,0
D,2014-05-16,2.8400,2.8600,2.7800,2.8200,40807,0
D,2014-05-15,2.8600,2.8600,2.8200,2.8400,16642,0
D,2014-05-14,2.8800,2.9100,2.8500,2.8700,35497,0
D,2014-05-12,2.8400,2.8800,2.8200,2.8700,42109,0
D,2014-05-09,2.8200,2.8500,2.7900,2.8300,50902,0
D,2014-05-08,2.7000,2.8200,2.6900,2.8000,56468,0
D,2014-05-07,2.6900,2.7200,2.6700,2.6900,11678,0
D,2014-05-06,2.7000,2.7300,2.6800,2.6900,17259,0
D,2014-05-05,2.7100,2.7500,2.6800,2.7000,14460,0
D,2014-05-02,2.6500,2.7300,2.6400,2.7000,24984,0
D,2014-04-30,2.6800,2.6900,2.5900,2.6200,30964,0
D,2014-04-29,2.7600,2.7600,2.6100,2.6800,20797,0
D,2014-04-28,2.7900,2.8100,2.7400,2.7500,26180,0
D,2014-04-25,2.8100,2.8800,2.7400,2.7600,49638,0
D,2014-04-24,2.6000,2.8200,2.5900,2.8000,78375,0
D,2014-04-23,2.6000,2.6300,2.5800,2.6000,23000,0
D,2014-04-22,2.6100,2.6400,2.5800,2.5800,15498,0
D,2014-04-21,2.6600,2.6600,2.5800,2.5900,18815,0
D,2014-04-18,2.6500,2.6800,2.6100,2.6200,23771,0
D,2014-04-17,2.6000,2.6800,2.6000,2.6400,46345,0
D,2014-04-16,2.6500,2.6800,2.5800,2.6000,35617,0
D,2014-04-15,2.6700,2.6900,2.5600,2.6500,62435,0
D,2014-04-14,2.7500,2.7500,2.6100,2.6400,45687,0
D,2014-04-11,2.7500,2.7700,2.7300,2.7500,27376,0
D,2014-04-10,2.7900,2.8000,2.7500,2.7700,24831,0
D,2014-04-09,2.7800,2.7900,2.7600,2.7700,26657,0
D,2014-04-08,2.7500,2.8000,2.7400,2.7500,37121,0
D,2014-04-07,2.7500,2.8500,2.7300,2.7500,63659,0
D,2014-04-04,2.8500,2.8600,2.7500,2.7700,54609,0
D,2014-04-03,2.8800,2.9100,2.8300,2.8300,86825,0
D,2014-04-02,2.6500,2.8200,2.6500,2.8200,73850,0
D,2014-04-01,2.7100,2.7200,2.6100,2.6500,71350,0
D,2014-03-31,2.7500,2.7800,2.6900,2.6900,41777,0
D,2014-03-28,2.7700,2.8000,2.7100,2.7300,52402,0
D,2014-03-27,2.8500,2.8500,2.7300,2.7800,85490,0
D,2014-03-26,2.8000,2.8700,2.8000,2.8300,81842,0
D,2014-03-25,2.6600,2.7900,2.6000,2.7800,90313,0
D,2014-03-24,2.5500,2.6900,2.5500,2.6400,62916,0
D,2014-03-21,2.4200,2.5400,2.4200,2.5300,58070,0
D,2014-03-20,2.3900,2.5000,2.3500,2.4100,91657,0
D,2014-03-19,2.2300,2.3800,2.2300,2.3800,135003,0
D,2014-03-18,2.2500,2.2500,2.2100,2.2200,28648,0
D,2014-03-17,2.2800,2.3000,2.2300,2.2700,34091,0
D,2014-03-14,2.1700,2.3100,2.1700,2.2700,89301,0
D,2014-03-13,2.1100,2.2200,2.1100,2.2100,41261,0
D,2014-03-12,2.1200,2.1200,2.0800,2.1000,12071,0
D,2014-03-11,2.1300,2.1600,2.1000,2.1200,26361,0
D,2014-03-10,2.0300,2.1200,2.0000,2.1200,47823,0
D,2014-03-07,2.0200,2.0700,2.0100,2.0500,33510,0
D,2014-03-06,1.9200,2.0000,1.9100,2.0000,29785,0
D,2014-03-05,1.9200,1.9600,1.9100,1.9100,14957,0
D,2014-03-04,1.7900,1.9000,1.7900,1.9000,15344,0
D,2014-03-03,1.8800,1.8900,1.8100,1.8100,7576,0
D,2014-02-28,1.8500,1.8900,1.8500,1.8800,11009,0
D,2014-02-27,1.8800,1.8900,1.8500,1.8500,7653,0
D,2014-02-26,1.8200,1.8600,1.8000,1.8600,13665,0
D,2014-02-25,1.8700,1.8900,1.8200,1.8200,8408,0
D,2014-02-24,1.9200,1.9400,1.8600,1.8700,10605,0
D,2014-02-21,1.9800,2.0000,1.9200,1.9200,49693,0
D,2014-02-20,1.8900,1.9500,1.8900,1.9400,27336,0
D,2014-02-19,1.8200,1.9000,1.8200,1.8800,18187,0
D,2014-02-18,1.8300,1.8500,1.7800,1.8200,15036,0
D,2014-02-17,1.7700,1.8300,1.7700,1.8200,28623,0
D,2014-02-14,1.6900,1.7700,1.6900,1.7600,37636,0
D,2014-02-13,1.7000,1.7000,1.6800,1.6900,7530,0
D,2014-02-12,1.7000,1.7100,1.6800,1.7000,9613,0
D,2014-02-11,1.7000,1.7100,1.6800,1.7000,14493,0
D,2014-02-10,1.6900,1.7100,1.6800,1.7000,11384,0
D,2014-02-07,1.6700,1.6900,1.6500,1.6800,11020,0
D,2014-02-06,1.6400,1.6800,1.6300,1.6500,10916,0
D,2014-02-05,1.5800,1.6700,1.5700,1.6600,21383,0
D,2014-02-04,1.5600,1.5700,1.5100,1.5700,10927,0
D,2014-01-30,1.5800,1.5800,1.5600,1.5700,4850,0
D,2014-01-29,1.5900,1.6000,1.5800,1.5900,12003,0
D,2014-01-28,1.5500,1.6000,1.5500,1.5700,17805,0
D,2014-01-27,1.6100,1.6200,1.5500,1.5500,27891,0
D,2014-01-24,1.6200,1.6500,1.6100,1.6500,8388,0
D,2014-01-23,1.6900,1.6900,1.6000,1.6200,24341,0
D,2014-01-22,1.7100,1.7100,1.6800,1.6800,8811,0
D,2014-01-21,1.7000,1.7200,1.6900,1.7000,7679,0
D,2014-01-20,1.7300,1.7500,1.6800,1.6800,13420,0
D,2014-01-16,1.6700,1.7300,1.6700,1.7200,36988,0
D,2014-01-15,1.6700,1.6800,1.6600,1.6600,5801,0
D,2014-01-13,1.6900,1.7100,1.6500,1.6600,15065,0
D,2014-01-10,1.6600,1.6900,1.6500,1.6700,7181,0
D,2014-01-09,1.6800,1.6800,1.6500,1.6700,13959,0
D,2014-01-08,1.6900,1.7200,1.6800,1.6800,20567,0
D,2014-01-07,1.6300,1.7000,1.6200,1.6800,51702,0
D,2014-01-06,1.6200,1.6400,1.6000,1.6300,10118,0
D,2014-01-03,1.6100,1.6200,1.5900,1.6100,9817,0
D,2014-01-02,1.6400,1.6400,1.6100,1.6300,7249,0
D,2013-12-31,1.6300,1.6400,1.6100,1.6300,23053,0
D,2013-12-30,1.6100,1.6300,1.5900,1.6300,20182,0
D,2013-12-27,1.5700,1.6300,1.5600,1.6100,27237,0
D,2013-12-26,1.5400,1.5700,1.5400,1.5700,5521,0
D,2013-12-24,1.5400,1.5800,1.5300,1.5400,8489,0
D,2013-12-23,1.5900,1.5900,1.5300,1.5300,7784,0
D,2013-12-20,1.5400,1.6000,1.5400,1.5600,20098,0
D,2013-12-19,1.5800,1.5800,1.5400,1.5400,11846,0
D,2013-12-18,1.5900,1.5900,1.5400,1.5700,11343,0
D,2013-12-17,1.6000,1.6200,1.5600,1.5900,35953,0
D,2013-12-16,1.6500,1.6500,1.5900,1.5900,38888,0
D,2013-12-13,1.6200,1.6500,1.6100,1.6500,40898,0
D,2013-12-12,1.5400,1.6500,1.5400,1.6200,65719,0
D,2013-12-11,1.5600,1.5700,1.5400,1.5400,12461,0
D,2013-12-10,1.5800,1.5800,1.5500,1.5600,21479,0
D,2013-12-09,1.5500,1.5800,1.5500,1.5800,20796,0
D,2013-12-06,1.5300,1.5500,1.5200,1.5400,13590,0
D,2013-12-05,1.5800,1.5900,1.5200,1.5300,29029,0
D,2013-12-04,1.5300,1.6000,1.5300,1.5800,42180,0
D,2013-12-03,1.5000,1.5800,1.4700,1.5300,23916,0
D,2013-12-02,1.5400,1.5400,1.4900,1.5000,18802,0
D,2013-11-29,1.5500,1.5600,1.5200,1.5400,8093,0
D,2013-11-28,1.5900,1.6000,1.5500,1.5500,39436,0
D,2013-11-27,1.5500,1.5900,1.4700,1.5900,54780,0
D,2013-11-26,1.5100,1.5600,1.5000,1.5200,34043,0
D,2013-11-25,1.4500,1.5000,1.4500,1.4900,36998,0
D,2013-11-22,1.3600,1.4400,1.3400,1.4300,22127,0
D,2013-11-21,1.3000,1.3700,1.3000,1.3600,13389,0
D,2013-11-20,1.3200,1.3200,1.3000,1.3000,4262,0
D,2013-11-19,1.3300,1.3400,1.3000,1.3200,9532,0
D,2013-11-18,1.3200,1.3400,1.3100,1.3300,9709,0
D,2013-11-15,1.3500,1.3500,1.3000,1.3200,24782,0
D,2013-11-14,1.2900,1.3400,1.2900,1.3400,14207,0
D,2013-11-13,1.3500,1.3600,1.2700,1.2900,29923,0
D,2013-11-12,1.3800,1.3800,1.3500,1.3500,9673,0
D,2013-11-11,1.3600,1.3800,1.3500,1.3800,10617,0
D,2013-11-08,1.3400,1.3600,1.3300,1.3400,12070,0
D,2013-11-07,1.3600,1.3800,1.3500,1.3500,11022,0
D,2013-11-06,1.3900,1.4000,1.3600,1.3700,13761,0
D,2013-11-04,1.3800,1.4000,1.3700,1.3800,11809,0
D,2013-11-01,1.3800,1.3900,1.3500,1.3700,31689,0
D,2013-10-31,1.3500,1.3800,1.3300,1.3600,13501,0
D,2013-10-30,1.3600,1.3800,1.3500,1.3500,14846,0
D,2013-10-29,1.3700,1.4000,1.3600,1.3600,21982,0
D,2013-10-28,1.2800,1.3800,1.2700,1.3600,38793,0
D,2013-10-25,1.2900,1.3000,1.2800,1.2800,5390,0
D,2013-10-24,1.3000,1.3000,1.2800,1.3000,13121,0
D,2013-10-23,1.2600,1.3000,1.2500,1.2900,19573,0
D,2013-10-22,1.2700,1.2800,1.2100,1.2800,24677,0
D,2013-10-21,1.2900,1.3000,1.2700,1.2700,12644,0
D,2013-10-18,1.3000,1.3000,1.2600,1.2800,28523,0
D,2013-10-17,1.2800,1.3200,1.2700,1.2900,57082,0
D,2013-10-16,1.2400,1.2900,1.2400,1.2600,44458,0
D,2013-10-14,1.2200,1.2400,1.2000,1.2300,17913,0
D,2013-10-11,1.2400,1.2400,1.1800,1.2200,32225,0
D,2013-10-10,1.2200,1.2500,1.2000,1.2200,69506,0
D,2013-10-09,1.1300,1.2200,1.1200,1.2000,90061,0
D,2013-10-08,1.0800,1.1400,1.0600,1.1300,36265,0
D,2013-10-07,1.1000,1.1000,1.0400,1.0800,43061,0
D,2013-10-04,1.1300,1.1500,1.0900,1.0900,54562,0
D,2013-10-03,1.1000,1.1300,1.0600,1.1100,44568,0
D,2013-10-02,1.1400,1.1600,1.0300,1.1000,97484,0
D,2013-10-01,1.0300,1.1200,1.0100,1.1100,117672,0
D,2013-09-30,0.9500,1.0500,0.9400,1.0200,128495,0
D,2013-09-27,0.9300,0.9550,0.9250,0.9500,59566,0
D,2013-09-26,0.8950,0.9250,0.8950,0.9250,49136,0
D,2013-09-25,0.8850,0.8950,0.8850,0.8900,19350,0
D,2013-09-24,0.9000,0.9000,0.8800,0.8850,5853,0
D,2013-09-23,0.8850,0.9000,0.8800,0.9000,4873,0
D,2013-09-20,0.9000,0.9000,0.8850,0.8850,3307,0
D,2013-09-19,0.8900,0.9000,0.8850,0.9000,17437,0
D,2013-09-18,0.8800,0.8850,0.8750,0.8800,16345,0
D,2013-09-17,0.8800,0.8900,0.8700,0.8700,12237,0
D,2013-09-13,0.8800,0.8800,0.8550,0.8800,11237,0
D,2013-09-12,0.8600,0.8850,0.8600,0.8850,31812,0
D,2013-09-11,0.8550,0.8650,0.8500,0.8550,13702,0
D,2013-09-10,0.8450,0.8600,0.8400,0.8450,15311,0
D,2013-09-09,0.8300,0.8550,0.8300,0.8400,19294,0
D,2013-09-06,0.8100,0.8400,0.8100,0.8350,16590,0
D,2013-09-05,0.7950,0.8100,0.7950,0.8100,7583,0
D,2013-09-04,0.7750,0.7950,0.7750,0.7950,7784,0
D,2013-09-03,0.7950,0.8000,0.7800,0.7800,8203,0
D,2013-09-02,0.8150,0.8150,0.7850,0.7900,15227,0
D,2013-08-30,0.8200,0.8250,0.7950,0.8150,14804,0
D,2013-08-29,0.8150,0.8200,0.8050,0.8100,22707,0
D,2013-08-28,0.7550,0.7950,0.7150,0.7950,51006,0
D,2013-08-27,0.8500,0.8500,0.7700,0.7850,39065,0
D,2013-08-26,0.8600,0.8650,0.8500,0.8500,18550,0
D,2013-08-23,0.8700,0.8700,0.8500,0.8600,15340,0
D,2013-08-22,0.8700,0.8700,0.8400,0.8600,33928,0
D,2013-08-21,0.8900,0.8900,0.8700,0.8850,10936,0
D,2013-08-20,0.9200,0.9200,0.8600,0.8850,34800,0
D,2013-08-19,0.9050,0.9250,0.8950,0.9200,49776,0
D,2013-08-16,0.8500,0.9150,0.8500,0.9000,54620,0
D,2013-08-15,0.8600,0.8650,0.8500,0.8550,12537,0
D,2013-08-14,0.8500,0.8600,0.8500,0.8550,15409,0
D,2013-08-13,0.8600,0.8650,0.8450,0.8500,18993,0
D,2013-08-12,0.8700,0.8700,0.8550,0.8600,23328,0
D,2013-08-07,0.8350,0.8800,0.8350,0.8600,38293,0
D,2013-08-06,0.8550,0.8550,0.8300,0.8350,32837,0
D,2013-08-05,0.8700,0.8800,0.8550,0.8550,18730,0
D,2013-08-02,0.9200,0.9300,0.8750,0.8800,29916,0
D,2013-08-01,0.8750,0.9150,0.8500,0.9150,35933,0
D,2013-07-31,0.9200,0.9250,0.8800,0.8850,27485,0
D,2013-07-30,0.9350,0.9500,0.8950,0.9200,10910,0
D,2013-07-29,0.9600,0.9850,0.9350,0.9350,18380,0
D,2013-07-26,0.9350,0.9600,0.9250,0.9600,22021,0
D,2013-07-25,0.9500,0.9500,0.9150,0.9200,16020,0
D,2013-07-24,0.9350,0.9600,0.9300,0.9450,34406,0
D,2013-07-23,0.9400,0.9500,0.9100,0.9300,24776,0
D,2013-07-22,0.8750,0.9400,0.8750,0.9200,62190,0
D,2013-07-19,0.8500,0.8650,0.8450,0.8600,20743,0
D,2013-07-18,0.8550,0.8550,0.8300,0.8400,15963,0
D,2013-07-17,0.8600,0.8800,0.8200,0.8500,36352,0
D,2013-07-16,0.8150,0.8600,0.8100,0.8550,51910,0
D,2013-07-15,0.7500,0.8200,0.7450,0.8050,87888,0
D,2013-07-12,0.7450,0.7500,0.7400,0.7400,10145,0
D,2013-07-11,0.7600,0.7600,0.7450,0.7450,21705,0
D,2013-07-10,0.7600,0.7650,0.7500,0.7550,22176,0
D,2013-07-09,0.7400,0.7600,0.7400,0.7550,24491,0
D,2013-07-08,0.7700,0.7700,0.7300,0.7300,33905,0
D,2013-07-05,0.7250,0.7400,0.7250,0.7250,14997,0
D,2013-07-04,0.7100,0.7400,0.7100,0.7200,27716,0
D,2013-07-03,0.6900,0.7050,0.6850,0.7050,5085,0
D,2013-07-02,0.6950,0.6950,0.6700,0.6850,29119,0
D,2013-07-01,0.7150,0.7150,0.6950,0.6950,16507,0
D,2013-06-28,0.7200,0.7200,0.7150,0.7150,8750,0
D,2013-06-27,0.7100,0.7200,0.7100,0.7200,12575,0
D,2013-06-26,0.7100,0.7200,0.7000,0.7050,18502,0
D,2013-06-25,0.7000,0.7200,0.6850,0.7000,18151,0
D,2013-06-24,0.7550,0.7600,0.6950,0.7000,33216,0
D,2013-06-21,0.7200,0.7600,0.7100,0.7500,45136,0
D,2013-06-20,0.6950,0.7400,0.6900,0.7400,37115,0
D,2013-06-19,0.6850,0.7050,0.6850,0.7000,21204,0
D,2013-06-18,0.6500,0.6800,0.6500,0.6800,19705,0
D,2013-06-17,0.6650,0.6650,0.6450,0.6500,7824,0
D,2013-06-14,0.6800,0.6900,0.6650,0.6650,15404,0
D,2013-06-13,0.6900,0.6900,0.6600,0.6600,11515,0
D,2013-06-12,0.6900,0.7050,0.6600,0.6850,30709,0
D,2013-06-11,0.7300,0.7350,0.6950,0.7000,14361,0
D,2013-06-10,0.7200,0.7400,0.7150,0.7200,25509,0
D,2013-06-07,0.6350,0.7100,0.6350,0.7000,25126,0
D,2013-06-06,0.6400,0.6450,0.6350,0.6400,2013,0
D,2013-06-05,0.6400,0.6600,0.6350,0.6400,7180,0
D,2013-06-04,0.6150,0.6500,0.6150,0.6400,4562,0
D,2013-06-03,0.6400,0.6400,0.6100,0.6150,9242,0
D,2013-05-31,0.6850,0.6850,0.6350,0.6400,7662,0
D,2013-05-30,0.6900,0.6900,0.6800,0.6800,4830,0
D,2013-05-29,0.6950,0.7050,0.6900,0.7000,10778,0
D,2013-05-28,0.6800,0.6900,0.6800,0.6850,7469,0
D,2013-05-27,0.6900,0.6950,0.6750,0.6800,6346,0
D,2013-05-23,0.6950,0.7000,0.6700,0.6900,10595,0
D,2013-05-22,0.7400,0.7400,0.6800,0.6950,21345,0
D,2013-05-21,0.6500,0.7350,0.6500,0.7250,33595,0
D,2013-05-20,0.6350,0.6600,0.6350,0.6450,33512,0
D,2013-05-17,0.6450,0.6500,0.6150,0.6300,36319,0
D,2013-05-16,0.5850,0.6350,0.5850,0.5950,27190,0
D,2013-05-15,0.5900,0.5950,0.5750,0.5850,9011,0
D,2013-05-14,0.5950,0.6100,0.5650,0.5850,25967,0
D,2013-05-13,0.6100,0.6150,0.5950,0.5950,24108,0
D,2013-05-10,0.5950,0.6150,0.5850,0.6050,16327,0
D,2013-05-09,0.5450,0.6300,0.5000,0.5950,51913,0
D,2013-05-09,0.5450,0.6300,0.5000,0.5950,51913,0
D,2013-05-08,0.6350,0.6400,0.6000,0.6150,45999,0
D,2013-05-07,0.6400,0.6500,0.6000,0.6350,30223,0
D,2013-05-06,0.6250,0.6500,0.5950,0.6350,38943,0
D,2013-05-03,0.5900,0.6200,0.5350,0.5750,37066,0
D,2013-05-02,0.6800,0.7000,0.5750,0.5950,78806,0
D,2013-04-30,0.7250,0.7250,0.6800,0.6900,32286,0
D,2013-04-29,0.6950,0.7400,0.6850,0.7200,103063,0
D,2013-04-26,0.6050,0.6750,0.6000,0.6750,65811,0
D,2013-04-25,0.5850,0.6150,0.5750,0.6000,53377,0
D,2013-04-24,0.5350,0.5800,0.5250,0.5700,68989,0
D,2013-04-23,0.5000,0.5400,0.5000,0.5350,43445,0
D,2013-04-22,0.4900,0.5050,0.4900,0.4950,8890,0
D,2013-04-19,0.4950,0.4950,0.4850,0.4900,2435,0
D,2013-04-18,0.4750,0.5050,0.4750,0.4950,12927,0
D,2013-04-17,0.4800,0.4850,0.4750,0.4750,3627,0
D,2013-04-16,0.4750,0.4800,0.4700,0.4750,3948,0
D,2013-04-15,0.4800,0.4800,0.4750,0.4800,5320,0
D,2013-04-12,0.4800,0.4800,0.4750,0.4750,4957,0
D,2013-04-11,0.4800,0.4850,0.4750,0.4850,4363,0
D,2013-04-10,0.4900,0.5050,0.4700,0.4800,24810,0
D,2013-04-09,0.4450,0.4850,0.4450,0.4850,13044,0
D,2013-04-08,0.4350,0.4500,0.4350,0.4450,3655,0
D,2013-04-05,0.4300,0.4450,0.4300,0.4400,5375,0
D,2013-04-04,0.4250,0.4300,0.4250,0.4300,2208,0
D,2013-04-03,0.4300,0.4350,0.4100,0.4250,11477,0
D,2013-04-02,0.4300,0.4350,0.4300,0.4300,5430,0
D,2013-04-01,0.4400,0.4400,0.4200,0.4400,5579,0
D,2013-03-29,0.4200,0.4400,0.4200,0.4350,13467,0
D,2013-03-28,0.4200,0.4200,0.4150,0.4200,3066,0
D,2013-03-27,0.4200,0.4250,0.4150,0.4200,6590,0
D,2013-03-26,0.4200,0.4200,0.4150,0.4150,1820,0
D,2013-03-25,0.4100,0.4250,0.4100,0.4250,3690,0
D,2013-03-22,0.4100,0.4100,0.4050,0.4050,2410,0
D,2013-03-21,0.4050,0.4150,0.4050,0.4150,600,0
D,2013-03-20,0.4050,0.4100,0.4050,0.4050,1143,0
D,2013-03-19,0.4100,0.4100,0.4050,0.4050,550,0
D,2013-03-18,0.4100,0.4150,0.4050,0.4100,4430,0
D,2013-03-15,0.4150,0.4150,0.4100,0.4150,1090,0
D,2013-03-14,0.4150,0.4150,0.4150,0.4150,370,0
D,2013-03-13,0.4200,0.4200,0.4150,0.4200,600,0
D,2013-03-12,0.4200,0.4200,0.4150,0.4200,720,0
D,2013-03-11,0.4100,0.4250,0.4100,0.4200,1240,0
D,2013-03-08,0.4100,0.4100,0.4100,0.4100,2040,0
D,2013-03-07,0.4100,0.4100,0.4050,0.4100,1134,0
D,2013-03-06,0.4050,0.4100,0.4050,0.4100,4009,0
D,2013-03-05,0.4050,0.4050,0.4000,0.4000,1370,0
D,2013-03-04,0.4100,0.4150,0.4000,0.4000,1190,0
D,2013-03-01,0.4150,0.4150,0.4000,0.4100,7625,0
D,2013-02-28,0.4150,0.4150,0.4100,0.4100,1050,0
D,2013-02-27,0.4150,0.4200,0.4150,0.4150,2403,0
D,2013-02-26,0.4300,0.4300,0.4150,0.4200,4630,0
D,2013-02-25,0.4150,0.4250,0.4150,0.4250,4188,0
D,2013-02-22,0.4100,0.4200,0.4100,0.4200,3728,0
D,2013-02-21,0.3950,0.4100,0.3950,0.4100,3490,0
D,2013-02-20,0.3950,0.3950,0.3950,0.3950,0,0
D,2013-02-19,0.3900,0.3950,0.3900,0.3950,1310,0
D,2013-02-18,0.3850,0.3900,0.3850,0.3900,1100,0
D,2013-02-15,0.3900,0.3900,0.3850,0.3850,1530,0
D,2013-02-14,0.3900,0.3900,0.3850,0.3850,1250,0
D,2013-02-13,0.3900,0.3900,0.3900,0.3900,400,0
D,2013-02-08,0.3900,0.3950,0.3800,0.3950,2540,0
D,2013-02-07,0.3900,0.3900,0.3800,0.3900,6510,0
D,2013-02-06,0.3850,0.3900,0.3850,0.3900,5460,0
D,2013-02-05,0.3950,0.3950,0.3900,0.3900,1117,0
D,2013-02-04,0.3900,0.3950,0.3900,0.3950,8049,0
D,2013-01-31,0.3800,0.3900,0.3800,0.3850,1121,0
D,2013-01-30,0.3850,0.3900,0.3800,0.3800,7961,0
D,2013-01-29,0.3950,0.3950,0.3900,0.3900,3013,0
D,2013-01-25,0.3950,0.4000,0.3950,0.3950,4149,0
D,2013-01-23,0.3950,0.4000,0.3950,0.3950,4900,0
D,2013-01-22,0.3850,0.4000,0.3750,0.3950,30876,0
D,2013-01-21,0.4200,0.4200,0.3850,0.3900,24505,0
D,2013-01-18,0.4300,0.4400,0.4200,0.4250,7200,0
D,2013-01-17,0.4350,0.4450,0.4350,0.4400,19093,0
D,2013-01-16,0.4400,0.4500,0.4350,0.4350,47930,0
D,2013-01-15,0.3950,0.4350,0.3950,0.4350,40705,0
D,2013-01-14,0.3950,0.4000,0.3950,0.3950,1909,0
D,2013-01-11,0.3950,0.3950,0.3950,0.3950,2580,0
D,2013-01-10,0.3900,0.3950,0.3900,0.3950,1680,0
D,2013-01-09,0.3900,0.3950,0.3900,0.3900,1180,0
D,2013-01-08,0.3900,0.3950,0.3850,0.3950,1575,0
D,2013-01-07,0.3950,0.3950,0.3900,0.3950,1735,0
D,2013-01-04,0.3950,0.3950,0.3900,0.3950,1612,0
D,2013-01-03,0.3950,0.3950,0.3950,0.3950,1495,0
D,2013-01-02,0.3950,0.3950,0.3950,0.3950,1200,0
D,2012-12-31,0.4000,0.4000,0.3950,0.3950,3315,0
D,2012-12-28,0.4050,0.4050,0.3950,0.4000,3791,0
D,2012-12-27,0.3900,0.4050,0.3900,0.3950,11040,0
D,2012-12-26,0.3900,0.3950,0.3850,0.3900,3950,0
D,2012-12-24,0.3850,0.3900,0.3850,0.3900,3722,0
D,2012-12-21,0.3800,0.3800,0.3750,0.3800,2999,0
D,2012-12-20,0.3750,0.3800,0.3750,0.3800,3868,0
D,2012-12-19,0.3800,0.3800,0.3800,0.3800,6943,0
D,2012-12-18,0.3650,0.3850,0.3650,0.3800,7837,0
D,2012-12-17,0.3600,0.3650,0.3600,0.3650,1290,0
D,2012-12-14,0.3600,0.3600,0.3500,0.3600,1251,0
D,2012-12-13,0.3600,0.3650,0.3600,0.3650,2514,0
D,2012-12-12,0.3600,0.3600,0.3550,0.3600,1936,0
D,2012-12-11,0.3600,0.3650,0.3500,0.3650,1910,0
D,2012-12-10,0.3450,0.3450,0.3450,0.3450,0,0
D,2012-12-07,0.3450,0.3500,0.3450,0.3450,940,0
D,2012-12-06,0.3450,0.3450,0.3450,0.3450,950,0
D,2012-12-05,0.3500,0.3500,0.3450,0.3450,210,0
D,2012-12-04,0.3450,0.3450,0.3450,0.3450,0,0
D,2012-12-03,0.3450,0.3450,0.3450,0.3450,100,0
D,2012-11-30,0.3450,0.3450,0.3450,0.3450,50,0
D,2012-11-29,0.3400,0.3400,0.3400,0.3400,0,0
D,2012-11-28,0.3400,0.3400,0.3400,0.3400,0,0
D,2012-11-27,0.3400,0.3400,0.3400,0.3400,610,0
D,2012-11-26,0.3500,0.3500,0.3450,0.3450,310,0
D,2012-11-23,0.3500,0.3500,0.3500,0.3500,51,0
D,2012-11-22,0.3450,0.3500,0.3450,0.3450,1969,0
D,2012-11-21,0.3500,0.3500,0.3300,0.3450,2067,0
D,2012-11-20,0.3350,0.3350,0.3250,0.3250,780,0
D,2012-11-19,0.3250,0.3250,0.3200,0.3200,800,0
D,2012-11-16,0.3300,0.3300,0.3250,0.3300,900,0
D,2012-11-14,0.3300,0.3300,0.3300,0.3300,20,0
D,2012-11-12,0.3350,0.3350,0.3300,0.3300,550,0
D,2012-11-09,0.3350,0.3350,0.3350,0.3350,0,0
D,2012-11-08,0.3350,0.3350,0.3350,0.3350,0,0
D,2012-11-07,0.3350,0.3350,0.3350,0.3350,0,0
D,2012-11-06,0.3350,0.3350,0.3300,0.3350,1580,0
D,2012-11-05,0.3350,0.3350,0.3350,0.3350,700,0
D,2012-11-02,0.3500,0.3500,0.3350,0.3350,300,0
D,2012-11-01,0.3350,0.3350,0.3350,0.3350,501,0
D,2012-10-31,0.3400,0.3400,0.3300,0.3300,3450,0
D,2012-10-30,0.3400,0.3400,0.3400,0.3400,299,0
D,2012-10-29,0.3350,0.3400,0.3350,0.3400,80,0
D,2012-10-25,0.3400,0.3400,0.3400,0.3400,0,0
D,2012-10-24,0.3400,0.3400,0.3400,0.3400,0,0
D,2012-10-23,0.3400,0.3400,0.3400,0.3400,300,0
D,2012-10-22,0.3450,0.3450,0.3450,0.3450,0,0
D,2012-10-19,0.3450,0.3450,0.3450,0.3450,1900,0
D,2012-10-18,0.3450,0.3600,0.3400,0.3600,1950,0
D,2012-10-17,0.3450,0.3450,0.3450,0.3450,0,0
D,2012-10-16,0.3450,0.3450,0.3450,0.3450,150,0
D,2012-10-15,0.3450,0.3450,0.3350,0.3400,1250,0
D,2012-10-12,0.3450,0.3450,0.3400,0.3400,4250,0
D,2012-10-11,0.3500,0.3500,0.3450,0.3450,520,0
D,2012-10-10,0.3500,0.3500,0.3400,0.3400,3253,0
D,2012-10-09,0.3450,0.3450,0.3400,0.3450,2500,0
D,2012-10-08,0.3400,0.3500,0.3400,0.3400,10063,0
D,2012-10-05,0.3350,0.3400,0.3350,0.3400,1200,0
D,2012-10-04,0.3350,0.3350,0.3350,0.3350,150,0
D,2012-10-03,0.3400,0.3400,0.3350,0.3350,1500,0
D,2012-05-03,0.3800,0.3800,0.3800,0.3800,1400,0
D,2012-05-02,0.3800,0.3800,0.3750,0.3750,3620,0
