D,2014-10-14,0.1650,0.1700,0.1600,0.1700,6285,0
D,2014-10-13,0.1800,0.1850,0.1700,0.1700,4300,0
D,2014-10-10,0.1850,0.1850,0.1800,0.1850,3480,0
D,2014-10-09,0.1900,0.1950,0.1850,0.1850,4213,0
D,2014-10-08,0.1950,0.1950,0.1850,0.1850,4876,0
D,2014-10-07,0.2000,0.2050,0.1950,0.1950,5737,0
D,2014-10-03,0.2050,0.2050,0.2000,0.2000,1400,0
D,2014-10-02,0.2100,0.2100,0.2050,0.2100,4631,0
D,2014-10-01,0.2100,0.2100,0.2100,0.2100,710,0
D,2014-09-30,0.2150,0.2200,0.2050,0.2100,8556,0
D,2014-09-29,0.2250,0.2250,0.2200,0.2200,2100,0
D,2014-09-26,0.2150,0.2250,0.2150,0.2250,7175,0
D,2014-09-25,0.2150,0.2200,0.2100,0.2100,1405,0
D,2014-09-24,0.2100,0.2150,0.2100,0.2100,1000,0
D,2014-09-23,0.2100,0.2100,0.2100,0.2100,1390,0
D,2014-09-22,0.2100,0.2100,0.2100,0.2100,1000,0
D,2014-09-19,0.2250,0.2250,0.2250,0.2250,1,0
D,2014-09-18,0.2100,0.2250,0.2100,0.2250,2754,0
D,2014-09-17,0.2100,0.2100,0.2100,0.2100,1317,0
D,2014-09-15,0.2100,0.2150,0.2100,0.2150,2900,0
D,2014-09-12,0.2150,0.2200,0.2100,0.2100,2678,0
D,2014-09-11,0.2200,0.2200,0.2150,0.2150,1300,0
D,2014-09-10,0.2200,0.2200,0.2200,0.2200,3000,0
D,2014-09-09,0.2150,0.2200,0.2150,0.2150,3022,0
D,2014-09-08,0.2200,0.2250,0.2200,0.2200,2210,0
D,2014-09-05,0.2200,0.2300,0.2200,0.2250,2530,0
D,2014-09-04,0.2400,0.2400,0.2250,0.2250,16089,0
D,2014-09-03,0.2050,0.2400,0.1950,0.2400,28913,0
D,2014-09-02,0.2100,0.2100,0.2000,0.2050,4700,0
D,2014-08-29,0.2200,0.2200,0.2100,0.2100,8226,0
D,2014-08-28,0.2150,0.2200,0.2100,0.2100,3150,0
D,2014-08-27,0.2150,0.2200,0.2100,0.2100,6414,0
D,2014-08-26,0.2150,0.2200,0.2150,0.2150,3360,0
D,2014-08-25,0.2150,0.2150,0.2100,0.2150,6142,0
D,2014-08-22,0.2200,0.2200,0.2150,0.2200,7111,0
D,2014-08-21,0.2250,0.2250,0.2150,0.2200,7566,0
D,2014-08-20,0.2250,0.2250,0.2200,0.2200,3833,0
D,2014-08-19,0.2350,0.2350,0.2250,0.2300,14162,0
D,2014-08-18,0.2250,0.2400,0.2250,0.2350,20546,0
D,2014-08-15,0.2250,0.2250,0.2250,0.2250,1770,0
D,2014-08-14,0.2300,0.2300,0.2300,0.2300,4630,0
D,2014-08-13,0.2250,0.2350,0.2250,0.2350,4420,0
D,2014-08-12,0.2250,0.2250,0.2200,0.2250,8420,0
D,2014-08-11,0.2300,0.2300,0.2200,0.2250,6885,0
D,2014-08-08,0.2300,0.2300,0.2250,0.2250,8109,0
D,2014-08-07,0.2300,0.2350,0.2250,0.2350,14749,0
D,2014-08-06,0.2400,0.2400,0.2300,0.2300,20111,0
D,2014-08-05,0.2450,0.2450,0.2350,0.2350,6014,0
D,2014-08-04,0.2400,0.2500,0.2400,0.2450,7210,0
D,2014-08-01,0.2400,0.2500,0.2400,0.2400,12816,0
D,2014-07-31,0.2550,0.2650,0.2450,0.2450,50844,0
D,2014-07-30,0.2300,0.2550,0.2300,0.2550,22996,0
D,2014-07-25,0.2350,0.2350,0.2300,0.2350,7090,0
D,2014-07-24,0.2450,0.2450,0.2300,0.2300,14000,0
D,2014-07-23,0.2200,0.2450,0.2200,0.2400,46599,0
D,2014-07-22,0.2150,0.2200,0.2150,0.2200,5810,0
D,2014-07-21,0.2200,0.2200,0.2150,0.2200,5406,0
D,2014-07-18,0.2250,0.2250,0.2200,0.2250,4400,0
D,2014-07-17,0.2250,0.2300,0.2250,0.2250,5600,0
D,2014-07-16,0.2250,0.2300,0.2200,0.2250,7230,0
D,2014-07-14,0.2250,0.2250,0.2250,0.2250,2330,0
D,2014-07-11,0.2250,0.2300,0.2250,0.2300,10166,0
D,2014-07-10,0.2250,0.2300,0.2250,0.2300,2870,0
D,2014-07-09,0.2300,0.2300,0.2250,0.2250,9200,0
D,2014-07-08,0.2350,0.2350,0.2300,0.2300,7320,0
D,2014-07-07,0.2350,0.2350,0.2300,0.2350,8279,0
D,2014-07-04,0.2350,0.2400,0.2350,0.2350,15289,0
D,2014-07-03,0.2350,0.2350,0.2350,0.2350,2521,0
D,2014-07-02,0.2400,0.2400,0.2350,0.2400,5151,0
D,2014-07-01,0.2350,0.2350,0.2300,0.2300,2150,0
D,2014-06-30,0.2350,0.2450,0.2350,0.2350,12491,0
D,2014-06-27,0.2400,0.2400,0.2350,0.2350,8120,0
D,2014-06-26,0.2350,0.2350,0.2350,0.2350,2409,0
D,2014-06-25,0.2400,0.2400,0.2350,0.2400,4168,0
D,2014-06-24,0.2400,0.2500,0.2350,0.2400,4788,0
D,2014-06-23,0.2400,0.2400,0.2350,0.2400,4832,0
D,2014-06-20,0.2450,0.2450,0.2350,0.2400,3693,0
D,2014-06-19,0.2400,0.2500,0.2400,0.2450,9562,0
D,2014-06-18,0.2350,0.2400,0.2350,0.2350,1659,0
D,2014-06-17,0.2350,0.2400,0.2350,0.2400,4133,0
D,2014-06-16,0.2400,0.2400,0.2350,0.2350,1063,0
D,2014-06-13,0.2350,0.2450,0.2350,0.2400,3443,0
D,2014-06-12,0.2400,0.2400,0.2350,0.2400,3501,0
D,2014-06-11,0.2300,0.2450,0.2300,0.2450,6091,0
D,2014-06-10,0.2300,0.2300,0.2300,0.2300,450,0
D,2014-06-09,0.2350,0.2350,0.2300,0.2350,1575,0
D,2014-06-06,0.2400,0.2400,0.2350,0.2350,1899,0
D,2014-06-05,0.2400,0.2450,0.2350,0.2350,4393,0
D,2014-06-04,0.2400,0.2450,0.2350,0.2350,5690,0
D,2014-06-03,0.2350,0.2400,0.2350,0.2350,372,0
D,2014-06-02,0.2300,0.2350,0.2300,0.2300,1953,0
D,2014-05-30,0.2350,0.2400,0.2300,0.2300,4201,0
D,2014-05-29,0.2400,0.2400,0.2350,0.2400,4702,0
D,2014-05-28,0.2300,0.2300,0.2300,0.2300,2080,0
D,2014-05-27,0.2300,0.2350,0.2300,0.2300,3655,0
D,2014-05-26,0.2350,0.2350,0.2300,0.2300,4715,0
D,2014-05-23,0.2400,0.2400,0.2350,0.2350,1680,0
D,2014-05-22,0.2400,0.2400,0.2400,0.2400,1352,0
D,2014-05-21,0.2400,0.2450,0.2350,0.2350,7983,0
D,2014-05-20,0.2450,0.2500,0.2350,0.2400,9588,0
D,2014-05-19,0.2450,0.2500,0.2450,0.2500,2877,0
D,2014-05-16,0.2500,0.2500,0.2400,0.2500,5459,0
D,2014-05-15,0.2500,0.2600,0.2450,0.2500,20736,0
D,2014-05-14,0.2450,0.2450,0.2400,0.2450,6516,0
D,2014-05-12,0.2500,0.2500,0.2400,0.2450,3578,0
D,2014-05-09,0.2400,0.2550,0.2350,0.2500,11200,0
D,2014-05-08,0.2400,0.2450,0.2400,0.2400,6546,0
D,2014-05-07,0.2450,0.2450,0.2400,0.2450,2680,0
D,2014-05-06,0.2450,0.2500,0.2400,0.2500,7265,0
D,2014-05-05,0.2400,0.2400,0.2350,0.2400,8954,0
D,2014-05-02,0.2550,0.2550,0.2400,0.2550,15171,0
D,2014-04-30,0.2600,0.2650,0.2500,0.2550,9603,0
D,2014-04-29,0.2650,0.2700,0.2450,0.2600,13373,0
D,2014-04-28,0.2850,0.2850,0.2650,0.2650,18192,0
D,2014-04-25,0.2800,0.3000,0.2800,0.2850,55240,0
D,2014-04-24,0.2700,0.2850,0.2700,0.2800,38380,0
D,2014-04-23,0.2700,0.2700,0.2600,0.2700,7080,0
D,2014-04-22,0.2850,0.2900,0.2650,0.2750,26197,0
D,2014-04-21,0.2550,0.2850,0.2550,0.2800,51324,0
D,2014-04-18,0.2500,0.2550,0.2450,0.2550,10158,0
D,2014-04-17,0.2650,0.2700,0.2450,0.2450,12492,0
D,2014-04-16,0.2600,0.2750,0.2600,0.2600,55876,0
D,2014-04-15,0.2400,0.2600,0.2400,0.2500,19952,0
D,2014-04-14,0.2350,0.2450,0.2350,0.2450,1084,0
D,2014-04-11,0.2350,0.2400,0.2350,0.2400,1910,0
D,2014-04-10,0.2350,0.2450,0.2350,0.2400,6362,0
D,2014-04-09,0.2350,0.2400,0.2350,0.2400,5620,0
D,2014-04-08,0.2350,0.2350,0.2350,0.2350,760,0
D,2014-04-07,0.2400,0.2400,0.2350,0.2400,2892,0
D,2014-04-04,0.2350,0.2400,0.2300,0.2350,1684,0
D,2014-04-03,0.2400,0.2400,0.2350,0.2350,4332,0
D,2014-04-02,0.2300,0.2400,0.2300,0.2350,11525,0
D,2014-04-01,0.2250,0.2250,0.2250,0.2250,4735,0
D,2014-03-31,0.2300,0.2300,0.2250,0.2300,2255,0
D,2014-03-28,0.2300,0.2350,0.2300,0.2300,3140,0
D,2014-03-27,0.2300,0.2300,0.2300,0.2300,1800,0
D,2014-03-26,0.2350,0.2350,0.2300,0.2350,1070,0
D,2014-03-25,0.2300,0.2450,0.2300,0.2350,3231,0
D,2014-03-24,0.2300,0.2300,0.2250,0.2250,657,0
D,2014-03-21,0.2250,0.2300,0.2250,0.2300,1231,0
D,2014-03-20,0.2250,0.2300,0.2250,0.2250,2450,0
D,2014-03-19,0.2300,0.2300,0.2300,0.2300,200,0
D,2014-03-18,0.2300,0.2300,0.2250,0.2250,1988,0
D,2014-03-17,0.2300,0.2300,0.2300,0.2300,0,0
D,2014-03-14,0.2300,0.2350,0.2300,0.2300,1450,0
D,2014-03-13,0.2350,0.2350,0.2300,0.2300,1400,0
D,2014-03-12,0.2300,0.2300,0.2300,0.2300,1209,0
D,2014-03-11,0.2350,0.2350,0.2350,0.2350,300,0
D,2014-03-10,0.2300,0.2350,0.2300,0.2350,1609,0
D,2014-03-07,0.2350,0.2350,0.2350,0.2350,1115,0
D,2014-03-06,0.2400,0.2450,0.2400,0.2400,3441,0
D,2014-03-05,0.2400,0.2400,0.2300,0.2300,5429,0
D,2014-03-04,0.2300,0.2400,0.2300,0.2400,4370,0
D,2014-03-03,0.2400,0.2400,0.2300,0.2300,3400,0
D,2014-02-28,0.2500,0.2550,0.2350,0.2450,6178,0
D,2014-02-27,0.2450,0.2500,0.2350,0.2500,15851,0
D,2014-02-26,0.2550,0.2550,0.2500,0.2500,1400,0
D,2014-02-25,0.2600,0.2600,0.2550,0.2550,1860,0
D,2014-02-24,0.2700,0.2800,0.2600,0.2600,21900,0
D,2014-02-21,0.2500,0.2700,0.2500,0.2700,28244,0
D,2014-02-20,0.2450,0.2500,0.2450,0.2450,3310,0
D,2014-02-19,0.2300,0.2450,0.2300,0.2450,5811,0
D,2014-02-18,0.2350,0.2350,0.2300,0.2300,899,0
D,2014-02-17,0.2300,0.2400,0.2300,0.2400,490,0
D,2014-02-14,0.2400,0.2400,0.2350,0.2350,5350,0
D,2014-02-13,0.2350,0.2350,0.2350,0.2350,120,0
D,2014-02-12,0.2400,0.2400,0.2400,0.2400,100,0
D,2014-02-11,0.2400,0.2500,0.2350,0.2450,399,0
D,2014-02-10,0.2400,0.2400,0.2400,0.2400,1000,0
D,2014-02-07,0.2350,0.2350,0.2300,0.2350,1122,0
D,2014-02-06,0.2350,0.2350,0.2350,0.2350,700,0
D,2014-02-05,0.2350,0.2450,0.2350,0.2450,350,0
D,2014-02-04,0.2550,0.2550,0.2300,0.2500,1709,0
D,2014-01-30,0.2500,0.2500,0.2500,0.2500,500,0
D,2014-01-29,0.2450,0.2500,0.2400,0.2400,2217,0
D,2014-01-28,0.2300,0.2550,0.2300,0.2350,1443,0
D,2014-01-27,0.2350,0.2550,0.2250,0.2350,2701,0
D,2014-01-24,0.2350,0.2350,0.2350,0.2350,1262,0
D,2014-01-23,0.2500,0.2500,0.2350,0.2350,2150,0
D,2014-01-22,0.2500,0.2500,0.2450,0.2450,240,0
D,2014-01-21,0.2550,0.2550,0.2400,0.2450,2020,0
D,2014-01-20,0.2400,0.2450,0.2400,0.2450,971,0
D,2014-01-16,0.2500,0.2500,0.2350,0.2400,1760,0
D,2014-01-15,0.2650,0.2650,0.2450,0.2550,2660,0
D,2014-01-13,0.2650,0.2750,0.2650,0.2650,6562,0
D,2014-01-10,0.2500,0.2650,0.2500,0.2650,1751,0
D,2014-01-09,0.2650,0.2650,0.2500,0.2500,2300,0
D,2014-01-08,0.2600,0.2650,0.2600,0.2600,3958,0
D,2014-01-07,0.2450,0.2550,0.2450,0.2550,4593,0
D,2014-01-06,0.2350,0.2450,0.2300,0.2400,3200,0
D,2014-01-03,0.2350,0.2350,0.2350,0.2350,0,0
D,2014-01-02,0.2350,0.2350,0.2350,0.2350,500,0
D,2013-12-31,0.2400,0.2450,0.2400,0.2450,900,0
D,2013-12-30,0.2350,0.2350,0.2350,0.2350,40,0
D,2013-12-27,0.2350,0.2350,0.2350,0.2350,540,0
D,2013-12-26,0.2300,0.2350,0.2300,0.2350,1310,0
D,2013-12-24,0.2400,0.2450,0.2400,0.2450,500,0
D,2013-12-23,0.2400,0.2400,0.2300,0.2300,500,0
D,2013-12-20,0.2350,0.2350,0.2350,0.2350,290,0
D,2013-12-19,0.2350,0.2350,0.2350,0.2350,1900,0
D,2013-12-18,0.2350,0.2350,0.2300,0.2300,964,0
D,2013-12-17,0.2300,0.2350,0.2300,0.2350,1603,0
D,2013-12-16,0.2350,0.2400,0.2350,0.2350,1870,0
D,2013-12-13,0.2400,0.2400,0.2400,0.2400,500,0
D,2013-12-12,0.2400,0.2400,0.2400,0.2400,218,0
D,2013-12-11,0.2350,0.2500,0.2250,0.2400,4014,0
D,2013-12-10,0.2350,0.2350,0.2350,0.2350,579,0
D,2013-12-09,0.2400,0.2400,0.2400,0.2400,320,0
D,2013-12-06,0.2500,0.2500,0.2500,0.2500,2901,0
D,2013-12-05,0.2300,0.2550,0.2300,0.2550,3649,0
D,2013-12-04,0.2300,0.2300,0.2300,0.2300,2200,0
D,2013-12-03,0.2300,0.2300,0.2300,0.2300,750,0
D,2013-12-02,0.2400,0.2400,0.2400,0.2400,0,0
D,2013-11-29,0.2400,0.2400,0.2400,0.2400,850,0
D,2013-11-28,0.2400,0.2400,0.2400,0.2400,200,0
D,2013-11-27,0.2450,0.2450,0.2400,0.2400,1300,0
D,2013-11-26,0.2500,0.2500,0.2450,0.2450,763,0
D,2013-11-25,0.2500,0.2500,0.2400,0.2400,2349,0
D,2013-11-22,0.2450,0.2500,0.2450,0.2500,1762,0
D,2013-11-21,0.2400,0.2400,0.2350,0.2400,1761,0
D,2013-11-20,0.2550,0.2550,0.2500,0.2500,3957,0
D,2013-11-19,0.2600,0.2600,0.2500,0.2500,2860,0
D,2013-11-18,0.2600,0.2650,0.2600,0.2600,1180,0
D,2013-11-15,0.2600,0.2600,0.2600,0.2600,1200,0
D,2013-11-14,0.2600,0.2700,0.2600,0.2600,3210,0
D,2013-11-13,0.2700,0.2700,0.2550,0.2550,6714,0
D,2013-11-12,0.2800,0.2850,0.2700,0.2800,2100,0
D,2013-11-11,0.2850,0.2900,0.2800,0.2900,6364,0
D,2013-11-08,0.2850,0.2850,0.2800,0.2850,3158,0
D,2013-11-07,0.2850,0.2950,0.2800,0.2950,1381,0
D,2013-11-06,0.2950,0.2950,0.2800,0.2900,3935,0
D,2013-11-04,0.2900,0.3100,0.2850,0.2950,11595,0
D,2013-11-01,0.2850,0.3050,0.2800,0.2900,18366,0
D,2013-10-31,0.2800,0.2800,0.2800,0.2800,3339,0
D,2013-10-30,0.2600,0.2850,0.2500,0.2750,7214,0
D,2013-10-29,0.2550,0.2650,0.2550,0.2650,2797,0
D,2013-10-28,0.2600,0.2600,0.2550,0.2550,1980,0
D,2013-10-25,0.2700,0.2700,0.2650,0.2650,782,0
D,2013-10-24,0.2800,0.2900,0.2700,0.2750,4961,0
D,2013-10-23,0.2600,0.2950,0.2600,0.2850,26161,0
D,2013-10-22,0.2500,0.2600,0.2500,0.2600,1709,0
D,2013-10-21,0.2600,0.2600,0.2600,0.2600,0,0
D,2013-10-18,0.2600,0.2600,0.2600,0.2600,100,0
D,2013-10-17,0.2550,0.2700,0.2450,0.2600,5202,0
D,2013-10-16,0.2500,0.2550,0.2500,0.2500,2812,0
D,2013-10-14,0.2350,0.2550,0.2350,0.2550,310,0
D,2013-10-11,0.2450,0.2600,0.2450,0.2600,661,0
D,2013-10-10,0.2550,0.2600,0.2500,0.2600,732,0
D,2013-10-09,0.2550,0.2550,0.2550,0.2550,0,0
D,2013-10-08,0.2400,0.2600,0.2400,0.2550,452,0
D,2013-10-07,0.2450,0.2550,0.2450,0.2550,301,0
D,2013-10-04,0.2550,0.2550,0.2550,0.2550,200,0
D,2013-10-03,0.2450,0.2550,0.2450,0.2550,206,0
D,2013-10-02,0.2500,0.2500,0.2500,0.2500,900,0
D,2013-10-01,0.2450,0.2550,0.2450,0.2500,1250,0
D,2013-09-30,0.2500,0.2550,0.2450,0.2550,1752,0
D,2013-09-27,0.2550,0.2650,0.2500,0.2650,1301,0
D,2013-09-26,0.2650,0.2650,0.2600,0.2600,250,0
D,2013-09-25,0.2650,0.2650,0.2600,0.2650,1035,0
D,2013-09-24,0.2750,0.2750,0.2650,0.2700,720,0
D,2013-09-23,0.2600,0.2750,0.2600,0.2750,800,0
D,2013-09-20,0.2650,0.2800,0.2650,0.2800,4061,0
D,2013-09-19,0.2500,0.2600,0.2500,0.2600,4106,0
D,2013-09-18,0.2550,0.2550,0.2500,0.2550,860,0
D,2013-09-17,0.2550,0.2600,0.2450,0.2550,1420,0
D,2013-09-13,0.2500,0.2550,0.2450,0.2550,1209,0
D,2013-09-12,0.2450,0.2450,0.2450,0.2450,240,0
D,2013-09-11,0.2500,0.2600,0.2450,0.2550,7662,0
D,2013-09-10,0.2450,0.2500,0.2400,0.2500,5200,0
D,2013-09-09,0.2450,0.2550,0.2400,0.2500,13356,0
D,2013-09-06,0.2350,0.2350,0.2300,0.2300,550,0
D,2013-09-05,0.2350,0.2350,0.2300,0.2300,950,0
D,2013-09-04,0.2350,0.2400,0.2300,0.2350,1393,0
D,2013-09-03,0.2350,0.2350,0.2300,0.2300,1078,0
D,2013-09-02,0.2350,0.2400,0.2350,0.2400,1005,0
D,2013-08-30,0.2500,0.2500,0.2400,0.2500,2185,0
D,2013-08-29,0.2350,0.2500,0.2350,0.2500,2970,0
D,2013-08-28,0.2100,0.2350,0.2050,0.2300,5207,0
D,2013-08-27,0.2400,0.2400,0.2150,0.2200,8960,0
D,2013-08-26,0.2800,0.2900,0.2500,0.2500,6982,0
D,2013-08-23,0.2900,0.2900,0.2700,0.2750,5625,0
D,2013-08-22,0.3000,0.3000,0.2800,0.2900,6780,0
D,2013-08-21,0.3050,0.3050,0.3050,0.3050,101,0
D,2013-08-20,0.3150,0.3150,0.2900,0.3150,7159,0
D,2013-08-19,0.3100,0.3200,0.3100,0.3150,2600,0
D,2013-08-16,0.3150,0.3200,0.3100,0.3200,970,0
D,2013-08-15,0.3150,0.3150,0.3100,0.3100,3260,0
D,2013-08-14,0.3250,0.3250,0.3150,0.3150,3452,0
D,2013-08-13,0.3050,0.3250,0.3050,0.3200,4950,0
D,2013-08-12,0.2950,0.2950,0.2950,0.2950,1512,0
D,2013-08-07,0.2900,0.2900,0.2900,0.2900,300,0
D,2013-08-06,0.3000,0.3000,0.2900,0.2900,2496,0
D,2013-08-05,0.2900,0.2950,0.2900,0.2950,904,0
D,2013-08-02,0.2950,0.2950,0.2950,0.2950,1601,0
D,2013-08-01,0.2850,0.2950,0.2850,0.2950,7401,0
D,2013-07-31,0.3000,0.3000,0.2800,0.2850,8762,0
D,2013-07-30,0.3000,0.3050,0.2950,0.3050,2640,0
D,2013-07-29,0.3050,0.3050,0.3000,0.3000,2190,0
D,2013-07-26,0.3150,0.3150,0.3100,0.3100,500,0
D,2013-07-25,0.3150,0.3200,0.3100,0.3200,2526,0
D,2013-07-24,0.3100,0.3150,0.3050,0.3150,3886,0
D,2013-07-23,0.3250,0.3250,0.3150,0.3150,1456,0
D,2013-07-22,0.3350,0.3350,0.3250,0.3250,6496,0
D,2013-07-19,0.3300,0.3350,0.3200,0.3300,9057,0
D,2013-07-18,0.3150,0.3300,0.3150,0.3250,8103,0
D,2013-07-17,0.3250,0.3250,0.3150,0.3200,2715,0
D,2013-07-16,0.3100,0.3250,0.3100,0.3250,8210,0
D,2013-07-15,0.3100,0.3100,0.3000,0.3100,2196,0
D,2013-07-12,0.3150,0.3150,0.3050,0.3050,3983,0
D,2013-07-11,0.3150,0.3150,0.3050,0.3150,4008,0
D,2013-07-10,0.3100,0.3150,0.3100,0.3100,1620,0
D,2013-07-09,0.3150,0.3250,0.3150,0.3200,3474,0
D,2013-07-08,0.3400,0.3400,0.3050,0.3150,8006,0
D,2013-07-05,0.3050,0.3300,0.3050,0.3300,13016,0
D,2013-07-04,0.2800,0.3050,0.2800,0.3050,9811,0
D,2013-07-03,0.2800,0.2900,0.2800,0.2800,6230,0
D,2013-07-02,0.2850,0.2850,0.2800,0.2800,3255,0
D,2013-07-01,0.2900,0.2900,0.2850,0.2850,1700,0
D,2013-06-28,0.2900,0.2950,0.2900,0.2900,7193,0
D,2013-06-27,0.2950,0.3000,0.2900,0.2900,5592,0
D,2013-06-26,0.2900,0.2950,0.2800,0.2950,16982,0
D,2013-06-25,0.2800,0.2950,0.2800,0.2900,10671,0
D,2013-06-24,0.3100,0.3100,0.2800,0.2900,20682,0
D,2013-06-21,0.2950,0.3250,0.2950,0.3250,5746,0
D,2013-06-20,0.3300,0.3350,0.3100,0.3200,10630,0
D,2013-06-19,0.3450,0.3450,0.3350,0.3350,4838,0
D,2013-06-18,0.3450,0.3550,0.3350,0.3400,45725,0
D,2013-06-17,0.3350,0.3350,0.3250,0.3350,11198,0
D,2013-06-14,0.3450,0.3500,0.3350,0.3400,11020,0
D,2013-06-13,0.3400,0.3450,0.3300,0.3400,18523,0
D,2013-06-12,0.3450,0.3500,0.3300,0.3500,19563,0
D,2013-06-11,0.3550,0.3750,0.3450,0.3500,47067,0
D,2013-06-10,0.3600,0.3600,0.3500,0.3550,18067,0
D,2013-06-07,0.3650,0.3700,0.3500,0.3550,24653,0
D,2013-06-06,0.3500,0.3700,0.3500,0.3600,22931,0
D,2013-06-05,0.3450,0.3550,0.3450,0.3550,14990,0
D,2013-06-04,0.3450,0.3500,0.3400,0.3450,10671,0
D,2013-06-03,0.3450,0.3600,0.3400,0.3450,10949,0
D,2013-05-31,0.3600,0.3650,0.3450,0.3450,11629,0
D,2013-05-30,0.3600,0.3650,0.3500,0.3600,15987,0
D,2013-05-29,0.3800,0.4000,0.3750,0.3750,22844,0
D,2013-05-28,0.3550,0.3800,0.3550,0.3800,27211,0
D,2013-05-27,0.3300,0.3700,0.3300,0.3600,20014,0
D,2013-05-23,0.3650,0.3700,0.3300,0.3400,23834,0
D,2013-05-22,0.3950,0.3950,0.3600,0.3700,19317,0
D,2013-05-21,0.4050,0.4100,0.3800,0.3950,30843,0
D,2013-05-20,0.3600,0.4000,0.3600,0.3950,42839,0
D,2013-05-17,0.3150,0.3550,0.3150,0.3550,34790,0
D,2013-05-16,0.3350,0.3400,0.3100,0.3150,11444,0
D,2013-05-15,0.3050,0.3450,0.3050,0.3350,25276,0
D,2013-05-14,0.3100,0.3100,0.2800,0.3000,24410,0
D,2013-05-13,0.2850,0.3100,0.2850,0.3100,28956,0
D,2013-05-10,0.2550,0.2850,0.2550,0.2750,35708,0
D,2013-05-09,0.2150,0.2500,0.2100,0.2500,36939,0
D,2013-05-08,0.2200,0.2200,0.2150,0.2150,7344,0
D,2013-05-07,0.2000,0.2250,0.2000,0.2200,10727,0
D,2013-05-06,0.2000,0.2100,0.1950,0.2100,9996,0
D,2013-05-03,0.1800,0.1900,0.1800,0.1900,2095,0
D,2013-05-02,0.1850,0.1850,0.1800,0.1800,1009,0
D,2013-04-30,0.1850,0.1850,0.1850,0.1850,2831,0
D,2013-04-29,0.1900,0.1900,0.1900,0.1900,200,0
D,2013-04-26,0.1900,0.1950,0.1900,0.1950,800,0
D,2013-04-25,0.1850,0.1850,0.1850,0.1850,0,0
D,2013-04-24,0.1850,0.1850,0.1850,0.1850,178,0
D,2013-04-23,0.1900,0.1900,0.1850,0.1850,5955,0
D,2013-04-22,0.1950,0.2000,0.1900,0.1900,2492,0
D,2013-04-19,0.2050,0.2050,0.1950,0.1950,968,0
D,2013-04-18,0.2050,0.2050,0.2050,0.2050,550,0
D,2013-04-17,0.2050,0.2100,0.2050,0.2050,1700,0
D,2013-04-16,0.1950,0.2050,0.1900,0.2050,3365,0
D,2013-04-15,0.2050,0.2050,0.1950,0.1950,1370,0
D,2013-04-12,0.2150,0.2200,0.2100,0.2100,14976,0
D,2013-04-11,0.2050,0.2200,0.2050,0.2150,7816,0
D,2013-04-10,0.2050,0.2100,0.2000,0.2050,2335,0
D,2013-04-09,0.2150,0.2250,0.2100,0.2150,11951,0
D,2013-04-08,0.2100,0.2200,0.2100,0.2150,23091,0
D,2013-04-05,0.1950,0.2150,0.1900,0.2050,19570,0
D,2013-04-04,0.1850,0.1950,0.1800,0.1950,4110,0
D,2013-04-03,0.1900,0.1900,0.1800,0.1850,4605,0
D,2013-04-02,0.1850,0.1950,0.1850,0.1950,4300,0
D,2013-04-01,0.1900,0.1900,0.1800,0.1850,1123,0
D,2013-03-29,0.1800,0.1850,0.1800,0.1850,1220,0
D,2013-03-28,0.1750,0.1850,0.1750,0.1850,1262,0
D,2013-03-27,0.1800,0.1800,0.1800,0.1800,1360,0
D,2013-03-26,0.1850,0.1850,0.1800,0.1850,1420,0
D,2013-03-25,0.1950,0.1950,0.1850,0.1850,1149,0
D,2013-03-22,0.1900,0.2000,0.1900,0.1950,14251,0
D,2013-03-21,0.1900,0.1950,0.1850,0.1900,3752,0
D,2013-03-20,0.1700,0.2000,0.1700,0.1950,14853,0
D,2013-03-19,0.1650,0.1700,0.1600,0.1700,1521,0
D,2013-03-18,0.1700,0.1700,0.1650,0.1650,1383,0
D,2013-03-15,0.1650,0.1650,0.1650,0.1650,1482,0
D,2013-03-14,0.1650,0.1650,0.1600,0.1600,1290,0
D,2013-03-13,0.1650,0.1650,0.1650,0.1650,390,0
D,2013-03-12,0.1700,0.1750,0.1600,0.1700,4315,0
D,2013-03-11,0.1600,0.1700,0.1600,0.1700,167,0
D,2013-03-08,0.1600,0.1600,0.1600,0.1600,2421,0
D,2013-03-07,0.1600,0.1650,0.1550,0.1550,1700,0
D,2013-03-06,0.1600,0.1600,0.1550,0.1600,1652,0
D,2013-03-05,0.1600,0.1600,0.1550,0.1600,2070,0
D,2013-03-04,0.1600,0.1600,0.1550,0.1600,670,0
D,2013-03-01,0.1650,0.1650,0.1650,0.1650,605,0
D,2013-02-28,0.1600,0.1650,0.1600,0.1650,1633,0
D,2013-02-27,0.1600,0.1650,0.1600,0.1650,500,0
D,2013-02-26,0.1700,0.1700,0.1650,0.1650,2120,0
D,2013-02-25,0.1650,0.1700,0.1650,0.1700,1445,0
D,2013-02-22,0.1650,0.1650,0.1650,0.1650,0,0
D,2013-02-21,0.1600,0.1650,0.1600,0.1650,542,0
D,2013-02-20,0.1800,0.1800,0.1600,0.1800,1930,0
D,2013-02-19,0.1750,0.1850,0.1750,0.1850,200,0
D,2013-02-18,0.1800,0.1850,0.1800,0.1850,1500,0
D,2013-02-15,0.1750,0.1850,0.1750,0.1850,1969,0
D,2013-02-14,0.1750,0.1750,0.1750,0.1750,500,0
D,2013-02-13,0.1700,0.1700,0.1700,0.1700,0,0
D,2013-02-08,0.1700,0.1700,0.1700,0.1700,470,0
D,2013-02-07,0.1600,0.1600,0.1600,0.1600,0,0
D,2013-02-06,0.1600,0.1600,0.1600,0.1600,500,0
D,2013-02-05,0.1650,0.1650,0.1650,0.1650,235,0
D,2013-02-04,0.1650,0.1650,0.1600,0.1600,820,0
D,2013-01-31,0.1650,0.1650,0.1650,0.1650,1300,0
D,2013-01-30,0.1700,0.1700,0.1650,0.1650,300,0
D,2013-01-29,0.1900,0.1900,0.1650,0.1700,1272,0
D,2013-01-25,0.1700,0.1700,0.1700,0.1700,580,0
D,2013-01-23,0.1750,0.1750,0.1700,0.1700,600,0
D,2013-01-22,0.1750,0.1750,0.1700,0.1700,600,0
D,2013-01-21,0.1950,0.2000,0.1750,0.1750,4098,0
D,2013-01-18,0.1800,0.1850,0.1800,0.1850,1050,0
D,2013-01-17,0.1800,0.1800,0.1750,0.1750,250,0
D,2013-01-16,0.1750,0.1750,0.1750,0.1750,0,0
D,2013-01-15,0.1800,0.1800,0.1750,0.1750,600,0
D,2013-01-14,0.1750,0.1750,0.1750,0.1750,464,0
D,2013-01-11,0.1750,0.1750,0.1750,0.1750,20,0
D,2013-01-10,0.1800,0.1800,0.1750,0.1750,421,0
D,2013-01-09,0.1750,0.2000,0.1750,0.2000,701,0
D,2013-01-08,0.1800,0.1800,0.1800,0.1800,0,0
D,2013-01-07,0.1750,0.1850,0.1750,0.1800,1489,0
D,2013-01-04,0.1750,0.1750,0.1750,0.1750,110,0
D,2013-01-03,0.1750,0.1750,0.1750,0.1750,0,0
D,2013-01-02,0.1750,0.1750,0.1750,0.1750,0,0
D,2012-12-31,0.1750,0.1750,0.1750,0.1750,0,0
D,2012-12-28,0.1700,0.1750,0.1700,0.1750,362,0
D,2012-12-27,0.1650,0.1650,0.1650,0.1650,360,0
D,2012-12-26,0.1600,0.1600,0.1600,0.1600,100,0
D,2012-12-24,0.1700,0.1700,0.1700,0.1700,0,0
D,2012-12-21,0.1700,0.1700,0.1700,0.1700,490,0
D,2012-12-20,0.1650,0.1650,0.1650,0.1650,0,0
D,2012-12-19,0.1650,0.1650,0.1650,0.1650,1560,0
D,2012-12-18,0.1650,0.1650,0.1650,0.1650,0,0
D,2012-12-17,0.1650,0.1650,0.1650,0.1650,0,0
D,2012-12-14,0.1700,0.1700,0.1600,0.1650,6350,0
D,2012-12-13,0.1700,0.1700,0.1700,0.1700,0,0
D,2012-12-12,0.1700,0.1700,0.1700,0.1700,200,0
D,2012-12-11,0.1750,0.1800,0.1750,0.1800,200,0
D,2012-12-10,0.1750,0.1750,0.1750,0.1750,300,0
D,2012-12-07,0.1800,0.1800,0.1800,0.1800,200,0
D,2012-12-06,0.1750,0.1850,0.1750,0.1850,30,0
D,2012-12-05,0.1850,0.1850,0.1850,0.1850,500,0
D,2012-12-04,0.1800,0.1850,0.1800,0.1850,170,0
D,2012-12-03,0.1850,0.1850,0.1850,0.1850,0,0
D,2012-11-30,0.1850,0.1850,0.1750,0.1850,750,0
D,2012-11-29,0.1800,0.1850,0.1800,0.1850,300,0
D,2012-11-28,0.1850,0.1900,0.1850,0.1900,610,0
D,2012-11-27,0.1850,0.1850,0.1850,0.1850,170,0
D,2012-11-26,0.1900,0.1950,0.1900,0.1950,682,0
D,2012-11-23,0.1900,0.1900,0.1900,0.1900,788,0
D,2012-11-22,0.1850,0.1900,0.1850,0.1900,2817,0
D,2012-11-21,0.1900,0.1900,0.1900,0.1900,2787,0
D,2012-11-20,0.1850,0.1900,0.1850,0.1900,1106,0
D,2012-11-19,0.1850,0.1850,0.1850,0.1850,50,0
D,2012-11-16,0.1900,0.1900,0.1800,0.1900,1011,0
D,2012-11-14,0.1850,0.1900,0.1850,0.1900,850,0
D,2012-11-12,0.1850,0.1850,0.1850,0.1850,300,0
D,2012-11-09,0.1850,0.1850,0.1850,0.1850,200,0
D,2012-11-08,0.1850,0.1850,0.1850,0.1850,199,0
D,2012-11-07,0.1950,0.1950,0.1950,0.1950,0,0
D,2012-11-06,0.1850,0.1950,0.1850,0.1950,511,0
D,2012-11-05,0.1850,0.1950,0.1850,0.1950,183,0
D,2012-11-02,0.1900,0.1900,0.1900,0.1900,1900,0
D,2012-11-01,0.1850,0.1850,0.1850,0.1850,520,0
D,2012-10-31,0.1850,0.1850,0.1850,0.1850,150,0
D,2012-10-30,0.1950,0.1950,0.1950,0.1950,0,0
D,2012-10-29,0.1950,0.1950,0.1950,0.1950,0,0
D,2012-10-25,0.1900,0.1950,0.1900,0.1950,264,0
D,2012-10-24,0.1950,0.1950,0.1950,0.1950,0,0
D,2012-10-23,0.1950,0.1950,0.1950,0.1950,0,0
D,2012-10-22,0.1950,0.1950,0.1900,0.1950,1305,0
D,2012-10-19,0.1950,0.1950,0.1900,0.1900,1580,0
D,2012-10-18,0.1950,0.1950,0.1900,0.1900,220,0
D,2012-10-17,0.1950,0.1950,0.1950,0.1950,1250,0
D,2012-10-16,0.1950,0.1950,0.1950,0.1950,323,0
D,2012-10-15,0.1850,0.2000,0.1850,0.1950,3330,0
D,2012-10-12,0.1850,0.1850,0.1850,0.1850,30,0
D,2012-10-11,0.1850,0.1900,0.1850,0.1850,1801,0
D,2012-10-10,0.1850,0.1900,0.1850,0.1850,3151,0
D,2012-10-09,0.1900,0.1900,0.1900,0.1900,0,0
D,2012-10-08,0.1900,0.1900,0.1900,0.1900,80,0
D,2012-10-05,0.2050,0.2050,0.1900,0.1950,9289,0
D,2012-10-04,0.1950,0.2050,0.1900,0.2000,14413,0
D,2012-10-03,0.1850,0.1900,0.1850,0.1900,2406,0
D,2012-05-03,0.1900,0.2000,0.1850,0.2000,35793,0
D,2012-05-02,0.1950,0.2150,0.1800,0.1900,99042,0
