D,2014-10-14,2.0000,2.0000,1.9800,1.9800,6043,0
D,2014-10-13,2.0000,2.0200,2.0000,2.0000,2614,0
D,2014-10-10,2.0300,2.0500,2.0100,2.0500,1840,0
D,2014-10-09,2.0200,2.0400,2.0200,2.0300,4341,0
D,2014-10-08,2.0700,2.0700,2.0100,2.0400,5538,0
D,2014-10-07,2.1000,2.1000,2.0800,2.0800,7141,0
D,2014-10-03,2.1100,2.1100,2.0800,2.0800,4902,0
D,2014-10-02,2.1200,2.1300,2.0900,2.1300,11515,0
D,2014-10-01,2.1300,2.1300,2.1000,2.1300,7885,0
D,2014-09-30,2.1100,2.1300,2.0900,2.1300,11161,0
D,2014-09-29,2.1400,2.1400,2.0800,2.1000,15531,0
D,2014-09-26,2.1100,2.1400,2.1000,2.1400,5351,0
D,2014-09-25,2.1000,2.1500,2.1000,2.1100,2393,0
D,2014-09-24,2.1300,2.1500,2.0900,2.1300,4539,0
D,2014-09-23,2.1800,2.1800,2.1300,2.1500,3310,0
D,2014-09-22,2.1600,2.1900,2.1400,2.1900,8671,0
D,2014-09-19,2.1300,2.2000,2.1200,2.2000,34558,0
D,2014-09-18,2.1400,2.1400,2.1100,2.1300,8373,0
D,2014-09-17,2.1100,2.1600,2.1100,2.1300,10652,0
D,2014-09-15,2.0900,2.1300,2.0900,2.1300,12728,0
D,2014-09-12,2.1000,2.1200,2.1000,2.1000,5658,0
D,2014-09-11,2.1100,2.1200,2.0900,2.0900,13878,0
D,2014-09-10,2.1500,2.1600,2.1000,2.1000,7149,0
D,2014-09-09,2.2000,2.2000,2.1500,2.1600,3255,0
D,2014-09-08,2.1800,2.2000,2.1600,2.2000,1327,0
D,2014-09-05,2.1200,2.2000,2.1200,2.2000,5421,0
D,2014-09-04,2.1100,2.1300,2.1100,2.1200,3808,0
D,2014-09-03,2.1000,2.1000,2.0800,2.1000,6272,0
D,2014-09-02,2.1000,2.1100,2.0900,2.1100,1697,0
D,2014-08-29,2.1200,2.1200,2.0800,2.1200,8087,0
D,2014-08-28,2.1800,2.1800,2.1200,2.1200,10673,0
D,2014-08-27,2.1600,2.1700,2.1400,2.1600,16705,0
D,2014-08-26,2.1300,2.1700,2.1300,2.1600,1567,0
D,2014-08-25,2.1900,2.1900,2.1300,2.1400,10466,0
D,2014-08-22,2.2000,2.2100,2.1500,2.2000,6107,0
D,2014-08-21,2.2700,2.2700,2.1800,2.1900,14504,0
D,2014-08-20,2.2700,2.2700,2.2400,2.2700,11112,0
D,2014-08-19,2.2600,2.2800,2.2500,2.2700,4862,0
D,2014-08-18,2.2600,2.2600,2.2300,2.2600,7459,0
D,2014-08-15,2.2600,2.2600,2.2300,2.2600,3588,0
D,2014-08-14,2.2800,2.2800,2.2400,2.2600,40429,0
D,2014-08-13,2.3200,2.3200,2.2500,2.2900,12657,0
D,2014-08-12,2.2700,2.3200,2.2500,2.3200,12280,0
D,2014-08-11,2.3000,2.3200,2.2300,2.2700,10272,0
D,2014-08-08,2.4100,2.4100,2.2900,2.3000,10656,0
D,2014-08-07,2.4100,2.4300,2.4000,2.4300,2961,0
D,2014-08-06,2.4300,2.4300,2.4100,2.4300,780,0
D,2014-08-05,2.4300,2.4400,2.4200,2.4400,2245,0
D,2014-08-04,2.4700,2.4700,2.4300,2.4300,3123,0
D,2014-08-01,2.4400,2.4700,2.4000,2.4700,4124,0
D,2014-07-31,2.4900,2.4900,2.4500,2.4500,4146,0
D,2014-07-30,2.4600,2.4800,2.4500,2.4800,2349,0
D,2014-07-25,2.4700,2.4800,2.4600,2.4800,1593,0
D,2014-07-24,2.4600,2.4900,2.4600,2.4900,4162,0
D,2014-07-23,2.5000,2.5000,2.4700,2.5000,2554,0
D,2014-07-22,2.4900,2.5400,2.4800,2.5400,2814,0
D,2014-07-21,2.5000,2.5000,2.4900,2.4900,1839,0
D,2014-07-18,2.5000,2.5200,2.4900,2.5200,11993,0
D,2014-07-17,2.5200,2.5700,2.5200,2.5500,1955,0
D,2014-07-16,2.5300,2.5700,2.5000,2.5600,16754,0
D,2014-07-14,2.5400,2.5500,2.5300,2.5400,1508,0
D,2014-07-11,2.5700,2.5800,2.5400,2.5500,3041,0
D,2014-07-10,2.6000,2.6000,2.5800,2.6000,5075,0
D,2014-07-09,2.5900,2.6000,2.5800,2.6000,1242,0
D,2014-07-08,2.5800,2.6200,2.5500,2.6000,6767,0
D,2014-07-07,2.5900,2.5900,2.5700,2.5800,2371,0
D,2014-07-04,2.5800,2.6100,2.5600,2.5800,7546,0
D,2014-07-03,2.6400,2.6500,2.5500,2.5800,10152,0
D,2014-07-02,2.6000,2.6400,2.6000,2.6400,9400,0
D,2014-07-01,2.6000,2.6200,2.5900,2.6200,383,0
D,2014-06-30,2.6600,2.6600,2.6000,2.6400,1070,0
D,2014-06-27,2.6100,2.6600,2.6100,2.6600,3155,0
D,2014-06-26,2.5900,2.6600,2.5600,2.6500,6729,0
D,2014-06-25,2.5000,2.5800,2.5000,2.5800,10372,0
D,2014-06-24,2.5000,2.5100,2.4900,2.5100,10869,0
D,2014-06-23,2.5000,2.5100,2.4900,2.5100,9330,0
D,2014-06-20,2.4900,2.5000,2.4700,2.5000,11620,0
D,2014-06-19,2.4800,2.4900,2.4800,2.4900,5640,0
D,2014-06-18,2.5000,2.5000,2.4700,2.4900,6536,0
D,2014-06-17,2.5000,2.5000,2.4900,2.5000,16389,0
D,2014-06-16,2.5200,2.5200,2.4900,2.5200,8983,0
D,2014-06-13,2.5000,2.5200,2.4900,2.5200,1528,0
D,2014-06-12,2.5500,2.5500,2.5000,2.5200,4142,0
D,2014-06-11,2.5700,2.5700,2.5200,2.5500,4792,0
D,2014-06-10,2.5700,2.5700,2.5500,2.5700,820,0
D,2014-06-09,2.5600,2.5800,2.5500,2.5800,17254,0
D,2014-06-06,2.5800,2.5900,2.5600,2.5700,2800,0
D,2014-06-05,2.5800,2.6200,2.5800,2.6200,1652,0
D,2014-06-04,2.6100,2.6100,2.5500,2.6100,2587,0
D,2014-06-03,2.6300,2.6300,2.5900,2.6300,8702,0
D,2014-06-02,2.6500,2.6500,2.5800,2.6400,13019,0
D,2014-05-30,2.6200,2.6800,2.6000,2.6800,15873,0
D,2014-05-29,2.6600,2.6600,2.6000,2.6200,6765,0
D,2014-05-28,2.6200,2.6400,2.6100,2.6400,11771,0
D,2014-05-27,2.6400,2.6400,2.6100,2.6400,2020,0
D,2014-05-26,2.6000,2.6400,2.5800,2.6400,17356,0
D,2014-05-23,2.6400,2.6400,2.5900,2.6100,11861,0
D,2014-05-22,2.6800,2.6800,2.6200,2.6500,21978,0
D,2014-05-21,2.7000,2.7000,2.6700,2.6900,15180,0
D,2014-05-20,2.6800,2.7000,2.6600,2.7000,2461,0
D,2014-05-19,2.7000,2.7000,2.6800,2.6800,17181,0
D,2014-05-16,2.7000,2.7400,2.6900,2.7000,23400,0
D,2014-05-15,2.6900,2.7100,2.6900,2.7000,15301,0
D,2014-05-14,2.7000,2.7000,2.6900,2.7000,7603,0
D,2014-05-12,2.6900,2.7000,2.6900,2.7000,14362,0
D,2014-05-09,2.7000,2.7000,2.6900,2.7000,21125,0
D,2014-05-08,2.6900,2.7000,2.6900,2.7000,5731,0
D,2014-05-07,2.7000,2.7100,2.6900,2.7000,13475,0
D,2014-05-06,2.7000,2.7100,2.6900,2.7000,8556,0
D,2014-05-05,2.7100,2.7100,2.6800,2.7000,7051,0
D,2014-05-02,2.7000,2.7200,2.6800,2.7200,6971,0
D,2014-04-30,2.7000,2.7200,2.6900,2.7200,6317,0
D,2014-04-29,2.7200,2.7200,2.6900,2.7200,6503,0
D,2014-04-28,2.7200,2.7300,2.7000,2.7200,2626,0
D,2014-04-25,2.7200,2.7300,2.7100,2.7300,2540,0
D,2014-04-24,2.7300,2.7300,2.7100,2.7300,4822,0
D,2014-04-23,2.7500,2.7500,2.7200,2.7300,7535,0
D,2014-04-22,2.7000,2.7500,2.7000,2.7500,6105,0
D,2014-04-21,2.7300,2.7500,2.7200,2.7300,7018,0
D,2014-04-18,2.7200,2.7300,2.7200,2.7300,5004,0
D,2014-04-17,2.7200,2.7400,2.7100,2.7200,6592,0
D,2014-04-16,2.7000,2.7200,2.6900,2.7200,7003,0
D,2014-04-15,2.6500,2.7000,2.6500,2.7000,3869,0
D,2014-04-14,2.6200,2.6500,2.6100,2.6500,8174,0
D,2014-04-11,2.6600,2.6600,2.6100,2.6500,4303,0
D,2014-04-10,2.6400,2.6700,2.6200,2.6700,4348,0
D,2014-04-09,2.6800,2.6800,2.6100,2.6400,5386,0
D,2014-04-08,2.6700,2.7000,2.6700,2.6800,10122,0
D,2014-04-07,2.6900,2.7100,2.6500,2.7100,6826,0
D,2014-04-04,2.7300,2.7300,2.6900,2.7100,9560,0
D,2014-04-03,2.7100,2.7400,2.7100,2.7300,6668,0
D,2014-04-02,2.7500,2.7500,2.7300,2.7400,6684,0
D,2014-04-01,2.7600,2.7600,2.7400,2.7500,6533,0
D,2014-03-31,2.7400,2.7600,2.7400,2.7600,6372,0
D,2014-03-28,2.7400,2.7500,2.7400,2.7500,4637,0
D,2014-03-27,2.7200,2.7500,2.7200,2.7500,4674,0
D,2014-03-26,2.7400,2.7500,2.7300,2.7500,3322,0
D,2014-03-25,2.7600,2.7600,2.7400,2.7500,8129,0
D,2014-03-24,2.7300,2.7600,2.7300,2.7600,19060,0
D,2014-03-21,2.7000,2.7800,2.6900,2.7300,29950,0
D,2014-03-20,2.6900,2.7300,2.6900,2.7100,7949,0
D,2014-03-19,2.6700,2.7000,2.6600,2.7000,6475,0
D,2014-03-18,2.7000,2.7000,2.6800,2.6900,8444,0
D,2014-03-17,2.6900,2.7000,2.6700,2.7000,4790,0
D,2014-03-14,2.7200,2.7200,2.6700,2.7000,4713,0
D,2014-03-13,2.7100,2.7500,2.7000,2.7500,26158,0
D,2014-03-12,2.6900,2.7300,2.6800,2.7000,52269,0
D,2014-03-11,2.7000,2.7400,2.6800,2.7400,28173,0
D,2014-03-10,2.6900,2.7100,2.6700,2.7000,14735,0
D,2014-03-07,2.7000,2.7200,2.6500,2.7200,22762,0
D,2014-03-06,2.5500,2.6900,2.5500,2.6800,57523,0
D,2014-03-05,2.5600,2.5600,2.5200,2.5500,7168,0
D,2014-03-04,2.5400,2.5700,2.5200,2.5500,14044,0
D,2014-03-03,2.5000,2.5400,2.4800,2.5400,8504,0
D,2014-02-28,2.5200,2.5200,2.4800,2.5100,2379,0
D,2014-02-27,2.4900,2.5100,2.4800,2.5100,4446,0
D,2014-02-26,2.5000,2.5100,2.4800,2.5100,6715,0
D,2014-02-25,2.5400,2.5400,2.5000,2.5300,5986,0
D,2014-02-24,2.4000,2.5400,2.4000,2.5400,22886,0
D,2014-02-21,2.4000,2.4200,2.4000,2.4100,6307,0
D,2014-02-20,2.4100,2.4200,2.3900,2.4100,2395,0
D,2014-02-19,2.4200,2.4200,2.3900,2.4200,9100,0
D,2014-02-18,2.4200,2.4200,2.3800,2.4200,4529,0
D,2014-02-17,2.4500,2.4500,2.4100,2.4300,5157,0
D,2014-02-14,2.4500,2.4500,2.4300,2.4500,4483,0
D,2014-02-13,2.4000,2.4700,2.4000,2.4500,11675,0
D,2014-02-12,2.4300,2.4300,2.3900,2.4000,3822,0
D,2014-02-11,2.4300,2.4300,2.4000,2.4200,7779,0
D,2014-02-10,2.3800,2.4500,2.3800,2.4300,13167,0
D,2014-02-07,2.3800,2.3900,2.3500,2.3800,6833,0
D,2014-02-06,2.2700,2.3900,2.2700,2.3800,11622,0
D,2014-02-05,2.2600,2.2900,2.2600,2.2700,3134,0
D,2014-02-04,2.2600,2.2800,2.2400,2.2800,4503,0
D,2014-01-30,2.2700,2.2900,2.2500,2.2900,1516,0
D,2014-01-29,2.2600,2.2900,2.2600,2.2900,4525,0
D,2014-01-28,2.2400,2.2600,2.2300,2.2600,3068,0
D,2014-01-27,2.2600,2.2800,2.2100,2.2300,7544,0
D,2014-01-24,2.2500,2.3100,2.2400,2.2600,9365,0
D,2014-01-23,2.2500,2.2600,2.2200,2.2300,9015,0
D,2014-01-22,2.2800,2.2800,2.2300,2.2800,6608,0
D,2014-01-21,2.2900,2.2900,2.2300,2.2900,9155,0
D,2014-01-20,2.3300,2.3300,2.2700,2.2900,11132,0
D,2014-01-16,2.2600,2.3200,2.2500,2.3000,18425,0
D,2014-01-15,2.2500,2.2800,2.2400,2.2500,6159,0
D,2014-01-13,2.2400,2.2700,2.2400,2.2400,6537,0
D,2014-01-10,2.2200,2.2600,2.2200,2.2600,2521,0
D,2014-01-09,2.2700,2.2800,2.2100,2.2800,10389,0
D,2014-01-08,2.2400,2.2800,2.2100,2.2800,6893,0
D,2014-01-07,2.2300,2.2800,2.2200,2.2500,27571,0
D,2014-01-06,2.1300,2.2300,2.1300,2.2300,23115,0
D,2014-01-03,2.1000,2.1600,2.1000,2.1300,8105,0
D,2014-01-02,2.0600,2.1300,2.0600,2.1300,11001,0
D,2013-12-31,2.0700,2.1200,2.0400,2.0400,79559,0
D,2013-12-30,2.1300,2.1300,2.0400,2.0500,8812,0
D,2013-12-27,2.1800,2.1800,2.0900,2.1000,16238,0
D,2013-12-26,2.1800,2.1800,2.1700,2.1800,3273,0
D,2013-12-24,2.1900,2.1900,2.1800,2.1900,1945,0
D,2013-12-23,2.1800,2.2000,2.1800,2.1900,4757,0
D,2013-12-20,2.2300,2.2300,2.1800,2.2000,2133,0
D,2013-12-19,2.2300,2.2500,2.2200,2.2400,4301,0
D,2013-12-18,2.2400,2.2600,2.2200,2.2600,3203,0
D,2013-12-17,2.2300,2.2600,2.2300,2.2500,3226,0
D,2013-12-16,2.2700,2.2900,2.2300,2.2300,3320,0
D,2013-12-13,2.2500,2.2600,2.2400,2.2500,4951,0
D,2013-12-12,2.2500,2.2500,2.2400,2.2400,2198,0
D,2013-12-11,2.2300,2.3000,2.2300,2.2500,10727,0
D,2013-12-10,2.2400,2.2400,2.2200,2.2300,7329,0
D,2013-12-09,2.2400,2.2600,2.2300,2.2300,5957,0
D,2013-12-06,2.2500,2.2500,2.2200,2.2200,5068,0
D,2013-12-05,2.2000,2.2500,2.1900,2.2200,3945,0
D,2013-12-04,2.2400,2.2400,2.1900,2.1900,9554,0
D,2013-12-03,2.2600,2.3000,2.2400,2.2400,5819,0
D,2013-12-02,2.3400,2.3500,2.2500,2.2600,5756,0
D,2013-11-29,2.4400,2.4400,2.3300,2.3700,2842,0
D,2013-11-28,2.4900,2.4900,2.4400,2.4500,1501,0
D,2013-11-27,2.4800,2.5000,2.4400,2.5000,1828,0
D,2013-11-26,2.4900,2.5000,2.4700,2.5000,1434,0
D,2013-11-25,2.4900,2.5300,2.4800,2.5300,4421,0
D,2013-11-22,2.5200,2.5500,2.4500,2.5400,4000,0
D,2013-11-21,2.5600,2.5600,2.5100,2.5500,2604,0
D,2013-11-20,2.5500,2.5600,2.5100,2.5600,8050,0
D,2013-11-19,2.5000,2.5600,2.5000,2.5300,22011,0
D,2013-11-18,2.4600,2.5000,2.4500,2.5000,7493,0
D,2013-11-15,2.4400,2.4600,2.4300,2.4600,2736,0
D,2013-11-14,2.3900,2.4600,2.3700,2.4400,4056,0
D,2013-11-13,2.3900,2.4000,2.3400,2.3900,3154,0
D,2013-11-12,2.3900,2.4400,2.3800,2.3900,13386,0
D,2013-11-11,2.4300,2.4300,2.3600,2.3900,4775,0
D,2013-11-08,2.4600,2.5400,2.3800,2.4000,19330,0
D,2013-11-07,2.2900,2.4900,2.2800,2.4700,25388,0
D,2013-11-06,2.2900,2.3000,2.2600,2.2800,18376,0
D,2013-11-04,2.2300,2.3300,2.2300,2.2800,19112,0
D,2013-11-01,2.1300,2.2200,2.1300,2.2000,7654,0
D,2013-10-31,2.1500,2.1500,2.1300,2.1300,4837,0
D,2013-10-30,2.1200,2.1500,2.1200,2.1400,3297,0
D,2013-10-29,2.1200,2.1400,2.1100,2.1100,3570,0
D,2013-10-28,2.1300,2.1500,2.1300,2.1300,7500,0
D,2013-10-25,2.1300,2.1500,2.1300,2.1400,3033,0
D,2013-10-24,2.1300,2.1500,2.1100,2.1500,3115,0
D,2013-10-23,2.1000,2.1400,2.0900,2.1400,4459,0
D,2013-10-22,2.0900,2.1100,2.0900,2.1000,5122,0
D,2013-10-21,2.0900,2.1000,2.0900,2.0900,3076,0
D,2013-10-18,2.0700,2.1000,2.0700,2.1000,602,0
D,2013-10-17,2.0900,2.0900,2.0600,2.0800,1802,0
D,2013-10-16,2.0800,2.1000,2.0700,2.0900,963,0
D,2013-10-14,2.1000,2.1000,2.0800,2.0900,1626,0
D,2013-10-11,2.1000,2.1100,2.0900,2.1100,842,0
D,2013-10-10,2.0900,2.1000,2.0800,2.0800,6723,0
D,2013-10-09,2.0800,2.1000,2.0700,2.0900,8732,0
D,2013-10-08,2.0800,2.0900,2.0700,2.0700,6043,0
D,2013-10-07,2.0800,2.0900,2.0700,2.0700,6060,0
D,2013-10-04,2.0700,2.1000,2.0700,2.0700,5964,0
D,2013-10-03,2.0800,2.1000,2.0700,2.0800,9831,0
D,2013-10-02,2.0800,2.1000,2.0800,2.0800,8250,0
D,2013-10-01,2.0800,2.1100,2.0800,2.0800,9295,0
D,2013-09-30,2.0900,2.1000,2.0800,2.0800,8127,0
D,2013-09-27,2.0400,2.1000,2.0400,2.0900,6240,0
D,2013-09-26,2.0700,2.0700,2.0500,2.0500,1693,0
D,2013-09-25,2.0700,2.0700,2.0700,2.0700,620,0
D,2013-09-24,2.0700,2.0700,2.0600,2.0600,3570,0
D,2013-09-23,2.1000,2.1000,2.0700,2.0800,350,0
D,2013-09-20,2.1000,2.1100,2.0700,2.0700,8493,0
D,2013-09-19,2.1000,2.1100,2.0900,2.1000,16390,0
D,2013-09-18,2.0700,2.0900,2.0700,2.0800,453,0
D,2013-09-17,2.0800,2.1100,2.0600,2.0600,9707,0
D,2013-09-13,2.0800,2.0900,2.0500,2.0500,5439,0
D,2013-09-12,2.0700,2.1000,2.0700,2.1000,6050,0
D,2013-09-11,2.0700,2.0800,2.0700,2.0700,4120,0
D,2013-09-10,2.0900,2.1200,2.0600,2.0700,5255,0
D,2013-09-09,2.0800,2.1000,2.0600,2.0600,4078,0
D,2013-09-06,2.0800,2.0800,2.0600,2.0800,1052,0
D,2013-09-05,2.0400,2.0800,2.0400,2.0700,891,0
D,2013-09-04,2.0600,2.0700,2.0500,2.0500,679,0
D,2013-09-03,2.0500,2.1000,2.0500,2.0600,1404,0
D,2013-09-02,2.0500,2.0600,2.0400,2.0600,1279,0
D,2013-08-30,2.0400,2.0500,2.0300,2.0500,1811,0
D,2013-08-29,1.9900,2.0500,1.9900,2.0400,3303,0
D,2013-08-28,2.0100,2.0400,1.9900,1.9900,14987,0
D,2013-08-27,2.1000,2.1000,2.0600,2.0600,6648,0
D,2013-08-26,2.1400,2.1500,2.1000,2.1000,4710,0
D,2013-08-23,2.1600,2.1700,2.1500,2.1700,5206,0
D,2013-08-22,2.1700,2.1700,2.1100,2.1700,5349,0
D,2013-08-21,2.1900,2.1900,2.1600,2.1900,4282,0
D,2013-08-20,2.2200,2.2500,2.1600,2.1900,10729,0
D,2013-08-19,2.1800,2.2800,2.1700,2.2800,6603,0
D,2013-08-16,2.1800,2.1900,2.1700,2.1800,4227,0
D,2013-08-15,2.1800,2.1800,2.1700,2.1800,2494,0
D,2013-08-14,2.2000,2.2000,2.1800,2.1800,2758,0
D,2013-08-13,2.2100,2.2100,2.1800,2.2000,2585,0
D,2013-08-12,2.2200,2.2200,2.1800,2.2100,2856,0
D,2013-08-07,2.1900,2.2300,2.1800,2.2300,3262,0
D,2013-08-06,2.2100,2.2300,2.1600,2.2300,10907,0
D,2013-08-05,2.1100,2.2000,2.1100,2.2000,11561,0
D,2013-08-02,2.0900,2.1200,2.0800,2.1200,2690,0
D,2013-08-01,2.0500,2.1000,2.0500,2.1000,2117,0
D,2013-07-31,2.1000,2.1000,2.0400,2.0900,7513,0
D,2013-07-30,2.1000,2.1100,2.0800,2.1000,4290,0
D,2013-07-29,2.1300,2.1400,2.1000,2.1000,6813,0
D,2013-07-26,2.1000,2.1400,2.0900,2.1400,5993,0
D,2013-07-25,2.1000,2.1000,2.0800,2.1000,3897,0
D,2013-07-24,2.1100,2.1200,2.1000,2.1000,6174,0
D,2013-07-23,2.1600,2.1600,2.1000,2.1400,6438,0
D,2013-07-22,2.1500,2.1700,2.1500,2.1700,6729,0
D,2013-07-19,2.1500,2.1500,2.1200,2.1300,3272,0
D,2013-07-18,2.1100,2.1200,2.0900,2.1200,3320,0
D,2013-07-17,2.0600,2.1600,2.0600,2.1000,12854,0
D,2013-07-16,2.0200,2.0500,2.0200,2.0500,8726,0
D,2013-07-15,2.0300,2.0300,2.0100,2.0100,9884,0
D,2013-07-12,2.0300,2.0700,2.0100,2.0100,6761,0
D,2013-07-11,2.0300,2.0400,2.0200,2.0300,15755,0
D,2013-07-10,2.0300,2.0400,2.0100,2.0300,3020,0
D,2013-07-09,2.0300,2.0400,2.0200,2.0300,4396,0
D,2013-07-08,2.0700,2.0700,2.0200,2.0300,5533,0
D,2013-07-05,2.0000,2.0000,1.9600,1.9800,4269,0
D,2013-07-04,1.9900,2.0000,1.9800,2.0000,605,0
D,2013-07-03,1.9900,2.0000,1.9900,1.9900,4415,0
D,2013-07-02,2.0000,2.0000,1.9800,2.0000,686,0
D,2013-07-01,2.0000,2.0000,1.9900,2.0000,2279,0
D,2013-06-28,2.0100,2.0200,2.0000,2.0000,2759,0
D,2013-06-27,2.0100,2.0100,2.0000,2.0100,1885,0
D,2013-06-26,2.0500,2.0500,2.0000,2.0100,3442,0
D,2013-06-25,2.0000,2.0400,1.9900,2.0300,11292,0
D,2013-06-24,2.0400,2.0400,2.0100,2.0400,1629,0
D,2013-06-21,2.0500,2.0900,2.0200,2.0900,4231,0
D,2013-06-20,2.0800,2.0800,2.0600,2.0700,1920,0
D,2013-06-19,2.1000,2.1000,2.0800,2.1000,1254,0
D,2013-06-18,2.1000,2.1100,2.1000,2.1000,4587,0
D,2013-06-17,2.0500,2.0900,2.0500,2.0900,1497,0
D,2013-06-14,2.0600,2.0900,2.0400,2.0400,10805,0
D,2013-06-13,2.0800,2.0900,2.0300,2.0300,7377,0
D,2013-06-12,2.0800,2.1000,2.0700,2.0800,21942,0
D,2013-06-11,2.1000,2.1100,2.0800,2.0800,26687,0
D,2013-06-10,2.1300,2.1500,2.0900,2.0900,32817,0
D,2013-06-07,2.0800,2.1100,2.0800,2.1000,13612,0
D,2013-06-06,2.0900,2.1300,2.0800,2.0800,10039,0
D,2013-06-05,2.0900,2.1200,2.0900,2.0900,13430,0
D,2013-06-04,2.1400,2.1500,2.1000,2.1100,2664,0
D,2013-06-03,2.1600,2.1700,2.1300,2.1500,9760,0
D,2013-05-31,2.1500,2.1900,2.1500,2.1700,5689,0
D,2013-05-30,2.1500,2.1700,2.1400,2.1400,9979,0
D,2013-05-29,2.1300,2.1800,2.1300,2.1800,8634,0
D,2013-05-28,2.0800,2.1600,2.0700,2.1200,7152,0
D,2013-05-27,2.0500,2.1000,2.0300,2.1000,6828,0
D,2013-05-23,2.1500,2.1500,2.0200,2.0300,40707,0
D,2013-05-22,2.2600,2.3300,2.1800,2.1900,20478,0
D,2013-05-21,2.1100,2.2800,2.1100,2.2400,19533,0
D,2013-05-20,2.0600,2.1100,2.0600,2.1100,7993,0
D,2013-05-17,2.0300,2.0600,2.0300,2.0500,3940,0
D,2013-05-16,2.0500,2.0600,2.0300,2.0400,7727,0
D,2013-05-15,2.0400,2.0900,2.0400,2.0500,14928,0
D,2013-05-14,2.0100,2.0400,2.0000,2.0300,6374,0
D,2013-05-13,1.9900,2.0200,1.9800,1.9800,6924,0
D,2013-05-10,1.9400,1.9800,1.9400,1.9700,2298,0
D,2013-05-09,1.9500,1.9700,1.9300,1.9300,2701,0
D,2013-05-08,1.9700,1.9800,1.9100,1.9100,3901,0
D,2013-05-07,1.9500,1.9800,1.9500,1.9600,5996,0
D,2013-05-06,1.9200,1.9800,1.9200,1.9400,3519,0
D,2013-05-03,1.9100,1.9400,1.9000,1.9100,7722,0
D,2013-05-02,1.9300,1.9500,1.9100,1.9100,9289,0
D,2013-04-30,1.9100,1.9400,1.9100,1.9400,3946,0
D,2013-04-29,1.9200,1.9400,1.9200,1.9200,4194,0
D,2013-04-26,1.9300,1.9500,1.9200,1.9200,2576,0
D,2013-04-25,1.9100,1.9500,1.9000,1.9000,6675,0
D,2013-04-24,1.9300,1.9500,1.9300,1.9300,5053,0
D,2013-04-23,1.9300,1.9500,1.9300,1.9300,7172,0
D,2013-04-22,1.9600,1.9600,1.9300,1.9300,4701,0
D,2013-04-19,1.9300,1.9600,1.9300,1.9600,6950,0
D,2013-04-18,1.9400,1.9400,1.9200,1.9200,6086,0
D,2013-04-17,1.9100,1.9500,1.9100,1.9400,4849,0
D,2013-04-16,1.9200,1.9500,1.9100,1.9100,2875,0
D,2013-04-15,1.9200,1.9400,1.9200,1.9200,3168,0
D,2013-04-12,1.9600,1.9600,1.9200,1.9200,16577,0
D,2013-04-11,1.9700,2.0500,1.9500,1.9600,23650,0
D,2013-04-10,1.9500,2.0000,1.9500,1.9700,11375,0
D,2013-04-09,1.9500,1.9600,1.9300,1.9500,3717,0
D,2013-04-08,1.9000,1.9400,1.9000,1.9300,2570,0
D,2013-04-05,1.8600,1.9000,1.8500,1.8900,2188,0
D,2013-04-04,1.8000,1.8300,1.8000,1.8100,458,0
D,2013-04-03,1.8000,1.8000,1.7600,1.8000,1570,0
D,2013-04-02,1.7800,1.7900,1.7800,1.7800,544,0
D,2013-04-01,1.7700,1.8000,1.7600,1.7900,241,0
D,2013-03-29,1.7900,1.7900,1.7800,1.7900,130,0
D,2013-03-28,1.7900,1.8000,1.7800,1.8000,545,0
D,2013-03-27,1.7800,1.7900,1.7800,1.7800,960,0
D,2013-03-26,1.7700,1.7900,1.7700,1.7800,125,0
D,2013-03-25,1.7900,1.7900,1.7700,1.7700,487,0
D,2013-03-22,1.8000,1.8100,1.7700,1.7800,1144,0
D,2013-03-21,1.8200,1.8200,1.7900,1.8000,3686,0
D,2013-03-20,1.8300,1.8400,1.8200,1.8300,455,0
D,2013-03-19,1.8300,1.8400,1.8200,1.8300,291,0
D,2013-03-18,1.8500,1.8500,1.8200,1.8500,300,0
D,2013-03-15,1.8400,1.8700,1.8400,1.8700,355,0
D,2013-03-14,1.8100,1.8400,1.8100,1.8400,175,0
D,2013-03-13,1.8900,1.8900,1.8500,1.8500,492,0
D,2013-03-12,1.8600,1.9000,1.8400,1.8900,430,0
D,2013-03-11,1.8400,1.8600,1.8200,1.8600,828,0
D,2013-03-08,1.8700,1.8700,1.8600,1.8600,80,0
D,2013-03-07,1.9000,1.9000,1.8800,1.8800,470,0
D,2013-03-06,1.9100,1.9300,1.8900,1.9000,2975,0
D,2013-03-05,1.8200,1.9100,1.8200,1.9100,3420,0
D,2013-03-04,1.7900,1.9500,1.7900,1.9000,2639,0
D,2013-03-01,1.7800,1.8100,1.7800,1.8100,854,0
D,2013-02-28,1.7800,1.8000,1.7400,1.7900,3992,0
D,2013-02-27,1.8500,1.8500,1.7900,1.7900,1869,0
D,2013-02-26,1.8100,1.8200,1.8100,1.8200,132,0
D,2013-02-25,1.8100,1.8300,1.8100,1.8300,571,0
D,2013-02-22,1.8400,1.8400,1.8000,1.8100,2006,0
D,2013-02-21,1.8400,1.8400,1.8400,1.8400,350,0
D,2013-02-20,1.8500,1.8700,1.8400,1.8500,1766,0
D,2013-02-19,1.8700,1.8700,1.8400,1.8500,1945,0
D,2013-02-18,1.8800,1.8800,1.8800,1.8800,200,0
D,2013-02-15,1.9000,1.9100,1.8500,1.8900,1234,0
D,2013-02-14,1.8300,1.9300,1.8300,1.8700,770,0
D,2013-02-13,1.8400,1.8400,1.8300,1.8300,140,0
D,2013-02-08,1.8500,1.8600,1.8300,1.8600,278,0
D,2013-02-07,1.8400,1.8700,1.8200,1.8600,2671,0
D,2013-02-06,1.8300,1.8700,1.8300,1.8700,839,0
D,2013-02-05,1.8800,1.8800,1.8600,1.8800,1257,0
D,2013-02-04,1.8900,1.8900,1.8600,1.8900,2096,0
D,2013-01-31,1.8900,1.9000,1.8800,1.8800,2173,0
D,2013-01-30,1.9000,1.9000,1.8800,1.8900,874,0
D,2013-01-29,1.9200,1.9500,1.8900,1.9000,3374,0
D,2013-01-25,1.9000,2.0000,1.8800,2.0000,7248,0
D,2013-01-23,1.9000,1.9000,1.8900,1.8900,1199,0
D,2013-01-22,1.9000,1.9000,1.8800,1.8900,2490,0
D,2013-01-21,1.9900,1.9900,1.8900,1.9000,4914,0
D,2013-01-18,1.9700,2.0000,1.9600,2.0000,5798,0
D,2013-01-17,1.9800,2.0000,1.9700,1.9800,3109,0
D,2013-01-16,1.9800,1.9800,1.9800,1.9800,333,0
D,2013-01-15,1.9900,1.9900,1.9800,1.9800,791,0
D,2013-01-14,2.0000,2.0200,1.9800,1.9900,384,0
D,2013-01-11,2.0400,2.0400,1.9800,2.0100,2973,0
D,2013-01-10,2.0900,2.1000,2.0100,2.0400,1565,0
D,2013-01-09,2.1100,2.1100,2.0900,2.0900,590,0
D,2013-01-08,2.1400,2.1500,2.1000,2.1200,2196,0
D,2013-01-07,2.0500,2.1900,2.0500,2.1300,3416,0
D,2013-01-04,2.0200,2.0700,2.0200,2.0500,1765,0
D,2013-01-03,1.9800,2.0600,1.9700,2.0200,2833,0
D,2013-01-02,1.9800,1.9900,1.9700,1.9700,1115,0
D,2012-12-31,2.0000,2.0200,1.9700,1.9900,1994,0
D,2012-12-28,2.0000,2.0300,1.9900,1.9900,4420,0
D,2012-12-27,1.9600,2.0000,1.9600,2.0000,1927,0
D,2012-12-26,1.9300,1.9600,1.9300,1.9600,949,0
D,2012-12-24,1.9700,1.9700,1.9500,1.9700,563,0
D,2012-12-21,1.9700,1.9700,1.9500,1.9600,1366,0
D,2012-12-20,1.9700,1.9800,1.9600,1.9600,1475,0
D,2012-12-19,1.9800,2.0000,1.9600,2.0000,807,0
D,2012-12-18,1.9500,2.0000,1.9300,1.9600,2424,0
D,2012-12-17,1.9400,1.9500,1.9400,1.9400,171,0
D,2012-12-14,1.9700,1.9700,1.9500,1.9500,1364,0
D,2012-12-13,1.9600,2.0000,1.9400,2.0000,8655,0
D,2012-12-12,1.9700,1.9700,1.9600,1.9700,1071,0
D,2012-12-11,1.9800,1.9800,1.9700,1.9700,1832,0
D,2012-12-10,1.9800,2.0000,1.9700,2.0000,7792,0
D,2012-12-07,1.9900,2.0000,1.9600,2.0000,10406,0
D,2012-12-06,1.9900,2.0000,1.9700,2.0000,4694,0
D,2012-12-05,1.9900,2.0000,1.9700,2.0000,5352,0
D,2012-12-04,2.0000,2.0000,1.9900,2.0000,3613,0
D,2012-12-03,1.9700,2.0100,1.9700,2.0000,8505,0
D,2012-11-30,1.9800,2.0000,1.9700,1.9700,3412,0
D,2012-11-29,2.0400,2.0400,1.9800,1.9800,6946,0
D,2012-11-28,2.1000,2.1100,2.0600,2.0600,2542,0
D,2012-11-27,2.1100,2.1300,2.0900,2.1000,3029,0
D,2012-11-26,2.1100,2.1100,2.1000,2.1000,730,0
D,2012-11-23,2.1100,2.1200,2.1000,2.1100,1677,0
D,2012-11-22,2.1500,2.1500,2.1000,2.1200,1870,0
D,2012-11-21,2.1600,2.1600,2.1300,2.1300,6997,0
D,2012-11-20,2.1900,2.1900,2.1600,2.1600,5734,0
D,2012-11-19,2.2200,2.2200,2.1800,2.1900,2312,0
D,2012-11-16,2.2300,2.2300,2.2100,2.2100,1345,0
D,2012-11-14,2.2500,2.2600,2.2300,2.2600,886,0
D,2012-11-12,2.2400,2.2400,2.2100,2.2100,1400,0
D,2012-11-09,2.2500,2.2500,2.2400,2.2500,1714,0
D,2012-11-08,2.2600,2.2600,2.2500,2.2600,665,0
D,2012-11-07,2.2200,2.2700,2.2200,2.2600,2051,0
D,2012-11-06,2.2400,2.2600,2.2000,2.2200,2374,0
D,2012-11-05,2.2600,2.2700,2.2400,2.2400,866,0
D,2012-11-02,2.3000,2.3000,2.2500,2.2700,2466,0
D,2012-11-01,2.3300,2.3300,2.2900,2.2900,1512,0
D,2012-10-31,2.3200,2.3200,2.3000,2.3000,873,0
D,2012-10-30,2.3100,2.3300,2.2800,2.3300,450,0
D,2012-10-29,2.3300,2.3300,2.3300,2.3300,740,0
D,2012-10-25,2.3400,2.3400,2.3300,2.3300,2900,0
D,2012-10-24,2.3100,2.3600,2.3100,2.3400,3244,0
D,2012-10-23,2.3400,2.3400,2.3200,2.3300,2725,0
D,2012-10-22,2.3500,2.3800,2.3200,2.3200,3099,0
D,2012-10-19,2.2900,2.3500,2.2900,2.3500,1004,0
D,2012-10-18,2.3000,2.3000,2.2900,2.2900,536,0
D,2012-10-17,2.3000,2.3000,2.2900,2.2900,1036,0
D,2012-10-16,2.3000,2.3000,2.2800,2.2800,133,0
D,2012-10-15,2.2900,2.3000,2.2700,2.2700,405,0
D,2012-10-12,2.2800,2.3300,2.2700,2.2900,1783,0
D,2012-10-11,2.2600,2.2600,2.2600,2.2600,541,0
D,2012-10-10,2.2500,2.3000,2.2500,2.2700,1264,0
D,2012-10-09,2.2700,2.2700,2.2300,2.2500,1059,0
D,2012-10-08,2.2100,2.2600,2.2100,2.2600,559,0
D,2012-10-05,2.2300,2.3300,2.2100,2.2200,4713,0
D,2012-10-04,2.2600,2.2600,2.2200,2.2300,5985,0
D,2012-10-03,2.3300,2.3300,2.2300,2.2500,6041,0
D,2012-05-03,9.4100,9.4900,9.3700,9.4900,418,0
D,2012-05-02,9.4900,9.5000,9.4500,9.4500,754,0
