D,2014-10-14,0.3700,0.3700,0.3650,0.3700,8119,0
D,2014-10-13,0.3650,0.3750,0.3600,0.3700,10646,0
D,2014-10-10,0.3700,0.3750,0.3550,0.3750,16818,0
D,2014-10-09,0.3750,0.3800,0.3700,0.3750,4021,0
D,2014-10-08,0.3750,0.3800,0.3700,0.3800,9853,0
D,2014-10-07,0.3950,0.3950,0.3800,0.3800,14765,0
D,2014-10-03,0.3850,0.4250,0.3850,0.3900,111100,0
D,2014-10-02,0.3750,0.3750,0.3700,0.3750,5435,0
D,2014-10-01,0.3750,0.3750,0.3700,0.3700,1173,0
D,2014-09-30,0.3750,0.3800,0.3750,0.3800,1480,0
D,2014-09-29,0.3800,0.3800,0.3750,0.3750,3780,0
D,2014-09-26,0.3750,0.3800,0.3750,0.3800,1748,0
D,2014-09-25,0.3750,0.3750,0.3750,0.3750,4480,0
D,2014-09-24,0.3700,0.3700,0.3700,0.3700,1816,0
D,2014-09-23,0.3750,0.3750,0.3700,0.3700,2060,0
D,2014-09-22,0.3850,0.3850,0.3700,0.3700,7530,0
D,2014-09-19,0.3800,0.3800,0.3800,0.3800,1320,0
D,2014-09-18,0.3750,0.3900,0.3750,0.3900,1302,0
D,2014-09-17,0.3850,0.3850,0.3750,0.3750,3013,0
D,2014-09-15,0.3950,0.3950,0.3850,0.3850,4948,0
D,2014-09-12,0.3850,0.3950,0.3850,0.3950,6457,0
D,2014-09-11,0.3850,0.3950,0.3850,0.3900,6128,0
D,2014-09-10,0.3700,0.3800,0.3700,0.3800,3733,0
D,2014-09-09,0.3700,0.3750,0.3700,0.3700,1960,0
D,2014-09-08,0.3750,0.3750,0.3700,0.3700,3678,0
D,2014-09-05,0.3700,0.3800,0.3700,0.3750,3330,0
D,2014-09-04,0.3600,0.3700,0.3600,0.3700,8605,0
D,2014-09-03,0.3600,0.3650,0.3550,0.3550,6480,0
D,2014-09-02,0.3600,0.3600,0.3500,0.3600,5861,0
D,2014-08-29,0.3450,0.3600,0.3450,0.3600,7715,0
D,2014-08-28,0.3600,0.3600,0.3400,0.3450,26866,0
D,2014-08-27,0.3750,0.3750,0.3700,0.3700,2700,0
D,2014-08-26,0.3750,0.3800,0.3750,0.3800,6282,0
D,2014-08-25,0.3700,0.3750,0.3700,0.3700,12130,0
D,2014-08-22,0.3700,0.3800,0.3650,0.3700,6351,0
D,2014-08-21,0.3800,0.3800,0.3700,0.3700,12082,0
D,2014-08-20,0.3800,0.3900,0.3800,0.3800,9102,0
D,2014-08-19,0.3800,0.3850,0.3750,0.3800,2100,0
D,2014-08-18,0.3800,0.3850,0.3750,0.3800,7996,0
D,2014-08-15,0.3850,0.3900,0.3850,0.3850,4156,0
D,2014-08-14,0.3900,0.3900,0.3850,0.3850,1150,0
D,2014-08-13,0.3900,0.3900,0.3900,0.3900,1311,0
D,2014-08-12,0.3900,0.3900,0.3900,0.3900,895,0
D,2014-08-11,0.3850,0.3900,0.3850,0.3900,2391,0
D,2014-08-08,0.3950,0.3950,0.3850,0.3850,7726,0
D,2014-08-07,0.3950,0.4000,0.3900,0.3950,13764,0
D,2014-08-06,0.3950,0.3950,0.3900,0.3950,10048,0
D,2014-08-05,0.4000,0.4000,0.3950,0.3950,5985,0
D,2014-08-04,0.3900,0.4000,0.3900,0.4000,4956,0
D,2014-08-01,0.3950,0.3950,0.3900,0.3950,9721,0
D,2014-07-31,0.3950,0.4000,0.3900,0.3900,7272,0
D,2014-07-30,0.3950,0.4000,0.3950,0.3950,4240,0
D,2014-07-25,0.3900,0.3950,0.3900,0.3950,1150,0
D,2014-07-24,0.3950,0.4000,0.3900,0.3900,11309,0
D,2014-07-23,0.3950,0.4000,0.3950,0.4000,1865,0
D,2014-07-22,0.3950,0.3950,0.3900,0.3950,6040,0
D,2014-07-21,0.4000,0.4000,0.3950,0.3950,3107,0
D,2014-07-18,0.4000,0.4000,0.3950,0.4000,7823,0
D,2014-07-17,0.4000,0.4050,0.4000,0.4050,2160,0
D,2014-07-16,0.4000,0.4000,0.3950,0.4000,3944,0
D,2014-07-14,0.3950,0.4000,0.3950,0.3950,3230,0
D,2014-07-11,0.4050,0.4050,0.3950,0.3950,3690,0
D,2014-07-10,0.4050,0.4050,0.3950,0.4000,1566,0
D,2014-07-09,0.4150,0.4150,0.4000,0.4050,4452,0
D,2014-07-08,0.3900,0.4200,0.3900,0.4200,15878,0
D,2014-07-07,0.3900,0.3900,0.3850,0.3900,3518,0
D,2014-07-04,0.3900,0.3900,0.3850,0.3900,1560,0
D,2014-07-03,0.3850,0.3900,0.3850,0.3850,1340,0
D,2014-07-02,0.3900,0.3900,0.3850,0.3850,943,0
D,2014-07-01,0.3950,0.4000,0.3950,0.3950,5803,0
D,2014-06-30,0.3900,0.3950,0.3900,0.3950,4394,0
D,2014-06-27,0.3900,0.3950,0.3850,0.3900,2775,0
D,2014-06-26,0.3850,0.3900,0.3850,0.3900,4150,0
D,2014-06-25,0.3900,0.3950,0.3850,0.3850,3920,0
D,2014-06-24,0.4000,0.4000,0.3900,0.3900,4900,0
D,2014-06-23,0.4050,0.4050,0.4000,0.4000,2418,0
D,2014-06-20,0.4100,0.4100,0.3950,0.4000,5409,0
D,2014-06-19,0.4200,0.4200,0.4100,0.4100,6920,0
D,2014-06-18,0.3950,0.4250,0.3950,0.4150,23611,0
D,2014-06-17,0.3900,0.4000,0.3900,0.3950,5732,0
D,2014-06-16,0.3850,0.3850,0.3850,0.3850,2970,0
D,2014-06-13,0.3750,0.3850,0.3750,0.3850,2780,0
D,2014-06-12,0.3750,0.3750,0.3750,0.3750,1365,0
D,2014-06-11,0.3650,0.3750,0.3650,0.3750,4975,0
D,2014-06-10,0.3650,0.3700,0.3650,0.3650,3905,0
D,2014-06-09,0.3650,0.3700,0.3650,0.3700,2684,0
D,2014-06-06,0.3650,0.3700,0.3650,0.3650,5750,0
D,2014-06-05,0.3700,0.3700,0.3650,0.3650,2387,0
D,2014-06-04,0.3700,0.3700,0.3600,0.3700,7650,0
D,2014-06-03,0.3750,0.3750,0.3700,0.3700,4310,0
D,2014-06-02,0.3700,0.3750,0.3700,0.3750,4370,0
D,2014-05-30,0.3750,0.3750,0.3700,0.3700,5148,0
D,2014-05-29,0.3850,0.3850,0.3750,0.3750,24264,0
D,2014-05-28,0.3850,0.3850,0.3850,0.3850,4273,0
D,2014-05-27,0.3850,0.3900,0.3800,0.3800,1834,0
D,2014-05-26,0.3900,0.3900,0.3850,0.3850,1656,0
D,2014-05-23,0.3850,0.3850,0.3800,0.3800,6090,0
D,2014-05-22,0.3900,0.3900,0.3850,0.3850,6777,0
D,2014-05-21,0.3850,0.3900,0.3800,0.3900,9380,0
D,2014-05-20,0.3850,0.3900,0.3800,0.3900,8867,0
D,2014-05-19,0.3900,0.3950,0.3850,0.3850,8619,0
D,2014-05-16,0.4000,0.4000,0.3900,0.3900,10580,0
D,2014-05-15,0.3850,0.4000,0.3850,0.4000,22521,0
D,2014-05-14,0.3850,0.3850,0.3750,0.3850,29573,0
D,2014-05-12,0.4000,0.4050,0.3850,0.3850,19583,0
D,2014-05-09,0.4150,0.4150,0.3900,0.4050,28515,0
D,2014-05-08,0.4150,0.4200,0.4150,0.4200,12193,0
D,2014-05-07,0.4250,0.4250,0.4150,0.4150,18502,0
D,2014-05-06,0.4350,0.4350,0.4300,0.4300,6360,0
D,2014-05-05,0.4550,0.4550,0.4350,0.4350,30899,0
D,2014-05-02,0.4500,0.4550,0.4500,0.4500,8354,0
D,2014-04-30,0.4450,0.4500,0.4450,0.4450,8282,0
D,2014-04-29,0.4500,0.4500,0.4250,0.4400,23814,0
D,2014-04-28,0.4600,0.4650,0.4500,0.4500,19984,0
D,2014-04-25,0.4650,0.4650,0.4600,0.4600,10231,0
D,2014-04-24,0.4700,0.4700,0.4650,0.4650,16171,0
D,2014-04-23,0.4650,0.4800,0.4650,0.4650,28832,0
D,2014-04-22,0.4600,0.4650,0.4600,0.4600,23061,0
D,2014-04-21,0.4600,0.4650,0.4550,0.4600,17490,0
D,2014-04-18,0.4550,0.4600,0.4500,0.4550,19170,0
D,2014-04-17,0.4550,0.4650,0.4500,0.4500,25017,0
D,2014-04-16,0.4350,0.4600,0.4350,0.4500,26966,0
D,2014-04-15,0.4350,0.4400,0.4300,0.4350,9253,0
D,2014-04-14,0.4300,0.4400,0.4300,0.4400,7560,0
D,2014-04-11,0.4350,0.4400,0.4350,0.4350,13978,0
D,2014-04-10,0.4350,0.4400,0.4350,0.4400,8770,0
D,2014-04-09,0.4350,0.4400,0.4350,0.4350,13638,0
D,2014-04-08,0.4350,0.4400,0.4350,0.4400,9594,0
D,2014-04-07,0.4500,0.4650,0.4400,0.4400,82095,0
D,2014-04-04,0.4400,0.4500,0.4350,0.4500,18273,0
D,2014-04-03,0.4350,0.4450,0.4300,0.4400,24503,0
D,2014-04-02,0.4300,0.4500,0.4250,0.4350,37998,0
D,2014-04-01,0.4300,0.4300,0.4200,0.4300,12641,0
D,2014-03-31,0.4400,0.4400,0.4250,0.4300,18736,0
D,2014-03-28,0.4200,0.4500,0.4200,0.4400,68048,0
D,2014-03-27,0.4250,0.4300,0.4200,0.4250,23302,0
D,2014-03-26,0.4300,0.4450,0.4200,0.4200,73115,0
D,2014-03-25,0.4600,0.4600,0.4250,0.4300,71323,0
D,2014-03-24,0.4500,0.4750,0.4300,0.4750,216964,0
D,2014-03-21,0.3500,0.4200,0.3500,0.4200,64913,0
D,2014-03-20,0.3500,0.3500,0.3500,0.3500,594,0
D,2014-03-19,0.3600,0.3600,0.3500,0.3500,1100,0
D,2014-03-18,0.3550,0.3550,0.3550,0.3550,1191,0
D,2014-03-17,0.3550,0.3550,0.3550,0.3550,611,0
D,2014-03-14,0.3550,0.3550,0.3550,0.3550,200,0
D,2014-03-13,0.3600,0.3600,0.3600,0.3600,3250,0
D,2014-03-12,0.3600,0.3600,0.3600,0.3600,1850,0
D,2014-03-11,0.3600,0.3650,0.3550,0.3550,1780,0
D,2014-03-10,0.3600,0.3600,0.3600,0.3600,650,0
D,2014-03-07,0.3600,0.3650,0.3600,0.3600,1550,0
D,2014-03-06,0.3650,0.3650,0.3600,0.3600,5190,0
D,2014-03-05,0.3650,0.3700,0.3600,0.3600,5182,0
D,2014-03-04,0.3650,0.3650,0.3600,0.3650,6888,0
D,2014-03-03,0.3650,0.3650,0.3600,0.3600,6480,0
D,2014-02-28,0.3650,0.3650,0.3600,0.3600,6645,0
D,2014-02-27,0.3700,0.3700,0.3650,0.3650,5301,0
D,2014-02-26,0.3750,0.3750,0.3700,0.3750,6045,0
D,2014-02-25,0.3650,0.3750,0.3650,0.3750,7107,0
D,2014-02-24,0.3600,0.3650,0.3600,0.3600,7794,0
D,2014-02-21,0.3650,0.3650,0.3650,0.3650,4205,0
D,2014-02-20,0.3700,0.3700,0.3650,0.3700,2183,0
D,2014-02-19,0.3650,0.3700,0.3600,0.3700,3538,0
D,2014-02-18,0.3600,0.3650,0.3600,0.3650,8610,0
D,2014-02-17,0.3650,0.3650,0.3600,0.3600,1668,0
D,2014-02-14,0.3650,0.3650,0.3600,0.3650,4174,0
D,2014-02-13,0.3700,0.3700,0.3600,0.3650,7915,0
D,2014-02-12,0.3700,0.3750,0.3700,0.3700,3624,0
D,2014-02-11,0.3750,0.3750,0.3650,0.3750,5450,0
D,2014-02-10,0.3750,0.3800,0.3750,0.3800,9117,0
D,2014-02-07,0.3650,0.3800,0.3650,0.3750,21458,0
D,2014-02-06,0.3600,0.3600,0.3600,0.3600,1673,0
D,2014-02-05,0.3600,0.3600,0.3600,0.3600,2847,0
D,2014-02-04,0.3600,0.3600,0.3550,0.3600,2270,0
D,2014-01-30,0.3550,0.3550,0.3550,0.3550,990,0
D,2014-01-29,0.3600,0.3600,0.3550,0.3600,3220,0
D,2014-01-28,0.3550,0.3550,0.3550,0.3550,2380,0
D,2014-01-27,0.3550,0.3550,0.3500,0.3500,4482,0
D,2014-01-24,0.3650,0.3650,0.3600,0.3650,3472,0
D,2014-01-23,0.3700,0.3750,0.3650,0.3700,9756,0
D,2014-01-22,0.3600,0.3800,0.3600,0.3700,21090,0
D,2014-01-21,0.3400,0.3500,0.3400,0.3500,7700,0
D,2014-01-20,0.3400,0.3400,0.3350,0.3350,3986,0
D,2014-01-16,0.3450,0.3450,0.3400,0.3400,3209,0
D,2014-01-15,0.3450,0.3500,0.3450,0.3450,5392,0
D,2014-01-13,0.3500,0.3500,0.3450,0.3450,3587,0
D,2014-01-10,0.3500,0.3500,0.3450,0.3500,4740,0
D,2014-01-09,0.3500,0.3500,0.3500,0.3500,1863,0
D,2014-01-08,0.3500,0.3550,0.3500,0.3500,2763,0
D,2014-01-07,0.3500,0.3500,0.3450,0.3450,2160,0
D,2014-01-06,0.3500,0.3500,0.3450,0.3500,1809,0
D,2014-01-03,0.3450,0.3500,0.3450,0.3450,3456,0
D,2014-01-02,0.3450,0.3450,0.3450,0.3450,3184,0
D,2013-12-31,0.3450,0.3450,0.3450,0.3450,1985,0
D,2013-12-30,0.3450,0.3450,0.3450,0.3450,3250,0
D,2013-12-27,0.3450,0.3500,0.3400,0.3450,3600,0
D,2013-12-26,0.3450,0.3500,0.3450,0.3500,1786,0
D,2013-12-24,0.3450,0.3450,0.3400,0.3400,525,0
D,2013-12-23,0.3450,0.3500,0.3350,0.3350,3780,0
D,2013-12-20,0.3450,0.3450,0.3450,0.3450,1451,0
D,2013-12-19,0.3550,0.3550,0.3400,0.3450,5220,0
D,2013-12-18,0.3500,0.3500,0.3500,0.3500,2100,0
D,2013-12-17,0.3500,0.3550,0.3450,0.3500,10900,0
D,2013-12-16,0.3450,0.3500,0.3450,0.3500,15331,0
D,2013-12-13,0.3450,0.3450,0.3450,0.3450,4600,0
D,2013-12-12,0.3500,0.3500,0.3450,0.3450,4610,0
D,2013-12-11,0.3550,0.3550,0.3500,0.3500,12510,0
D,2013-12-10,0.3500,0.3550,0.3500,0.3500,3600,0
D,2013-12-09,0.3550,0.3550,0.3500,0.3500,3900,0
D,2013-12-06,0.3550,0.3550,0.3500,0.3550,3943,0
D,2013-12-05,0.3550,0.3600,0.3550,0.3600,1823,0
D,2013-12-04,0.3600,0.3600,0.3550,0.3550,6600,0
D,2013-12-03,0.3650,0.3650,0.3600,0.3600,3741,0
D,2013-12-02,0.3650,0.3650,0.3650,0.3650,10510,0
D,2013-11-29,0.3600,0.3600,0.3550,0.3600,8500,0
D,2013-11-28,0.3650,0.3650,0.3550,0.3550,3980,0
D,2013-11-27,0.3650,0.3650,0.3600,0.3600,7098,0
D,2013-11-26,0.3600,0.3650,0.3600,0.3600,5760,0
D,2013-11-25,0.3600,0.3650,0.3550,0.3650,4675,0
D,2013-11-22,0.3550,0.3600,0.3550,0.3600,3876,0
D,2013-11-21,0.3600,0.3600,0.3550,0.3550,6590,0
D,2013-11-20,0.3600,0.3600,0.3500,0.3600,7549,0
D,2013-11-19,0.3650,0.3650,0.3550,0.3600,12030,0
D,2013-11-18,0.3550,0.3650,0.3550,0.3600,8411,0
D,2013-11-15,0.3550,0.3600,0.3550,0.3550,12960,0
D,2013-11-14,0.3550,0.3600,0.3550,0.3550,11350,0
D,2013-11-13,0.3700,0.3700,0.3550,0.3550,14921,0
D,2013-11-12,0.3700,0.3750,0.3700,0.3700,8321,0
D,2013-11-11,0.3700,0.3750,0.3600,0.3650,23708,0
D,2013-11-08,0.3600,0.3750,0.3600,0.3650,18801,0
D,2013-11-07,0.3750,0.3750,0.3600,0.3650,13912,0
D,2013-11-06,0.3800,0.3900,0.3700,0.3700,12580,0
D,2013-11-04,0.3850,0.3900,0.3850,0.3850,48920,0
D,2013-11-01,0.3400,0.3800,0.3400,0.3750,29167,0
D,2013-10-31,0.3450,0.3450,0.3350,0.3400,7024,0
D,2013-10-30,0.3500,0.3500,0.3400,0.3450,3490,0
D,2013-10-29,0.3450,0.3500,0.3400,0.3450,6724,0
D,2013-10-28,0.3450,0.3500,0.3450,0.3450,7802,0
D,2013-10-25,0.3500,0.3500,0.3400,0.3450,7681,0
D,2013-10-24,0.3500,0.3550,0.3450,0.3500,14384,0
D,2013-10-23,0.3300,0.3500,0.3300,0.3450,21357,0
D,2013-10-22,0.3250,0.3300,0.3250,0.3250,7052,0
D,2013-10-21,0.3250,0.3250,0.3250,0.3250,3962,0
D,2013-10-18,0.3250,0.3250,0.3250,0.3250,2906,0
D,2013-10-17,0.3250,0.3300,0.3250,0.3250,11878,0
D,2013-10-16,0.3300,0.3300,0.3250,0.3250,7633,0
D,2013-10-14,0.3350,0.3350,0.3250,0.3350,4597,0
D,2013-10-11,0.3350,0.3400,0.3350,0.3350,4348,0
D,2013-10-10,0.3350,0.3400,0.3350,0.3350,12456,0
D,2013-10-09,0.3400,0.3400,0.3350,0.3350,6290,0
D,2013-10-08,0.3350,0.3450,0.3350,0.3400,11866,0
D,2013-10-07,0.3350,0.3400,0.3300,0.3350,4145,0
D,2013-10-04,0.3350,0.3400,0.3300,0.3300,8496,0
D,2013-10-03,0.3450,0.3450,0.3350,0.3350,9738,0
D,2013-10-02,0.3450,0.3500,0.3450,0.3450,12386,0
D,2013-10-01,0.3300,0.3450,0.3300,0.3400,19163,0
D,2013-09-30,0.3350,0.3350,0.3250,0.3250,14515,0
D,2013-09-27,0.3350,0.3400,0.3350,0.3350,7710,0
D,2013-09-26,0.3300,0.3350,0.3300,0.3300,8792,0
D,2013-09-25,0.3350,0.3400,0.3250,0.3300,16126,0
D,2013-09-24,0.3450,0.3450,0.3350,0.3350,19057,0
D,2013-09-23,0.3450,0.3500,0.3400,0.3500,23686,0
D,2013-09-20,0.3500,0.3500,0.3450,0.3500,23790,0
D,2013-09-19,0.3450,0.3550,0.3450,0.3550,49545,0
D,2013-09-18,0.3350,0.3550,0.3350,0.3400,64667,0
D,2013-09-17,0.3050,0.3300,0.3050,0.3200,32058,0
D,2013-09-13,0.3000,0.3050,0.2950,0.3050,12917,0
D,2013-09-12,0.3100,0.3100,0.3000,0.3000,5693,0
D,2013-09-11,0.3150,0.3150,0.3100,0.3100,26213,0
D,2013-09-10,0.3050,0.3150,0.3000,0.3100,33590,0
D,2013-09-09,0.2750,0.3100,0.2750,0.3000,37454,0
D,2013-09-06,0.2750,0.2750,0.2700,0.2750,5125,0
D,2013-09-05,0.2750,0.2750,0.2700,0.2750,13480,0
D,2013-09-04,0.2800,0.2800,0.2650,0.2700,22409,0
D,2013-09-03,0.2750,0.2800,0.2750,0.2800,6755,0
D,2013-09-02,0.2850,0.2900,0.2700,0.2700,14424,0
D,2013-08-30,0.2850,0.2900,0.2800,0.2850,17705,0
D,2013-08-29,0.2850,0.2900,0.2800,0.2850,19324,0
D,2013-08-28,0.2650,0.2850,0.2350,0.2800,56897,0
D,2013-08-27,0.3300,0.3300,0.2750,0.2800,77379,0
D,2013-08-26,0.3250,0.3300,0.3250,0.3300,11310,0
D,2013-08-23,0.3350,0.3400,0.3250,0.3250,24998,0
D,2013-08-22,0.3400,0.3400,0.3200,0.3300,35564,0
D,2013-08-21,0.3400,0.3500,0.3400,0.3450,24853,0
D,2013-08-20,0.3600,0.3600,0.3200,0.3350,59616,0
D,2013-08-19,0.3900,0.4000,0.3550,0.3600,84599,0
D,2013-08-16,0.3550,0.3850,0.3500,0.3850,84349,0
D,2013-08-15,0.3300,0.3550,0.3300,0.3550,58393,0
D,2013-08-14,0.3250,0.3300,0.3250,0.3300,12856,0
D,2013-08-13,0.3250,0.3300,0.3200,0.3250,17175,0
D,2013-08-12,0.3150,0.3300,0.3150,0.3250,28963,0
D,2013-08-07,0.2900,0.3150,0.2850,0.3100,47454,0
D,2013-08-06,0.2800,0.2900,0.2800,0.2850,6438,0
D,2013-08-05,0.2800,0.2800,0.2750,0.2800,7917,0
D,2013-08-02,0.2800,0.2800,0.2750,0.2800,9422,0
D,2013-08-01,0.2700,0.2800,0.2700,0.2750,16689,0
D,2013-07-31,0.2800,0.2800,0.2650,0.2700,15211,0
D,2013-07-30,0.2700,0.2850,0.2700,0.2800,16659,0
D,2013-07-29,0.2800,0.2850,0.2700,0.2750,12930,0
D,2013-07-26,0.2850,0.2900,0.2800,0.2800,23731,0
D,2013-07-25,0.2950,0.2950,0.2850,0.2850,11006,0
D,2013-07-24,0.2800,0.3000,0.2800,0.2900,62072,0
D,2013-07-23,0.2800,0.2800,0.2750,0.2800,18986,0
D,2013-07-22,0.2750,0.2800,0.2700,0.2800,27417,0
D,2013-07-19,0.2800,0.2800,0.2650,0.2700,19381,0
D,2013-07-18,0.2750,0.2800,0.2700,0.2800,18358,0
D,2013-07-17,0.2450,0.2750,0.2450,0.2700,35800,0
D,2013-07-16,0.2450,0.2450,0.2400,0.2450,9871,0
D,2013-07-15,0.2400,0.2450,0.2350,0.2450,5179,0
D,2013-07-12,0.2400,0.2400,0.2400,0.2400,2050,0
D,2013-07-11,0.2350,0.2350,0.2350,0.2350,1300,0
D,2013-07-10,0.2350,0.2400,0.2350,0.2400,3035,0
D,2013-07-09,0.2350,0.2400,0.2300,0.2300,7258,0
D,2013-07-08,0.2350,0.2350,0.2300,0.2300,1472,0
D,2013-07-05,0.2300,0.2350,0.2300,0.2350,3560,0
D,2013-07-04,0.2250,0.2300,0.2250,0.2300,4806,0
D,2013-07-03,0.2300,0.2300,0.2200,0.2250,18768,0
D,2013-07-02,0.2350,0.2350,0.2300,0.2300,5667,0
D,2013-07-01,0.2350,0.2350,0.2300,0.2350,3660,0
D,2013-06-28,0.2400,0.2400,0.2300,0.2350,9360,0
D,2013-06-27,0.2400,0.2400,0.2350,0.2350,11260,0
D,2013-06-26,0.2400,0.2450,0.2350,0.2450,8380,0
D,2013-06-25,0.2350,0.2400,0.2350,0.2400,25080,0
D,2013-06-24,0.2450,0.2450,0.2300,0.2350,15620,0
D,2013-06-21,0.2400,0.2500,0.2300,0.2450,32908,0
D,2013-06-20,0.2350,0.2450,0.2350,0.2450,24721,0
D,2013-06-19,0.2200,0.2400,0.2200,0.2350,43520,0
D,2013-06-18,0.2150,0.2200,0.2150,0.2200,11906,0
D,2013-06-17,0.2100,0.2150,0.2100,0.2150,2790,0
D,2013-06-14,0.2150,0.2150,0.2150,0.2150,1340,0
D,2013-06-13,0.2150,0.2150,0.2100,0.2150,8791,0
D,2013-06-12,0.2150,0.2200,0.2150,0.2200,5482,0
D,2013-06-11,0.2150,0.2200,0.2150,0.2200,4991,0
D,2013-06-10,0.2150,0.2200,0.2150,0.2150,8231,0
D,2013-06-07,0.2100,0.2150,0.2100,0.2150,6650,0
D,2013-06-06,0.2100,0.2100,0.2050,0.2100,10908,0
D,2013-06-05,0.2150,0.2150,0.2100,0.2150,13540,0
D,2013-06-04,0.2200,0.2200,0.2150,0.2150,4081,0
D,2013-06-03,0.2150,0.2200,0.2150,0.2200,10050,0
D,2013-05-31,0.2200,0.2250,0.2150,0.2200,22316,0
D,2013-05-30,0.2150,0.2200,0.2100,0.2200,25376,0
D,2013-05-29,0.2150,0.2150,0.2100,0.2150,8700,0
D,2013-05-28,0.2100,0.2150,0.2050,0.2150,23236,0
D,2013-05-27,0.2000,0.2050,0.2000,0.2050,9444,0
D,2013-05-23,0.1950,0.2100,0.1950,0.2000,49190,0
D,2013-05-22,0.1950,0.1950,0.1850,0.1950,20503,0
D,2013-05-21,0.1950,0.1950,0.1900,0.1900,2410,0
D,2013-05-20,0.1900,0.1950,0.1900,0.1950,6935,0
D,2013-05-17,0.1900,0.1900,0.1850,0.1900,8360,0
D,2013-05-16,0.1850,0.1900,0.1850,0.1850,16502,0
D,2013-05-15,0.1800,0.1850,0.1800,0.1800,2310,0
D,2013-05-14,0.1850,0.1850,0.1800,0.1800,3815,0
D,2013-05-13,0.1800,0.1850,0.1800,0.1850,8828,0
D,2013-05-10,0.1800,0.1800,0.1800,0.1800,10833,0
D,2013-05-09,0.1850,0.1850,0.1800,0.1800,9116,0
D,2013-05-08,0.1800,0.1850,0.1750,0.1850,9479,0
D,2013-05-07,0.1750,0.1850,0.1750,0.1800,31753,0
D,2013-05-06,0.1750,0.1750,0.1750,0.1750,3715,0
D,2013-05-03,0.1750,0.1750,0.1700,0.1700,4500,0
D,2013-05-02,0.1750,0.1750,0.1700,0.1700,1660,0
D,2013-04-30,0.1750,0.1750,0.1700,0.1750,13923,0
D,2013-04-29,0.1750,0.1750,0.1700,0.1700,553,0
D,2013-04-26,0.1750,0.1750,0.1700,0.1700,15094,0
D,2013-04-25,0.1750,0.1750,0.1750,0.1750,14311,0
D,2013-04-24,0.1750,0.1750,0.1750,0.1750,2000,0
D,2013-04-23,0.1750,0.1750,0.1700,0.1750,3240,0
D,2013-04-22,0.1750,0.1750,0.1750,0.1750,1000,0
D,2013-04-19,0.1700,0.1750,0.1700,0.1750,9390,0
D,2013-04-18,0.1750,0.1750,0.1750,0.1750,3050,0
D,2013-04-17,0.1750,0.1750,0.1750,0.1750,19122,0
D,2013-04-16,0.1800,0.1800,0.1800,0.1800,0,0
D,2013-04-15,0.1800,0.1800,0.1800,0.1800,3000,0
D,2013-04-12,0.1800,0.1800,0.1750,0.1800,1206,0
D,2013-04-11,0.1800,0.1850,0.1800,0.1800,3600,0
D,2013-04-10,0.1850,0.1850,0.1800,0.1800,1170,0
D,2013-04-09,0.1800,0.1800,0.1800,0.1800,0,0
D,2013-04-08,0.1800,0.1850,0.1750,0.1800,8730,0
D,2013-04-05,0.1800,0.1800,0.1800,0.1800,0,0
D,2013-04-04,0.1750,0.1800,0.1750,0.1800,470,0
D,2013-04-03,0.1800,0.1800,0.1750,0.1750,1600,0
D,2013-04-02,0.1750,0.1850,0.1750,0.1800,1500,0
D,2013-04-01,0.1850,0.1850,0.1750,0.1750,2180,0
D,2013-03-29,0.1800,0.1850,0.1750,0.1850,1924,0
D,2013-03-28,0.1850,0.1850,0.1800,0.1850,510,0
D,2013-03-27,0.1800,0.1800,0.1800,0.1800,800,0
D,2013-03-26,0.1800,0.1800,0.1800,0.1800,1130,0
D,2013-03-25,0.1750,0.1750,0.1750,0.1750,0,0
D,2013-03-22,0.1750,0.1750,0.1750,0.1750,2854,0
D,2013-03-21,0.1800,0.1800,0.1800,0.1800,2000,0
D,2013-03-20,0.1750,0.1800,0.1750,0.1750,2890,0
D,2013-03-19,0.1750,0.1750,0.1750,0.1750,1650,0
D,2013-03-18,0.1800,0.1800,0.1750,0.1750,1040,0
D,2013-03-15,0.1750,0.1750,0.1750,0.1750,125,0
D,2013-03-14,0.1750,0.1750,0.1750,0.1750,1475,0
D,2013-03-13,0.1800,0.1800,0.1750,0.1800,2412,0
D,2013-03-12,0.1750,0.1750,0.1750,0.1750,144,0
D,2013-03-11,0.1750,0.1750,0.1750,0.1750,1600,0
D,2013-03-08,0.1750,0.1750,0.1750,0.1750,1200,0
D,2013-03-07,0.1750,0.1750,0.1750,0.1750,0,0
D,2013-03-06,0.1750,0.1750,0.1750,0.1750,998,0
D,2013-03-05,0.1700,0.1750,0.1700,0.1750,3908,0
D,2013-03-04,0.1750,0.1750,0.1750,0.1750,0,0
D,2013-03-01,0.1700,0.1750,0.1700,0.1750,2008,0
D,2013-02-28,0.1700,0.1700,0.1700,0.1700,0,0
D,2013-02-27,0.1700,0.1750,0.1700,0.1700,4500,0
D,2013-02-26,0.1700,0.1700,0.1700,0.1700,3000,0
D,2013-02-25,0.1700,0.1700,0.1700,0.1700,1000,0
D,2013-02-22,0.1700,0.1700,0.1700,0.1700,1565,0
D,2013-02-21,0.1650,0.1650,0.1650,0.1650,0,0
D,2013-02-20,0.1650,0.1650,0.1650,0.1650,28,0
D,2013-02-19,0.1750,0.1750,0.1750,0.1750,0,0
D,2013-02-18,0.1750,0.1750,0.1750,0.1750,0,0
D,2013-02-15,0.1700,0.1750,0.1700,0.1750,900,0
D,2013-02-14,0.1750,0.1750,0.1700,0.1750,2090,0
D,2013-02-13,0.1700,0.1700,0.1700,0.1700,0,0
D,2013-02-08,0.1700,0.1700,0.1700,0.1700,360,0
D,2013-02-07,0.1700,0.1750,0.1700,0.1750,3400,0
D,2013-02-06,0.1700,0.1700,0.1700,0.1700,1920,0
D,2013-02-05,0.1700,0.1700,0.1700,0.1700,750,0
D,2013-02-04,0.1750,0.1750,0.1750,0.1750,1500,0
D,2013-01-31,0.1750,0.1750,0.1750,0.1750,900,0
D,2013-01-30,0.1750,0.1750,0.1750,0.1750,6360,0
D,2013-01-29,0.1750,0.1750,0.1750,0.1750,4400,0
D,2013-01-25,0.1750,0.1750,0.1700,0.1700,860,0
D,2013-01-23,0.1750,0.1750,0.1750,0.1750,500,0
D,2013-01-22,0.1700,0.1750,0.1700,0.1750,6423,0
D,2013-01-21,0.1750,0.1750,0.1700,0.1750,8225,0
D,2013-01-18,0.1800,0.1800,0.1800,0.1800,500,0
D,2013-01-17,0.1750,0.1750,0.1750,0.1750,600,0
D,2013-01-16,0.1750,0.1800,0.1750,0.1800,1120,0
D,2013-01-15,0.1750,0.1750,0.1750,0.1750,600,0
D,2013-01-14,0.1700,0.1750,0.1700,0.1750,1132,0
D,2013-01-11,0.1750,0.1750,0.1750,0.1750,700,0
D,2013-01-10,0.1750,0.1750,0.1750,0.1750,840,0
D,2013-01-09,0.1700,0.1700,0.1700,0.1700,30,0
D,2013-01-08,0.1750,0.1750,0.1750,0.1750,9,0
D,2013-01-07,0.1750,0.1800,0.1750,0.1750,2510,0
D,2013-01-04,0.1750,0.1750,0.1700,0.1700,820,0
D,2013-01-03,0.1800,0.1800,0.1750,0.1800,311,0
D,2013-01-02,0.1750,0.1750,0.1750,0.1750,136,0
D,2012-12-31,0.1750,0.1750,0.1750,0.1750,1500,0
D,2012-12-28,0.1750,0.1750,0.1700,0.1750,2096,0
D,2012-12-27,0.1750,0.1750,0.1750,0.1750,0,0
D,2012-12-26,0.1750,0.1750,0.1750,0.1750,1500,0
D,2012-12-24,0.1750,0.1750,0.1700,0.1750,1900,0
D,2012-12-21,0.1700,0.1700,0.1700,0.1700,500,0
D,2012-12-20,0.1700,0.1700,0.1700,0.1700,1215,0
D,2012-12-19,0.1700,0.1750,0.1700,0.1750,2345,0
D,2012-12-18,0.1700,0.1700,0.1700,0.1700,3000,0
D,2012-12-17,0.1700,0.1700,0.1700,0.1700,1090,0
D,2012-12-14,0.1700,0.1700,0.1700,0.1700,604,0
D,2012-12-13,0.1700,0.1700,0.1700,0.1700,2345,0
D,2012-12-12,0.1700,0.1700,0.1700,0.1700,2255,0
D,2012-12-11,0.1700,0.1700,0.1700,0.1700,2810,0
D,2012-12-10,0.1700,0.1700,0.1700,0.1700,290,0
D,2012-12-07,0.1700,0.1750,0.1700,0.1700,992,0
D,2012-12-06,0.1750,0.1750,0.1750,0.1750,480,0
D,2012-12-05,0.1750,0.1750,0.1750,0.1750,2900,0
D,2012-12-04,0.1800,0.1800,0.1750,0.1800,689,0
D,2012-12-03,0.1800,0.1800,0.1800,0.1800,2500,0
D,2012-11-30,0.1800,0.1800,0.1750,0.1750,800,0
D,2012-11-29,0.1750,0.1800,0.1750,0.1800,3217,0
D,2012-11-28,0.1800,0.1800,0.1750,0.1750,1613,0
D,2012-11-27,0.1700,0.1750,0.1700,0.1750,3914,0
D,2012-11-26,0.1750,0.1750,0.1750,0.1750,2155,0
D,2012-11-23,0.1750,0.1750,0.1700,0.1750,1560,0
D,2012-11-22,0.1750,0.1750,0.1700,0.1700,130,0
D,2012-11-21,0.1750,0.1750,0.1750,0.1750,2027,0
D,2012-11-20,0.1750,0.1800,0.1750,0.1800,350,0
D,2012-11-19,0.1750,0.1800,0.1750,0.1800,1977,0
D,2012-11-16,0.1750,0.1750,0.1750,0.1750,1500,0
D,2012-11-14,0.1700,0.1750,0.1700,0.1750,4300,0
D,2012-11-12,0.1700,0.1750,0.1700,0.1750,6000,0
D,2012-11-09,0.1750,0.1750,0.1700,0.1700,3673,0
D,2012-11-08,0.1700,0.1700,0.1700,0.1700,1770,0
D,2012-11-07,0.1700,0.1700,0.1700,0.1700,1300,0
D,2012-11-06,0.1700,0.1750,0.1700,0.1700,3980,0
D,2012-11-05,0.1700,0.1700,0.1700,0.1700,1600,0
D,2012-11-02,0.1700,0.1700,0.1700,0.1700,0,0
D,2012-11-01,0.1700,0.1700,0.1700,0.1700,2700,0
D,2012-10-31,0.1700,0.1700,0.1700,0.1700,4900,0
D,2012-10-30,0.1700,0.1700,0.1700,0.1700,2000,0
D,2012-10-29,0.1700,0.1700,0.1700,0.1700,2600,0
D,2012-10-25,0.1650,0.1700,0.1650,0.1700,2000,0
D,2012-10-24,0.1700,0.1750,0.1650,0.1650,920,0
D,2012-10-23,0.1650,0.1750,0.1650,0.1700,11130,0
D,2012-10-22,0.1600,0.1650,0.1600,0.1650,12850,0
D,2012-10-19,0.1600,0.1600,0.1600,0.1600,3900,0
D,2012-10-18,0.1600,0.1600,0.1600,0.1600,2800,0
D,2012-10-17,0.1600,0.1600,0.1600,0.1600,1000,0
D,2012-10-16,0.1550,0.1550,0.1550,0.1550,600,0
D,2012-10-15,0.1500,0.1550,0.1500,0.1550,2555,0
D,2012-10-12,0.1500,0.1500,0.1500,0.1500,500,0
D,2012-10-11,0.1500,0.1550,0.1500,0.1550,8050,0
D,2012-10-10,0.1550,0.1550,0.1500,0.1500,1800,0
D,2012-10-09,0.1550,0.1550,0.1550,0.1550,1290,0
D,2012-10-08,0.1550,0.1550,0.1550,0.1550,0,0
D,2012-10-05,0.1550,0.1550,0.1550,0.1550,0,0
D,2012-10-04,0.1550,0.1550,0.1550,0.1550,1500,0
D,2012-10-03,0.1550,0.1550,0.1550,0.1550,899,0
D,2012-05-03,0.1700,0.1700,0.1700,0.1700,2220,0
D,2012-05-02,0.1700,0.1750,0.1700,0.1750,3000,0
