D,2014-10-14,0.2600,0.2600,0.2400,0.2550,109934,0
D,2014-10-13,0.2800,0.2800,0.2650,0.2650,44312,0
D,2014-10-10,0.2850,0.2850,0.2800,0.2850,33196,0
D,2014-10-09,0.2950,0.3000,0.2900,0.2950,27386,0
D,2014-10-08,0.2950,0.2950,0.2800,0.2900,48345,0
D,2014-10-07,0.3200,0.3200,0.2950,0.3050,23472,0
D,2014-10-03,0.3100,0.3150,0.3050,0.3150,24698,0
D,2014-10-02,0.3250,0.3350,0.3000,0.3000,38500,0
D,2014-10-01,0.3100,0.3350,0.3100,0.3250,153506,0
D,2014-09-30,0.3000,0.3100,0.2950,0.3050,31379,0
D,2014-09-29,0.3000,0.3050,0.2950,0.3000,9745,0
D,2014-09-26,0.2950,0.3050,0.2950,0.3000,15543,0
D,2014-09-25,0.3100,0.3150,0.2950,0.3000,35137,0
D,2014-09-24,0.3050,0.3100,0.3000,0.3100,26304,0
D,2014-09-23,0.3200,0.3200,0.3100,0.3100,24055,0
D,2014-09-22,0.3150,0.3300,0.3150,0.3200,76448,0
D,2014-09-19,0.2950,0.3200,0.2950,0.3100,153451,0
D,2014-09-18,0.3050,0.3050,0.2850,0.2950,124713,0
D,2014-09-17,0.3050,0.3150,0.3050,0.3050,55065,0
D,2014-09-15,0.3150,0.3150,0.3050,0.3050,60534,0
D,2014-09-12,0.3250,0.3300,0.3150,0.3200,42431,0
D,2014-09-11,0.3300,0.3300,0.3200,0.3200,31356,0
D,2014-09-10,0.3300,0.3350,0.3250,0.3300,30386,0
D,2014-09-09,0.3350,0.3350,0.3300,0.3300,23031,0
D,2014-09-08,0.3450,0.3450,0.3250,0.3350,36897,0
D,2014-09-05,0.3450,0.3450,0.3300,0.3450,48212,0
D,2014-09-04,0.3500,0.3500,0.3400,0.3400,23949,0
D,2014-09-03,0.3550,0.3550,0.3450,0.3500,57741,0
D,2014-09-02,0.3400,0.3600,0.3350,0.3550,84762,0
D,2014-08-29,0.3550,0.3550,0.3300,0.3350,75298,0
D,2014-08-28,0.3700,0.3700,0.3500,0.3550,42897,0
D,2014-08-27,0.3550,0.3750,0.3550,0.3600,155744,0
D,2014-08-26,0.3500,0.3550,0.3450,0.3550,46890,0
D,2014-08-25,0.3600,0.3650,0.3450,0.3500,74101,0
D,2014-08-22,0.3700,0.3700,0.3550,0.3600,67912,0
D,2014-08-21,0.3700,0.3700,0.3500,0.3700,104370,0
D,2014-08-20,0.3800,0.3800,0.3600,0.3650,86395,0
D,2014-08-19,0.3800,0.3950,0.3800,0.3800,139552,0
D,2014-08-18,0.3900,0.3900,0.3800,0.3800,98274,0
D,2014-08-15,0.3900,0.3950,0.3850,0.3900,103205,0
D,2014-08-14,0.3950,0.3950,0.3850,0.3950,65064,0
D,2014-08-13,0.3900,0.4000,0.3850,0.3900,202195,0
D,2014-08-12,0.3950,0.3950,0.3850,0.3850,56272,0
D,2014-08-11,0.3950,0.4000,0.3900,0.3900,63549,0
D,2014-08-08,0.4050,0.4050,0.3850,0.3900,141199,0
D,2014-08-07,0.4050,0.4150,0.3950,0.4000,476511,0
D,2014-08-06,0.3950,0.3950,0.3850,0.3850,102798,0
D,2014-08-05,0.4100,0.4100,0.3950,0.4000,79446,0
D,2014-08-04,0.4000,0.4150,0.4000,0.4050,233794,0
D,2014-08-01,0.3950,0.4050,0.3950,0.4000,68465,0
D,2014-07-31,0.4000,0.4100,0.3950,0.4000,126316,0
D,2014-07-30,0.3850,0.4000,0.3850,0.3950,80771,0
D,2014-07-25,0.3850,0.3850,0.3750,0.3800,51189,0
D,2014-07-24,0.3950,0.3950,0.3800,0.3800,61067,0
D,2014-07-23,0.3900,0.4000,0.3900,0.3900,103196,0
D,2014-07-22,0.3950,0.3950,0.3900,0.3900,54536,0
D,2014-07-21,0.4000,0.4050,0.3900,0.3950,104659,0
D,2014-07-18,0.4000,0.4050,0.3900,0.3950,123803,0
D,2014-07-17,0.4200,0.4200,0.4000,0.4050,260812,0
D,2014-07-16,0.4200,0.4250,0.4100,0.4150,182484,0
D,2014-07-14,0.4150,0.4300,0.4150,0.4200,377606,0
D,2014-07-11,0.4050,0.4150,0.4000,0.4100,255524,0
D,2014-07-10,0.4000,0.4200,0.3950,0.4050,491658,0
D,2014-07-09,0.4000,0.4100,0.3950,0.3950,197241,0
D,2014-07-08,0.4050,0.4100,0.4000,0.4000,184944,0
D,2014-07-07,0.4000,0.4100,0.3950,0.4050,136211,0
D,2014-07-04,0.4050,0.4200,0.4000,0.4000,601817,0
D,2014-07-03,0.4050,0.4150,0.4000,0.4050,363715,0
D,2014-07-02,0.3900,0.4150,0.3900,0.4000,623813,0
D,2014-07-01,0.3900,0.4050,0.3850,0.3900,135144,0
D,2014-06-30,0.3800,0.3950,0.3800,0.3950,280257,0
D,2014-06-27,0.3750,0.3850,0.3750,0.3750,52132,0
D,2014-06-26,0.3700,0.3850,0.3650,0.3750,132639,0
D,2014-06-25,0.3850,0.3850,0.3600,0.3650,146240,0
D,2014-06-24,0.3850,0.4000,0.3800,0.3850,102209,0
D,2014-06-23,0.3850,0.3950,0.3800,0.3800,72902,0
D,2014-06-20,0.4150,0.4150,0.3850,0.3850,378521,0
D,2014-06-19,0.3900,0.4200,0.3900,0.4150,282641,0
D,2014-06-18,0.3900,0.3950,0.3800,0.3900,76476,0
D,2014-06-17,0.3800,0.3950,0.3750,0.3900,189920,0
D,2014-06-16,0.3850,0.3850,0.3750,0.3750,43573,0
D,2014-06-13,0.3800,0.3900,0.3750,0.3800,174133,0
D,2014-06-12,0.3700,0.3850,0.3650,0.3800,188775,0
D,2014-06-11,0.3600,0.3750,0.3550,0.3700,111841,0
D,2014-06-10,0.3650,0.3650,0.3550,0.3550,20764,0
D,2014-06-09,0.3600,0.3700,0.3550,0.3600,60995,0
D,2014-06-06,0.3750,0.3850,0.3600,0.3600,181070,0
D,2014-06-05,0.3500,0.3750,0.3500,0.3750,240032,0
D,2014-06-04,0.3500,0.3600,0.3400,0.3450,164982,0
D,2014-06-03,0.3550,0.3550,0.3450,0.3450,78433,0
D,2014-06-02,0.3600,0.3650,0.3500,0.3550,129440,0
D,2014-05-30,0.3650,0.3700,0.3550,0.3550,99431,0
D,2014-05-29,0.3800,0.3900,0.3650,0.3650,294190,0
D,2014-05-28,0.3800,0.3800,0.3650,0.3650,176019,0
D,2014-05-27,0.3250,0.3750,0.3200,0.3750,637800,0
D,2014-05-26,0.3200,0.3300,0.3200,0.3250,116980,0
D,2014-05-23,0.3200,0.3200,0.3050,0.3200,151970,0
D,2014-05-22,0.3250,0.3300,0.3150,0.3200,61914,0
D,2014-05-21,0.3250,0.3300,0.3150,0.3250,127031,0
D,2014-05-20,0.3250,0.3300,0.3100,0.3250,130325,0
D,2014-05-19,0.3300,0.3350,0.3250,0.3250,112049,0
D,2014-05-16,0.3350,0.3400,0.3250,0.3300,101182,0
D,2014-05-15,0.3300,0.3550,0.3300,0.3350,347102,0
D,2014-05-14,0.3300,0.3400,0.3250,0.3300,184610,0
D,2014-05-12,0.3300,0.3350,0.3200,0.3250,124463,0
D,2014-05-09,0.3300,0.3400,0.3250,0.3300,127615,0
D,2014-05-08,0.3350,0.3450,0.3300,0.3300,162195,0
D,2014-05-07,0.3450,0.3500,0.3300,0.3350,241862,0
D,2014-05-06,0.3050,0.3450,0.3050,0.3450,393082,0
D,2014-05-05,0.3450,0.3450,0.3050,0.3100,379188,0
D,2014-05-02,0.3650,0.3650,0.3450,0.3450,203116,0
D,2014-04-30,0.3500,0.3750,0.3500,0.3650,156896,0
D,2014-04-29,0.3650,0.3650,0.3400,0.3550,187308,0
D,2014-04-28,0.3950,0.4000,0.3600,0.3650,306595,0
D,2014-04-25,0.3600,0.3950,0.3550,0.3950,728376,0
D,2014-04-24,0.3400,0.3650,0.3350,0.3500,458764,0
D,2014-04-23,0.3800,0.3800,0.3400,0.3450,591452,0
D,2014-04-22,0.3900,0.3900,0.3700,0.3800,291751,0
D,2014-04-21,0.4250,0.4350,0.3750,0.3950,453550,0
D,2014-04-18,0.4200,0.4500,0.4000,0.4250,469235,0
D,2014-04-17,0.4250,0.4550,0.4200,0.4200,1209388,0
D,2014-04-16,0.3900,0.4200,0.3800,0.4150,853152,0
D,2014-04-15,0.3800,0.3950,0.3750,0.3800,654562,0
D,2014-04-14,0.3750,0.3850,0.3700,0.3800,402227,0
D,2014-04-11,0.3650,0.3950,0.3600,0.3750,1490273,0
D,2014-04-10,0.3500,0.3750,0.3400,0.3700,1213060,0
D,2014-04-09,0.3600,0.3700,0.3450,0.3450,354317,0
D,2014-04-08,0.3600,0.3600,0.3350,0.3550,599665,0
D,2014-04-07,0.3550,0.3900,0.3500,0.3550,1755748,0
D,2014-04-04,0.2850,0.3400,0.2850,0.3400,1911893,0
D,2014-04-03,0.2850,0.2900,0.2650,0.2750,578813,0
D,2014-04-02,0.2450,0.2950,0.2450,0.2800,1172073,0
D,2014-04-01,0.2400,0.2500,0.2400,0.2450,142302,0
D,2014-03-31,0.2450,0.2500,0.2350,0.2400,243339,0
D,2014-03-28,0.2300,0.2500,0.2300,0.2400,585978,0
D,2014-03-27,0.2200,0.2400,0.2150,0.2300,591172,0
D,2014-03-26,0.2150,0.2200,0.2100,0.2200,132708,0
D,2014-03-25,0.2050,0.2250,0.2050,0.2150,809752,0
D,2014-03-24,0.2100,0.2100,0.2050,0.2050,62638,0
D,2014-03-21,0.2000,0.2100,0.2000,0.2050,169166,0
D,2014-03-20,0.2100,0.2100,0.2000,0.2000,150007,0
D,2014-03-19,0.2050,0.2100,0.2000,0.2050,222447,0
D,2014-03-18,0.2100,0.2100,0.2000,0.2050,136359,0
D,2014-03-17,0.2050,0.2150,0.2000,0.2050,494438,0
D,2014-03-14,0.2000,0.2050,0.1950,0.2050,437401,0
D,2014-03-13,0.2000,0.2150,0.1900,0.2050,928841,0
D,2014-03-12,0.1650,0.2000,0.1600,0.1900,640152,0
D,2014-03-11,0.1650,0.1750,0.1600,0.1600,215993,0
D,2014-03-10,0.1700,0.1700,0.1600,0.1650,102700,0
D,2014-03-07,0.1700,0.1750,0.1700,0.1750,75721,0
D,2014-03-06,0.1750,0.1750,0.1650,0.1700,193494,0
D,2014-03-05,0.1700,0.1800,0.1650,0.1700,398834,0
D,2014-03-04,0.1550,0.1700,0.1550,0.1650,335243,0
D,2014-03-03,0.1700,0.1700,0.1500,0.1550,407647,0
D,2014-02-28,0.1750,0.1800,0.1650,0.1650,355322,0
D,2014-02-27,0.1900,0.1900,0.1700,0.1750,454854,0
D,2014-02-26,0.1800,0.1950,0.1700,0.1900,513744,0
D,2014-02-25,0.1850,0.2000,0.1600,0.1800,1175057,0
D,2014-02-24,0.2100,0.2100,0.1850,0.1850,783897,0
D,2014-02-21,0.2150,0.2250,0.2050,0.2150,386986,0
D,2014-02-20,0.2100,0.2250,0.2000,0.2100,581744,0
D,2014-02-19,0.2250,0.2250,0.1850,0.2100,926777,0
D,2014-02-18,0.2300,0.2400,0.2100,0.2250,791669,0
D,2014-02-17,0.1650,0.2300,0.1650,0.2250,2572640,0
D,2014-02-14,0.1650,0.1700,0.1600,0.1650,509358,0
D,2014-02-13,0.1600,0.1650,0.1550,0.1650,270091,0
D,2014-02-12,0.1600,0.1650,0.1550,0.1600,262669,0
D,2014-02-11,0.1550,0.1650,0.1500,0.1650,611008,0
D,2014-02-10,0.1450,0.1550,0.1400,0.1550,251380,0
D,2014-02-07,0.1450,0.1500,0.1400,0.1450,326974,0
D,2014-02-06,0.1400,0.1500,0.1350,0.1450,415850,0
D,2014-02-05,0.1400,0.1450,0.1350,0.1400,73060,0
D,2014-02-04,0.1350,0.1450,0.1300,0.1400,212954,0
D,2014-01-30,0.1400,0.1450,0.1350,0.1350,160767,0
D,2014-01-29,0.1350,0.1450,0.1350,0.1400,276116,0
D,2014-01-28,0.1300,0.1350,0.1300,0.1300,133631,0
D,2014-01-27,0.1350,0.1400,0.1300,0.1300,104346,0
D,2014-01-24,0.1300,0.1450,0.1300,0.1450,262857,0
D,2014-01-23,0.1450,0.1500,0.1300,0.1300,207980,0
D,2014-01-22,0.1450,0.1500,0.1350,0.1450,410706,0
D,2014-01-21,0.1300,0.1500,0.1300,0.1450,578096,0
D,2014-01-20,0.1350,0.1350,0.1250,0.1300,24202,0
D,2014-01-16,0.1300,0.1350,0.1250,0.1300,31124,0
D,2014-01-15,0.1300,0.1350,0.1300,0.1350,72744,0
D,2014-01-13,0.1300,0.1350,0.1300,0.1300,32472,0
D,2014-01-10,0.1350,0.1350,0.1250,0.1300,35191,0
D,2014-01-09,0.1250,0.1350,0.1250,0.1350,49140,0
D,2014-01-08,0.1350,0.1350,0.1250,0.1250,54430,0
D,2014-01-07,0.1400,0.1400,0.1300,0.1350,69184,0
D,2014-01-06,0.1350,0.1400,0.1300,0.1350,147080,0
D,2014-01-03,0.1250,0.1350,0.1200,0.1300,110117,0
D,2014-01-02,0.1250,0.1350,0.1250,0.1250,67096,0
D,2013-12-31,0.1200,0.1250,0.1200,0.1250,31020,0
D,2013-12-30,0.1200,0.1250,0.1150,0.1250,59284,0
D,2013-12-27,0.1200,0.1200,0.1150,0.1200,13534,0
D,2013-12-26,0.1150,0.1200,0.1150,0.1150,3430,0
D,2013-12-24,0.1150,0.1200,0.1150,0.1150,16817,0
D,2013-12-23,0.1200,0.1200,0.1150,0.1150,14720,0
D,2013-12-20,0.1200,0.1250,0.1200,0.1250,20545,0
D,2013-12-19,0.1250,0.1250,0.1200,0.1200,17420,0
D,2013-12-18,0.1300,0.1300,0.1200,0.1250,77021,0
D,2013-12-17,0.1150,0.1300,0.1150,0.1250,156233,0
D,2013-12-16,0.1150,0.1150,0.1100,0.1150,27633,0
D,2013-12-13,0.1150,0.1150,0.1150,0.1150,12445,0
D,2013-12-12,0.1150,0.1200,0.1100,0.1150,23854,0
D,2013-12-11,0.1150,0.1150,0.1100,0.1150,27925,0
D,2013-12-10,0.1150,0.1200,0.1150,0.1150,16735,0
D,2013-12-09,0.1150,0.1150,0.1150,0.1150,12203,0
D,2013-12-06,0.1200,0.1200,0.1150,0.1150,68495,0
D,2013-12-05,0.1200,0.1250,0.1150,0.1150,27086,0
D,2013-12-04,0.1150,0.1250,0.1150,0.1200,30060,0
D,2013-12-03,0.1200,0.1200,0.1150,0.1200,19071,0
D,2013-12-02,0.1200,0.1200,0.1200,0.1200,6192,0
D,2013-11-29,0.1200,0.1250,0.1200,0.1250,104524,0
D,2013-11-28,0.1250,0.1300,0.1250,0.1300,16521,0
D,2013-11-27,0.1250,0.1300,0.1250,0.1300,37364,0
D,2013-11-26,0.1300,0.1300,0.1250,0.1250,35934,0
D,2013-11-25,0.1350,0.1400,0.1300,0.1350,107208,0
D,2013-11-22,0.1250,0.1350,0.1250,0.1350,77855,0
D,2013-11-21,0.1300,0.1300,0.1200,0.1200,54133,0
D,2013-11-20,0.1350,0.1400,0.1250,0.1300,78924,0
D,2013-11-19,0.1300,0.1400,0.1300,0.1350,124753,0
D,2013-11-18,0.1400,0.1400,0.1300,0.1350,73579,0
D,2013-11-15,0.1450,0.1450,0.1300,0.1400,131909,0
D,2013-11-14,0.1350,0.1500,0.1350,0.1450,289248,0
D,2013-11-13,0.1350,0.1450,0.1300,0.1350,144267,0
D,2013-11-12,0.1450,0.1500,0.1350,0.1350,325522,0
D,2013-11-11,0.1150,0.1450,0.1150,0.1450,542815,0
D,2013-11-08,0.1150,0.1200,0.1150,0.1150,73437,0
D,2013-11-07,0.1100,0.1150,0.1100,0.1100,10905,0
D,2013-11-06,0.1150,0.1150,0.1100,0.1100,13317,0
D,2013-11-04,0.1100,0.1150,0.1100,0.1150,49184,0
D,2013-11-01,0.1150,0.1150,0.1100,0.1150,15404,0
D,2013-10-31,0.1150,0.1150,0.1150,0.1150,14985,0
D,2013-10-30,0.1150,0.1200,0.1150,0.1150,14090,0
D,2013-10-29,0.1150,0.1150,0.1100,0.1150,41093,0
D,2013-10-28,0.1150,0.1150,0.1100,0.1150,49485,0
D,2013-10-25,0.1150,0.1150,0.1100,0.1150,49105,0
D,2013-10-24,0.1150,0.1150,0.1100,0.1150,12729,0
D,2013-10-23,0.1100,0.1150,0.1100,0.1150,108045,0
D,2013-10-22,0.1150,0.1150,0.1100,0.1150,39121,0
D,2013-10-21,0.1150,0.1150,0.1100,0.1100,3484,0
D,2013-10-18,0.1150,0.1200,0.1100,0.1200,29199,0
D,2013-10-17,0.1150,0.1150,0.1100,0.1100,7775,0
D,2013-10-16,0.1100,0.1150,0.1100,0.1150,15036,0
D,2013-10-14,0.1150,0.1150,0.1100,0.1100,4240,0
D,2013-10-11,0.1150,0.1150,0.1150,0.1150,52153,0
D,2013-10-10,0.1100,0.1100,0.1100,0.1100,1593,0
D,2013-10-09,0.1100,0.1150,0.1050,0.1100,27382,0
D,2013-10-08,0.1100,0.1100,0.1100,0.1100,19766,0
D,2013-10-07,0.1150,0.1150,0.1100,0.1100,10020,0
D,2013-10-04,0.1100,0.1100,0.1100,0.1100,26183,0
D,2013-10-03,0.1100,0.1150,0.1100,0.1100,7977,0
D,2013-10-02,0.1100,0.1150,0.1100,0.1100,30899,0
D,2013-10-01,0.1100,0.1150,0.1100,0.1150,20394,0
D,2013-09-30,0.1100,0.1150,0.1100,0.1150,15950,0
D,2013-09-27,0.1150,0.1200,0.1100,0.1100,28199,0
D,2013-09-26,0.1150,0.1200,0.1150,0.1150,18962,0
D,2013-09-25,0.1150,0.1250,0.1150,0.1200,49921,0
D,2013-09-24,0.1150,0.1200,0.1100,0.1200,18908,0
D,2013-09-23,0.1150,0.1150,0.1100,0.1150,23565,0
D,2013-09-20,0.1100,0.1250,0.1100,0.1150,125158,0
D,2013-09-19,0.1150,0.1150,0.1100,0.1150,19224,0
D,2013-09-18,0.1100,0.1100,0.1050,0.1100,12270,0
D,2013-09-17,0.1050,0.1100,0.1050,0.1100,2430,0
D,2013-09-13,0.1100,0.1100,0.1050,0.1050,5994,0
D,2013-09-12,0.1100,0.1100,0.1050,0.1050,19632,0
D,2013-09-11,0.1100,0.1100,0.1100,0.1100,49996,0
D,2013-09-10,0.1150,0.1150,0.1100,0.1100,37036,0
D,2013-09-09,0.1100,0.1150,0.1100,0.1150,23342,0
D,2013-09-06,0.1100,0.1100,0.1050,0.1100,20871,0
D,2013-09-05,0.1050,0.1150,0.1050,0.1150,67412,0
D,2013-09-04,0.1050,0.1050,0.1050,0.1050,33942,0
D,2013-09-03,0.1050,0.1100,0.1050,0.1100,8006,0
D,2013-09-02,0.1100,0.1100,0.1050,0.1050,2593,0
D,2013-08-30,0.1150,0.1150,0.1050,0.1100,7111,0
D,2013-08-29,0.1050,0.1150,0.1050,0.1150,27141,0
D,2013-08-28,0.1050,0.1100,0.1000,0.1100,38541,0
D,2013-08-27,0.1100,0.1100,0.1050,0.1050,63714,0
D,2013-08-26,0.1150,0.1150,0.1100,0.1100,11025,0
D,2013-08-23,0.1150,0.1200,0.1150,0.1150,28733,0
D,2013-08-22,0.1150,0.1150,0.1100,0.1150,28435,0
D,2013-08-21,0.1100,0.1200,0.1100,0.1150,44516,0
D,2013-08-20,0.1200,0.1200,0.1100,0.1100,84415,0
D,2013-08-19,0.1200,0.1250,0.1200,0.1200,17362,0
D,2013-08-16,0.1250,0.1300,0.1250,0.1250,31727,0
D,2013-08-15,0.1200,0.1300,0.1200,0.1300,175885,0
D,2013-08-14,0.1200,0.1200,0.1150,0.1200,16836,0
D,2013-08-13,0.1200,0.1200,0.1150,0.1200,22127,0
D,2013-08-12,0.1200,0.1200,0.1150,0.1200,17019,0
D,2013-08-07,0.1200,0.1200,0.1150,0.1200,27119,0
D,2013-08-06,0.1150,0.1150,0.1150,0.1150,35243,0
D,2013-08-05,0.1150,0.1200,0.1150,0.1150,6910,0
D,2013-08-02,0.1200,0.1200,0.1150,0.1200,10752,0
D,2013-08-01,0.1200,0.1200,0.1150,0.1150,10976,0
D,2013-07-31,0.1150,0.1200,0.1100,0.1200,55656,0
D,2013-07-30,0.1200,0.1200,0.1150,0.1200,28480,0
D,2013-07-29,0.1150,0.1150,0.1150,0.1150,15210,0
D,2013-07-26,0.1200,0.1200,0.1150,0.1200,16627,0
D,2013-07-25,0.1200,0.1250,0.1200,0.1200,35318,0
D,2013-07-24,0.1200,0.1250,0.1200,0.1200,21264,0
D,2013-07-23,0.1250,0.1250,0.1200,0.1200,51386,0
D,2013-07-22,0.1250,0.1300,0.1200,0.1250,26599,0
D,2013-07-19,0.1250,0.1300,0.1250,0.1300,21290,0
D,2013-07-18,0.1300,0.1300,0.1250,0.1250,19104,0
D,2013-07-17,0.1200,0.1300,0.1200,0.1250,82808,0
D,2013-07-16,0.1250,0.1250,0.1200,0.1200,48942,0
D,2013-07-15,0.1200,0.1200,0.1200,0.1200,8595,0
D,2013-07-12,0.1250,0.1300,0.1200,0.1200,46726,0
D,2013-07-11,0.1250,0.1300,0.1200,0.1250,171410,0
D,2013-07-10,0.1300,0.1300,0.1200,0.1250,20068,0
D,2013-07-09,0.1250,0.1300,0.1250,0.1250,14088,0
D,2013-07-08,0.1300,0.1300,0.1250,0.1250,48590,0
D,2013-07-05,0.1200,0.1300,0.1200,0.1250,196511,0
D,2013-07-04,0.1100,0.1200,0.1100,0.1150,41278,0
D,2013-07-03,0.1150,0.1150,0.1100,0.1100,18202,0
D,2013-07-02,0.1150,0.1150,0.1100,0.1150,25910,0
D,2013-07-01,0.1150,0.1150,0.1150,0.1150,19305,0
D,2013-06-28,0.1150,0.1200,0.1100,0.1150,76636,0
D,2013-06-27,0.1200,0.1200,0.1150,0.1150,32936,0
D,2013-06-26,0.1150,0.1200,0.1100,0.1150,67275,0
D,2013-06-25,0.1100,0.1150,0.1100,0.1150,41990,0
D,2013-06-24,0.1200,0.1200,0.1100,0.1100,72038,0
D,2013-06-21,0.1100,0.1200,0.1100,0.1200,144321,0
D,2013-06-20,0.1150,0.1200,0.1100,0.1150,96431,0
D,2013-06-19,0.1200,0.1250,0.1150,0.1150,69525,0
D,2013-06-18,0.1200,0.1200,0.1150,0.1200,15532,0
D,2013-06-17,0.1200,0.1250,0.1150,0.1200,79094,0
D,2013-06-14,0.1200,0.1250,0.1150,0.1200,141817,0
D,2013-06-13,0.1200,0.1200,0.1150,0.1150,41595,0
D,2013-06-12,0.1200,0.1200,0.1200,0.1200,33347,0
D,2013-06-11,0.1300,0.1300,0.1200,0.1200,133894,0
D,2013-06-10,0.1200,0.1300,0.1200,0.1300,207043,0
D,2013-06-07,0.1200,0.1250,0.1200,0.1200,92915,0
D,2013-06-06,0.1250,0.1300,0.1150,0.1200,196825,0
D,2013-06-05,0.1400,0.1450,0.1250,0.1300,459493,0
D,2013-06-04,0.1400,0.1450,0.1350,0.1450,273227,0
D,2013-06-03,0.1550,0.1550,0.1350,0.1350,370614,0
D,2013-05-31,0.1650,0.1650,0.1550,0.1650,207714,0
D,2013-05-30,0.1650,0.1750,0.1600,0.1700,138513,0
D,2013-05-29,0.1750,0.1750,0.1650,0.1700,374106,0
D,2013-05-28,0.1550,0.1700,0.1500,0.1650,542876,0
D,2013-05-27,0.1400,0.1550,0.1400,0.1550,167379,0
D,2013-05-23,0.1550,0.1550,0.1350,0.1400,280602,0
D,2013-05-22,0.1250,0.1600,0.1200,0.1500,926002,0
D,2013-05-21,0.1250,0.1250,0.1150,0.1250,93556,0
D,2013-05-20,0.1150,0.1250,0.1150,0.1200,129534,0
D,2013-05-17,0.1150,0.1200,0.1150,0.1150,26127,0
D,2013-05-16,0.1200,0.1200,0.1100,0.1150,31409,0
D,2013-05-15,0.1250,0.1250,0.1150,0.1200,57993,0
D,2013-05-14,0.1150,0.1250,0.1150,0.1250,200750,0
D,2013-05-13,0.1100,0.1200,0.1100,0.1150,72865,0
D,2013-05-10,0.1050,0.1150,0.1050,0.1100,62614,0
D,2013-05-09,0.1050,0.1100,0.1000,0.1100,34826,0
D,2013-05-08,0.1100,0.1100,0.1000,0.1050,52625,0
D,2013-05-07,0.1050,0.1100,0.1000,0.1100,46197,0
D,2013-05-06,0.1000,0.1050,0.1000,0.1050,36447,0
D,2013-05-03,0.0900,0.0950,0.0900,0.0900,15108,0
D,2013-05-02,0.0950,0.0950,0.0900,0.0900,39718,0
D,2013-04-30,0.0950,0.1000,0.0950,0.0950,8475,0
D,2013-04-29,0.1000,0.1050,0.0950,0.0950,40806,0
D,2013-04-26,0.1000,0.1000,0.1000,0.1000,15688,0
D,2013-04-25,0.1000,0.1050,0.1000,0.1000,31732,0
D,2013-04-24,0.1000,0.1000,0.1000,0.1000,30639,0
D,2013-04-23,0.1050,0.1050,0.1000,0.1000,30755,0
D,2013-04-22,0.1050,0.1050,0.1050,0.1050,9724,0
D,2013-04-19,0.1050,0.1050,0.1050,0.1050,4035,0
D,2013-04-18,0.1050,0.1050,0.1000,0.1050,16512,0
D,2013-04-17,0.1050,0.1050,0.1050,0.1050,1364,0
D,2013-04-16,0.1050,0.1100,0.1050,0.1100,12875,0
D,2013-04-15,0.1050,0.1050,0.1050,0.1050,7810,0
D,2013-04-12,0.1100,0.1150,0.1050,0.1050,104320,0
D,2013-04-11,0.1150,0.1150,0.1050,0.1050,24986,0
D,2013-04-10,0.1150,0.1150,0.1100,0.1100,17912,0
D,2013-04-09,0.1100,0.1150,0.1100,0.1100,62890,0
D,2013-04-08,0.1100,0.1150,0.1050,0.1150,43600,0
D,2013-04-05,0.1050,0.1100,0.1050,0.1050,5857,0
D,2013-04-04,0.1050,0.1050,0.1050,0.1050,1535,0
D,2013-04-03,0.1100,0.1100,0.1000,0.1100,62224,0
D,2013-04-02,0.1050,0.1100,0.1050,0.1050,12666,0
D,2013-04-01,0.1050,0.1050,0.1050,0.1050,7577,0
D,2013-03-29,0.1050,0.1100,0.1050,0.1050,6350,0
D,2013-03-28,0.1050,0.1050,0.1050,0.1050,1529,0
D,2013-03-27,0.1100,0.1100,0.1050,0.1100,17275,0
D,2013-03-26,0.1050,0.1050,0.1050,0.1050,3459,0
D,2013-03-25,0.1100,0.1100,0.1050,0.1050,4628,0
D,2013-03-22,0.1100,0.1150,0.1050,0.1050,17846,0
D,2013-03-21,0.1050,0.1150,0.1050,0.1100,74149,0
D,2013-03-20,0.1100,0.1100,0.1050,0.1100,12566,0
D,2013-03-19,0.1100,0.1100,0.1050,0.1100,14901,0
D,2013-03-18,0.1100,0.1100,0.1050,0.1050,11219,0
D,2013-03-15,0.1100,0.1150,0.1100,0.1150,35220,0
D,2013-03-14,0.1050,0.1150,0.1050,0.1150,11762,0
D,2013-03-13,0.1150,0.1150,0.1100,0.1100,25250,0
D,2013-03-12,0.1100,0.1200,0.1100,0.1150,69614,0
D,2013-03-11,0.1100,0.1100,0.1100,0.1100,2753,0
D,2013-03-08,0.1100,0.1100,0.1100,0.1100,4527,0
D,2013-03-07,0.1150,0.1150,0.1100,0.1100,11197,0
D,2013-03-06,0.1100,0.1200,0.1100,0.1150,89307,0
D,2013-03-05,0.1050,0.1100,0.1050,0.1100,5233,0
D,2013-03-04,0.1050,0.1100,0.1050,0.1050,9228,0
D,2013-03-01,0.1050,0.1100,0.1050,0.1100,39614,0
D,2013-02-28,0.1050,0.1050,0.1050,0.1050,31696,0
D,2013-02-27,0.1050,0.1100,0.1050,0.1050,23757,0
D,2013-02-26,0.1050,0.1050,0.1000,0.1050,22409,0
D,2013-02-25,0.1050,0.1050,0.1050,0.1050,14280,0
D,2013-02-22,0.1050,0.1100,0.1050,0.1050,38690,0
D,2013-02-21,0.1050,0.1100,0.1000,0.1050,34114,0
D,2013-02-20,0.1050,0.1100,0.1050,0.1100,24279,0
D,2013-02-19,0.1100,0.1100,0.1050,0.1050,47968,0
D,2013-02-18,0.1100,0.1100,0.1050,0.1100,28575,0
D,2013-02-15,0.1100,0.1150,0.1100,0.1150,68081,0
D,2013-02-14,0.1100,0.1150,0.1100,0.1100,40777,0
D,2013-02-13,0.1100,0.1100,0.1050,0.1050,7180,0
D,2013-02-08,0.1050,0.1100,0.1050,0.1100,12504,0
D,2013-02-07,0.1000,0.1100,0.1000,0.1100,25172,0
D,2013-02-06,0.1050,0.1050,0.1000,0.1000,25172,0
D,2013-02-05,0.1100,0.1100,0.1000,0.1050,30157,0
D,2013-02-04,0.1100,0.1150,0.1050,0.1100,32289,0
D,2013-01-31,0.1100,0.1150,0.1100,0.1100,15237,0
D,2013-01-30,0.1100,0.1150,0.1100,0.1100,55673,0
D,2013-01-29,0.1150,0.1200,0.1100,0.1100,52575,0
D,2013-01-25,0.1200,0.1200,0.1100,0.1150,71696,0
D,2013-01-23,0.1250,0.1250,0.1150,0.1150,48450,0
D,2013-01-22,0.1150,0.1250,0.1100,0.1200,63597,0
D,2013-01-21,0.1300,0.1300,0.1100,0.1150,250598,0
D,2013-01-18,0.1350,0.1400,0.1300,0.1300,79310,0
D,2013-01-17,0.1350,0.1350,0.1300,0.1350,89536,0
D,2013-01-16,0.1200,0.1350,0.1200,0.1350,185489,0
D,2013-01-15,0.1250,0.1250,0.1200,0.1250,21062,0
D,2013-01-14,0.1250,0.1300,0.1200,0.1250,160623,0
D,2013-01-11,0.1200,0.1250,0.1150,0.1250,83956,0
D,2013-01-10,0.1250,0.1250,0.1150,0.1150,103582,0
D,2013-01-09,0.1150,0.1250,0.1150,0.1250,173428,0
D,2013-01-08,0.1150,0.1200,0.1100,0.1150,56479,0
D,2013-01-07,0.1150,0.1200,0.1100,0.1150,116988,0
D,2013-01-04,0.1050,0.1150,0.1050,0.1100,171822,0
D,2013-01-03,0.1050,0.1100,0.1050,0.1050,44361,0
D,2013-01-02,0.1050,0.1100,0.1000,0.1050,152178,0
D,2012-12-31,0.1000,0.1050,0.1000,0.1050,4476,0
D,2012-12-28,0.1050,0.1050,0.1000,0.1000,8003,0
D,2012-12-27,0.1000,0.1050,0.1000,0.1050,8878,0
D,2012-12-26,0.1000,0.1050,0.0950,0.1000,13269,0
D,2012-12-24,0.1000,0.1050,0.1000,0.1050,7310,0
D,2012-12-21,0.1000,0.1000,0.1000,0.1000,136640,0
D,2012-12-20,0.1000,0.1050,0.1000,0.1050,7426,0
D,2012-12-19,0.1000,0.1050,0.1000,0.1000,33305,0
D,2012-12-18,0.1050,0.1050,0.1000,0.1050,12462,0
D,2012-12-17,0.1050,0.1100,0.1000,0.1000,120650,0
D,2012-12-14,0.1050,0.1050,0.1000,0.1050,32854,0
D,2012-12-13,0.1050,0.1050,0.1000,0.1050,14671,0
D,2012-12-12,0.1100,0.1100,0.1000,0.1000,58670,0
D,2012-12-11,0.1000,0.1100,0.1000,0.1050,125604,0
D,2012-12-10,0.1000,0.1050,0.0950,0.1000,187710,0
D,2012-12-07,0.0950,0.1000,0.0950,0.0950,38487,0
D,2012-12-06,0.0950,0.1000,0.0950,0.0950,11773,0
D,2012-12-05,0.0950,0.1000,0.0950,0.1000,9074,0
D,2012-12-04,0.1000,0.1000,0.0950,0.1000,47869,0
D,2012-12-03,0.1000,0.1050,0.0950,0.1000,124509,0
D,2012-11-30,0.1050,0.1050,0.1000,0.1050,50493,0
D,2012-11-29,0.1050,0.1050,0.1000,0.1050,68802,0
D,2012-11-28,0.1000,0.1100,0.1000,0.1000,159071,0
D,2012-11-27,0.1050,0.1050,0.1000,0.1000,77190,0
D,2012-11-26,0.1100,0.1100,0.1050,0.1050,154459,0
D,2012-11-23,0.1100,0.1150,0.1050,0.1100,201080,0
D,2012-11-22,0.1200,0.1200,0.1100,0.1150,334688,0
D,2012-11-21,0.1050,0.1200,0.1050,0.1150,672256,0
