D,2014-10-14,1.4600,1.4800,1.4500,1.4700,11341,0
D,2014-10-13,1.5200,1.5200,1.4500,1.4600,15944,0
D,2014-10-10,1.5000,1.5300,1.4900,1.5200,8679,0
D,2014-10-09,1.5300,1.5500,1.5200,1.5200,15970,0
D,2014-10-08,1.5600,1.5600,1.5200,1.5200,32665,0
D,2014-10-07,1.6200,1.6400,1.5700,1.5800,88334,0
D,2014-10-03,1.5600,1.6200,1.5300,1.6000,43361,0
D,2014-10-02,1.5500,1.5800,1.5300,1.5400,42708,0
D,2014-10-01,1.5400,1.6000,1.5100,1.5600,68976,0
D,2014-09-30,1.5800,1.6000,1.5100,1.5300,64361,0
D,2014-09-29,1.6000,1.6300,1.5700,1.5800,11920,0
D,2014-09-26,1.6100,1.6100,1.5900,1.6000,36991,0
D,2014-09-25,1.6400,1.6400,1.6200,1.6200,14028,0
D,2014-09-24,1.6300,1.6700,1.6200,1.6300,11681,0
D,2014-09-23,1.7200,1.7200,1.6100,1.6200,21099,0
D,2014-09-22,1.7400,1.7500,1.6900,1.7200,7165,0
D,2014-09-19,1.7000,1.7500,1.7000,1.7400,4390,0
D,2014-09-18,1.7500,1.7500,1.6800,1.6900,8590,0
D,2014-09-17,1.7200,1.8000,1.7100,1.7300,11543,0
D,2014-09-15,1.8200,1.8300,1.7100,1.7200,14842,0
D,2014-09-12,1.9100,1.9300,1.8000,1.8000,16866,0
D,2014-09-11,1.8100,1.9200,1.8100,1.9100,37655,0
D,2014-09-10,1.7800,1.8200,1.7500,1.7900,6295,0
D,2014-09-09,1.8300,1.8300,1.7600,1.7700,6492,0
D,2014-09-08,1.8500,1.8500,1.8300,1.8300,29455,0
D,2014-09-05,1.8300,1.8700,1.8300,1.8500,50645,0
D,2014-09-04,1.7700,1.8600,1.7500,1.8500,44103,0
D,2014-09-03,1.7900,1.7900,1.7300,1.7900,14144,0
D,2014-09-02,1.7000,1.8000,1.6600,1.7900,97112,0
D,2014-08-29,1.5500,1.7200,1.5400,1.7000,57207,0
D,2014-08-28,1.5500,1.5500,1.5200,1.5300,1852,0
D,2014-08-27,1.5400,1.5800,1.5400,1.5400,4273,0
D,2014-08-26,1.5300,1.5500,1.5100,1.5400,2562,0
D,2014-08-25,1.5500,1.5500,1.5100,1.5300,7076,0
D,2014-08-22,1.5500,1.5600,1.5400,1.5500,2515,0
D,2014-08-21,1.5500,1.5700,1.5400,1.5500,2729,0
D,2014-08-20,1.5900,1.5900,1.5500,1.5500,9039,0
D,2014-08-19,1.5600,1.5900,1.5500,1.5600,14189,0
D,2014-08-18,1.5700,1.5800,1.5300,1.5500,3757,0
D,2014-08-15,1.5600,1.5800,1.5400,1.5600,5629,0
D,2014-08-14,1.5700,1.5700,1.5300,1.5500,3117,0
D,2014-08-13,1.5700,1.5700,1.5400,1.5500,4079,0
D,2014-08-12,1.5800,1.5900,1.5500,1.5500,5964,0
D,2014-08-11,1.5600,1.5900,1.5400,1.5500,10186,0
D,2014-08-08,1.6000,1.6000,1.5400,1.5400,12899,0
D,2014-08-07,1.6300,1.6300,1.5700,1.5800,4186,0
D,2014-08-06,1.6200,1.6200,1.6000,1.6100,2124,0
D,2014-08-05,1.6200,1.6500,1.6000,1.6300,38614,0
D,2014-08-04,1.5600,1.6800,1.5600,1.6100,55509,0
D,2014-08-01,1.5200,1.5300,1.5000,1.5200,14413,0
D,2014-07-31,1.5400,1.5400,1.5100,1.5200,23745,0
D,2014-07-30,1.5700,1.5700,1.5200,1.5300,16015,0
D,2014-07-25,1.5200,1.5700,1.5200,1.5700,18926,0
D,2014-07-24,1.5300,1.5600,1.5200,1.5200,17874,0
D,2014-07-23,1.5900,1.5900,1.5200,1.5300,42496,0
D,2014-07-22,1.6300,1.6300,1.5600,1.5900,22473,0
D,2014-07-21,1.6600,1.6600,1.6100,1.6300,10932,0
D,2014-07-18,1.6700,1.7000,1.6700,1.6700,5980,0
D,2014-07-17,1.7000,1.7100,1.6800,1.6800,7028,0
D,2014-07-16,1.7100,1.7300,1.6800,1.7000,15298,0
D,2014-07-14,1.6800,1.7100,1.6800,1.7100,2364,0
D,2014-07-11,1.7000,1.7000,1.6800,1.6800,4189,0
D,2014-07-10,1.7100,1.7200,1.6900,1.7200,9079,0
D,2014-07-09,1.7100,1.7400,1.6900,1.7000,13813,0
D,2014-07-08,1.7100,1.7400,1.6800,1.7100,2976,0
D,2014-07-07,1.7400,1.7400,1.7100,1.7100,4011,0
D,2014-07-04,1.7100,1.7400,1.7100,1.7300,3261,0
D,2014-07-03,1.7000,1.7400,1.7000,1.7100,10961,0
D,2014-07-02,1.7500,1.7500,1.7100,1.7200,5676,0
D,2014-07-01,1.6800,1.7500,1.6800,1.7500,4435,0
D,2014-06-30,1.7000,1.7300,1.6800,1.6800,4143,0
D,2014-06-27,1.7900,1.7900,1.7100,1.7100,13304,0
D,2014-06-26,1.8000,1.8000,1.7700,1.7900,6807,0
D,2014-06-25,1.7900,1.8100,1.7800,1.8000,3327,0
D,2014-06-24,1.8200,1.8600,1.7800,1.8000,7884,0
D,2014-06-23,1.8800,1.8800,1.7800,1.8100,18937,0
D,2014-06-20,1.8400,1.9100,1.8300,1.8800,55039,0
D,2014-06-19,1.7400,1.8500,1.7400,1.8400,49606,0
D,2014-06-18,1.7800,1.7900,1.7200,1.7300,23916,0
D,2014-06-17,1.7000,1.7800,1.6800,1.7600,79412,0
D,2014-06-16,1.6900,1.7100,1.6600,1.6900,25839,0
D,2014-06-13,1.7500,1.7500,1.6700,1.6900,18440,0
D,2014-06-12,1.7900,1.8600,1.7200,1.7600,108628,0
D,2014-06-11,1.6300,1.8000,1.6300,1.7900,99296,0
D,2014-06-10,1.5400,1.6300,1.5400,1.6200,40491,0
D,2014-06-09,1.5200,1.5500,1.5100,1.5400,11394,0
D,2014-06-06,1.5000,1.5300,1.5000,1.5100,2797,0
D,2014-06-05,1.5100,1.5100,1.5000,1.5100,1934,0
D,2014-06-04,1.5100,1.5300,1.5000,1.5100,4568,0
D,2014-06-03,1.5100,1.5200,1.5000,1.5100,3835,0
D,2014-06-02,1.5200,1.5200,1.4900,1.5100,4974,0
D,2014-05-30,1.5000,1.5300,1.4900,1.5000,5981,0
D,2014-05-29,1.5200,1.5300,1.5000,1.5100,4488,0
D,2014-05-28,1.5200,1.5300,1.5100,1.5200,3564,0
D,2014-05-27,1.5100,1.5200,1.5000,1.5200,6846,0
D,2014-05-26,1.5000,1.5300,1.4900,1.5200,7864,0
D,2014-05-23,1.5300,1.5300,1.4800,1.5000,10144,0
D,2014-05-22,1.5100,1.5600,1.5000,1.5100,10142,0
D,2014-05-21,1.5800,1.5800,1.5100,1.5200,18134,0
D,2014-05-20,1.6300,1.6300,1.5600,1.5800,13910,0
D,2014-05-19,1.5600,1.6300,1.5500,1.6100,54407,0
D,2014-05-16,1.4400,1.5300,1.4400,1.5200,81049,0
D,2014-05-15,1.4200,1.4600,1.4100,1.4400,25825,0
D,2014-05-14,1.4500,1.4500,1.4000,1.4100,21223,0
D,2014-05-12,1.4900,1.4900,1.4500,1.4500,11166,0
D,2014-05-09,1.4900,1.5100,1.4800,1.5000,8033,0
D,2014-05-08,1.5000,1.5200,1.4900,1.5100,3752,0
D,2014-05-07,1.4900,1.5100,1.4800,1.5100,2241,0
D,2014-05-06,1.5000,1.5000,1.4900,1.5000,1319,0
D,2014-05-05,1.5000,1.5200,1.4800,1.5000,6494,0
D,2014-05-02,1.5100,1.5100,1.4900,1.5000,2626,0
D,2014-04-30,1.5200,1.5200,1.4900,1.5200,4747,0
D,2014-04-29,1.5200,1.5300,1.5000,1.5200,2891,0
D,2014-04-28,1.5600,1.5700,1.5200,1.5300,4093,0
D,2014-04-25,1.5400,1.5600,1.5300,1.5500,3191,0
D,2014-04-24,1.5300,1.5700,1.5300,1.5400,11934,0
D,2014-04-23,1.5200,1.5400,1.5200,1.5300,3399,0
D,2014-04-22,1.5600,1.5600,1.5200,1.5200,10426,0
D,2014-04-21,1.5500,1.5500,1.5300,1.5500,2966,0
D,2014-04-18,1.5500,1.5700,1.5400,1.5400,2870,0
D,2014-04-17,1.5600,1.5700,1.5400,1.5600,8257,0
D,2014-04-16,1.5600,1.5600,1.5200,1.5500,4569,0
D,2014-04-15,1.5500,1.5700,1.5200,1.5400,5630,0
D,2014-04-14,1.5700,1.5700,1.5400,1.5400,2733,0
D,2014-04-11,1.5500,1.5800,1.5500,1.5700,3521,0
D,2014-04-10,1.5500,1.5900,1.5500,1.5800,19951,0
D,2014-04-09,1.5000,1.5400,1.4800,1.5400,15582,0
D,2014-04-08,1.5300,1.5300,1.4800,1.5100,13520,0
D,2014-04-07,1.5600,1.5700,1.5200,1.5200,13881,0
D,2014-04-04,1.5800,1.5900,1.5300,1.5500,18827,0
D,2014-04-03,1.6100,1.6200,1.5700,1.5800,28708,0
D,2014-04-02,1.6100,1.6300,1.5800,1.5800,18264,0
D,2014-04-01,1.6500,1.6600,1.6000,1.6000,10712,0
D,2014-03-31,1.6200,1.6500,1.6000,1.6500,4126,0
D,2014-03-28,1.6200,1.6200,1.5900,1.6100,3275,0
D,2014-03-27,1.6400,1.6800,1.6300,1.6300,20309,0
D,2014-03-26,1.6000,1.6500,1.5900,1.6500,22219,0
D,2014-03-25,1.6300,1.6300,1.5700,1.5800,18578,0
D,2014-03-24,1.6300,1.6500,1.5900,1.6100,16109,0
D,2014-03-21,1.6500,1.6800,1.6200,1.6300,14086,0
D,2014-03-20,1.6600,1.6700,1.6400,1.6500,4496,0
D,2014-03-19,1.6700,1.6700,1.6400,1.6700,3465,0
D,2014-03-18,1.7100,1.7200,1.6400,1.6500,24033,0
D,2014-03-17,1.7200,1.7200,1.6700,1.6800,12970,0
D,2014-03-14,1.7700,1.7700,1.7000,1.7300,11697,0
D,2014-03-13,1.8500,1.8500,1.7500,1.7700,11561,0
D,2014-03-12,1.8300,1.8700,1.8100,1.8300,20985,0
D,2014-03-11,1.8600,1.8600,1.8000,1.8400,7779,0
D,2014-03-10,1.8800,1.8900,1.8500,1.8700,5948,0
D,2014-03-07,1.8800,1.8900,1.8700,1.8900,6149,0
D,2014-03-06,1.8600,1.9100,1.8600,1.9000,19555,0
D,2014-03-05,1.8700,1.8900,1.8500,1.8800,8430,0
D,2014-03-04,1.8400,1.9100,1.8300,1.8700,18676,0
D,2014-03-03,1.8600,1.8600,1.8300,1.8500,10658,0
D,2014-02-28,1.9500,1.9500,1.8400,1.8500,20054,0
D,2014-02-27,1.9500,1.9500,1.8500,1.9200,73254,0
D,2014-02-26,1.7800,2.0000,1.7800,1.8800,129531,0
D,2014-02-25,1.8300,1.8400,1.7700,1.8000,13463,0
D,2014-02-24,1.8400,1.8500,1.8100,1.8300,12690,0
D,2014-02-21,1.8700,1.8700,1.8200,1.8500,7371,0
D,2014-02-20,1.8900,1.9200,1.8600,1.8800,16874,0
D,2014-02-19,1.8200,1.8700,1.8200,1.8700,24278,0
D,2014-02-18,1.7800,1.8300,1.7500,1.8200,6603,0
D,2014-02-17,1.8200,1.8200,1.7700,1.7800,4983,0
D,2014-02-14,1.7800,1.8300,1.7800,1.8300,13580,0
D,2014-02-13,1.7800,1.8000,1.7600,1.7700,12717,0
D,2014-02-12,1.7300,1.7800,1.7200,1.7700,17347,0
D,2014-02-11,1.7400,1.7400,1.6900,1.7100,4242,0
D,2014-02-10,1.7500,1.7800,1.7400,1.7400,10882,0
D,2014-02-07,1.7200,1.7500,1.7200,1.7500,8160,0
D,2014-02-06,1.7100,1.7400,1.6900,1.7400,5333,0
D,2014-02-05,1.7000,1.7200,1.6800,1.7000,5498,0
D,2014-02-04,1.6900,1.7300,1.6700,1.7000,5343,0
D,2014-01-30,1.6500,1.7300,1.6400,1.7000,9674,0
D,2014-01-29,1.6500,1.6600,1.6400,1.6500,3239,0
D,2014-01-28,1.6100,1.6500,1.6000,1.6500,8711,0
D,2014-01-27,1.6000,1.6300,1.5800,1.6300,9699,0
D,2014-01-24,1.6000,1.6300,1.6000,1.6200,4192,0
D,2014-01-23,1.6000,1.6400,1.6000,1.6200,14009,0
D,2014-01-22,1.6000,1.6200,1.5700,1.6000,16074,0
D,2014-01-21,1.6600,1.6700,1.6000,1.6000,13591,0
D,2014-01-20,1.7300,1.7300,1.6200,1.6600,12632,0
D,2014-01-16,1.7200,1.7500,1.7000,1.7200,7544,0
D,2014-01-15,1.8000,1.8000,1.6600,1.7000,51750,0
D,2014-01-13,1.8800,1.8800,1.8100,1.8100,19459,0
D,2014-01-10,1.9100,1.9100,1.8300,1.8800,29624,0
D,2014-01-09,1.9700,1.9800,1.9200,1.9400,10151,0
D,2014-01-08,1.9800,2.0000,1.9600,1.9700,16233,0
D,2014-01-07,1.9300,1.9800,1.9200,1.9700,19776,0
D,2014-01-06,1.9300,1.9400,1.9100,1.9400,5442,0
D,2014-01-03,1.9400,1.9500,1.9200,1.9400,3637,0
D,2014-01-02,1.9200,1.9600,1.9200,1.9500,14150,0
D,2013-12-31,1.9300,1.9300,1.9100,1.9200,4466,0
D,2013-12-30,1.9500,1.9700,1.9200,1.9400,2960,0
D,2013-12-27,1.9700,1.9800,1.9300,1.9500,3610,0
D,2013-12-26,1.9200,1.9700,1.9100,1.9700,9671,0
D,2013-12-24,1.9600,1.9600,1.9100,1.9500,4480,0
D,2013-12-23,1.9300,1.9800,1.9300,1.9400,3852,0
D,2013-12-20,1.9800,1.9900,1.9400,1.9400,4657,0
D,2013-12-19,1.9700,1.9800,1.9400,1.9800,7484,0
D,2013-12-18,1.9900,1.9900,1.9500,1.9500,8431,0
D,2013-12-17,2.0000,2.0300,1.9800,2.0000,7315,0
D,2013-12-16,2.0600,2.0600,1.9900,2.0000,6040,0
D,2013-12-13,1.9900,2.0800,1.9900,2.0500,36815,0
D,2013-12-12,2.0400,2.0400,1.9500,1.9900,17747,0
D,2013-12-11,2.0200,2.0600,2.0000,2.0300,19494,0
D,2013-12-10,2.0400,2.0400,2.0000,2.0200,19336,0
D,2013-12-09,2.0400,2.0700,2.0300,2.0400,13179,0
D,2013-12-06,1.9900,2.0700,1.9900,2.0300,27761,0
D,2013-12-05,2.0000,2.0200,1.9200,1.9800,29343,0
D,2013-12-04,2.1600,2.1600,2.0400,2.0700,21567,0
D,2013-12-03,2.1900,2.2100,2.1200,2.1300,20588,0
D,2013-12-02,2.1800,2.2100,2.1800,2.1900,6184,0
D,2013-11-29,2.2500,2.2500,2.1700,2.1800,18149,0
D,2013-11-28,2.2600,2.2800,2.2500,2.2500,9724,0
D,2013-11-27,2.2300,2.3100,2.2200,2.2800,29952,0
D,2013-11-26,2.2700,2.2700,2.2200,2.2400,3490,0
D,2013-11-25,2.2900,2.3000,2.2700,2.2700,29654,0
D,2013-11-22,2.2500,2.2900,2.2300,2.2600,38590,0
D,2013-11-21,2.1800,2.2500,2.1600,2.2000,9405,0
D,2013-11-20,2.2700,2.3000,2.1900,2.1900,6840,0
D,2013-11-19,2.2700,2.2900,2.2300,2.2600,9220,0
D,2013-11-18,2.3400,2.3400,2.2600,2.2700,5622,0
D,2013-11-15,2.3600,2.3700,2.3000,2.3200,4333,0
D,2013-11-14,2.3300,2.3700,2.3200,2.3500,13302,0
D,2013-11-13,2.2400,2.4400,2.2100,2.3200,26404,0
D,2013-11-12,2.2800,2.2800,2.2000,2.2400,5826,0
D,2013-11-11,2.2500,2.2800,2.2100,2.2800,9968,0
D,2013-11-08,2.1600,2.2500,2.1500,2.2400,10142,0
D,2013-11-07,2.2400,2.2400,2.1500,2.1500,12022,0
D,2013-11-06,2.2700,2.2700,2.2300,2.2400,4984,0
D,2013-11-04,2.3400,2.3400,2.2700,2.2900,8193,0
D,2013-11-01,2.3300,2.3400,2.3200,2.3300,14664,0
D,2013-10-31,2.3300,2.3500,2.2800,2.3300,32712,0
D,2013-10-30,2.2500,2.3200,2.2500,2.3100,21374,0
D,2013-10-29,2.1400,2.2500,2.1100,2.2400,32231,0
D,2013-10-28,2.0600,2.1400,2.0600,2.1300,23567,0
D,2013-10-25,2.0400,2.0700,2.0400,2.0600,11520,0
D,2013-10-24,2.0200,2.0500,2.0100,2.0400,10159,0
D,2013-10-23,2.0100,2.0400,2.0000,2.0200,12927,0
D,2013-10-22,2.0100,2.0300,2.0000,2.0000,9652,0
D,2013-10-21,2.0200,2.0500,2.0000,2.0000,10479,0
D,2013-10-18,2.0200,2.0300,2.0100,2.0200,5998,0
D,2013-10-17,2.0200,2.0400,2.0000,2.0300,11253,0
D,2013-10-16,2.0300,2.0400,1.9900,2.0200,12680,0
D,2013-10-14,2.0600,2.0700,2.0200,2.0200,8317,0
D,2013-10-11,2.1000,2.1200,2.0500,2.0600,6859,0
D,2013-10-10,2.0300,2.1000,2.0200,2.0800,24081,0
D,2013-10-09,2.0000,2.0400,1.9600,2.0300,19327,0
D,2013-10-08,1.9900,2.0200,1.9900,2.0000,11251,0
D,2013-10-07,2.0600,2.0600,1.9800,1.9900,11025,0
D,2013-10-04,1.9800,2.0500,1.9500,2.0500,16078,0
D,2013-10-03,2.0800,2.0800,1.9200,1.9900,59418,0
D,2013-10-02,2.1800,2.1800,2.0400,2.0800,21331,0
D,2013-10-01,2.3200,2.3900,2.3200,2.3800,58942,0
D,2013-09-30,2.4400,2.4400,2.3200,2.3200,63586,0
D,2013-09-27,2.4700,2.4800,2.4300,2.4400,20182,0
D,2013-09-26,2.4300,2.4700,2.4200,2.4600,29672,0
D,2013-09-25,2.4300,2.4600,2.4100,2.4300,16790,0
D,2013-09-24,2.4800,2.4800,2.4100,2.4200,22218,0
D,2013-09-23,2.4200,2.4900,2.4100,2.4700,20313,0
D,2013-09-20,2.3900,2.4700,2.3700,2.4400,32885,0
D,2013-09-19,2.4200,2.4300,2.3700,2.3800,41749,0
D,2013-09-18,2.2300,2.4300,2.2000,2.3900,183063,0
D,2013-09-17,2.2400,2.2600,2.2200,2.2200,35835,0
D,2013-09-13,2.2300,2.2300,2.1900,2.2200,34126,0
D,2013-09-12,2.2200,2.2500,2.1900,2.2200,90862,0
D,2013-09-11,2.1500,2.2300,2.1400,2.1800,46270,0
D,2013-09-10,2.1800,2.1800,2.1200,2.1400,13163,0
D,2013-09-09,2.1300,2.2100,2.1300,2.1500,55001,0
D,2013-09-06,2.2300,2.2300,2.1000,2.1000,52350,0
D,2013-09-05,2.1500,2.2700,2.1200,2.2000,139957,0
D,2013-09-04,1.9500,2.1200,1.9300,2.1100,125466,0
D,2013-09-03,1.9100,1.9400,1.8900,1.9300,19855,0
D,2013-09-02,1.9000,1.9600,1.8900,1.8900,29611,0
D,2013-08-30,1.9300,1.9300,1.9100,1.9100,25360,0
D,2013-08-29,1.8400,1.9200,1.8400,1.9100,49481,0
D,2013-08-28,1.7800,1.8500,1.7300,1.8400,27588,0
D,2013-08-27,1.8900,1.9000,1.8100,1.8200,27885,0
D,2013-08-26,1.8800,1.9100,1.8700,1.8900,32502,0
D,2013-08-23,1.8800,1.8900,1.8300,1.8400,13075,0
D,2013-08-22,1.8900,1.8900,1.8200,1.8600,30224,0
D,2013-08-21,1.9100,1.9400,1.8900,1.8900,22246,0
D,2013-08-20,1.9800,1.9800,1.8700,1.8900,38622,0
D,2013-08-19,2.0300,2.0500,1.9600,1.9800,26844,0
D,2013-08-16,1.9900,2.0600,1.9800,2.0200,49995,0
D,2013-08-15,1.9200,2.0600,1.9200,2.0200,102578,0
D,2013-08-14,1.9300,1.9700,1.9100,1.9200,84116,0
D,2013-08-13,1.8400,1.8900,1.8300,1.8800,41812,0
D,2013-08-12,1.8300,1.8700,1.8200,1.8300,37130,0
D,2013-08-07,1.8100,1.8300,1.8000,1.8000,17490,0
D,2013-08-06,1.8200,1.8500,1.8100,1.8100,18561,0
D,2013-08-05,1.8100,1.8400,1.7900,1.8200,19616,0
D,2013-08-02,1.7800,1.8700,1.7700,1.8000,77225,0
D,2013-08-01,1.7900,1.8000,1.7700,1.7700,12772,0
D,2013-07-31,1.7900,1.8400,1.7300,1.7900,83679,0
D,2013-07-30,1.7600,1.8200,1.7100,1.8000,60978,0
D,2013-07-29,1.6700,1.7700,1.6700,1.7500,149166,0
D,2013-07-26,1.7000,1.7000,1.6600,1.6700,28102,0
D,2013-07-25,1.6900,1.7300,1.6800,1.6900,78641,0
D,2013-07-24,1.6900,1.7000,1.6500,1.6700,60555,0
D,2013-07-23,1.7100,1.7500,1.6700,1.6800,52782,0
D,2013-07-22,1.8000,1.8000,1.6800,1.7000,74620,0
D,2013-07-19,1.7900,1.8600,1.7700,1.7800,76803,0
D,2013-07-18,1.8600,1.8600,1.7600,1.7700,56490,0
D,2013-07-17,1.9200,1.9200,1.8300,1.8500,18842,0
D,2013-07-16,1.9100,1.9700,1.8500,1.9100,84911,0
D,2013-07-15,1.7100,1.9000,1.7100,1.8900,134979,0
D,2013-07-12,1.7300,1.7600,1.6600,1.6900,45196,0
D,2013-07-11,1.8000,1.8000,1.7100,1.7200,31819,0
D,2013-07-10,1.8600,1.8800,1.7900,1.7900,24107,0
D,2013-07-09,1.8700,1.9100,1.8400,1.8600,28427,0
D,2013-07-08,1.9500,1.9600,1.8200,1.8600,61644,0
D,2013-07-05,1.8200,1.9900,1.7800,1.9400,220962,0
D,2013-07-04,1.6500,1.8200,1.6400,1.8200,234944,0
D,2013-07-03,1.4900,1.7100,1.4900,1.6500,323959,0
D,2013-07-02,1.5300,1.5500,1.4700,1.4800,36169,0
D,2013-07-01,1.4600,1.5500,1.4200,1.5300,146653,0
D,2013-06-28,1.4200,1.4300,1.3900,1.4200,27658,0
D,2013-06-27,1.4200,1.4400,1.3900,1.4000,31655,0
D,2013-06-26,1.3200,1.3900,1.3000,1.3900,27438,0
D,2013-06-25,1.3000,1.3200,1.2800,1.3100,21131,0
D,2013-06-24,1.3700,1.3700,1.2900,1.2900,13384,0
D,2013-06-21,1.3100,1.3600,1.2700,1.3500,13140,0
D,2013-06-20,1.3500,1.3500,1.3200,1.3200,13916,0
D,2013-06-19,1.3700,1.4000,1.3600,1.3700,9443,0
D,2013-06-18,1.3700,1.3800,1.3600,1.3700,4401,0
D,2013-06-17,1.3600,1.3700,1.3500,1.3600,5420,0
D,2013-06-14,1.3700,1.3800,1.3400,1.3500,9003,0
D,2013-06-13,1.4000,1.4100,1.3300,1.3300,23434,0
D,2013-06-12,1.4300,1.4400,1.3900,1.4200,25044,0
D,2013-06-11,1.4500,1.4800,1.4200,1.4500,16657,0
D,2013-06-10,1.4200,1.4800,1.4200,1.4500,50068,0
D,2013-06-07,1.3900,1.4100,1.3900,1.4000,9642,0
D,2013-06-06,1.3800,1.4000,1.3800,1.3900,13618,0
D,2013-06-05,1.3700,1.4300,1.3700,1.3800,45636,0
D,2013-06-04,1.3600,1.3800,1.3400,1.3700,13376,0
D,2013-06-03,1.3800,1.3800,1.3500,1.3600,4197,0
D,2013-05-31,1.3700,1.3900,1.3600,1.3900,9331,0
D,2013-05-30,1.3800,1.3800,1.3500,1.3600,4061,0
D,2013-05-29,1.4200,1.4200,1.3800,1.3900,22103,0
D,2013-05-28,1.3700,1.4100,1.3700,1.4100,19204,0
D,2013-05-27,1.3700,1.3700,1.3500,1.3600,12746,0
D,2013-05-23,1.3900,1.3900,1.3400,1.3700,18191,0
D,2013-05-22,1.4100,1.4200,1.3700,1.3800,18677,0
D,2013-05-21,1.4400,1.4500,1.3800,1.4000,27132,0
D,2013-05-20,1.3600,1.4500,1.3500,1.4200,75995,0
D,2013-05-17,1.3300,1.3400,1.3100,1.3300,19675,0
D,2013-05-16,1.3700,1.3700,1.3100,1.3200,33800,0
D,2013-05-15,1.2700,1.3500,1.2600,1.3500,98719,0
D,2013-05-14,1.2300,1.2700,1.2200,1.2500,36906,0
D,2013-05-13,1.2100,1.2300,1.2100,1.2200,29185,0
D,2013-05-10,1.1700,1.2200,1.1700,1.1900,51469,0
D,2013-05-09,1.1900,1.2100,1.1700,1.1700,22327,0
D,2013-05-08,1.2100,1.2100,1.1700,1.1800,12771,0
D,2013-05-07,1.1800,1.2200,1.1800,1.2100,30351,0
D,2013-05-06,1.2700,1.2900,1.1800,1.1800,69267,0
D,2013-05-03,1.2300,1.2700,1.2100,1.2500,24941,0
D,2013-05-02,1.2600,1.2800,1.2300,1.2400,13115,0
D,2013-04-30,1.3200,1.3300,1.2600,1.2600,47562,0
D,2013-04-29,1.2600,1.3300,1.2600,1.2900,76921,0
D,2013-04-26,1.2300,1.2700,1.2000,1.2500,19882,0
D,2013-04-25,1.2600,1.2700,1.2400,1.2400,8602,0
D,2013-04-24,1.2500,1.2900,1.2500,1.2700,18012,0
D,2013-04-23,1.2700,1.3000,1.2600,1.2700,31577,0
D,2013-04-22,1.2400,1.2700,1.2200,1.2700,21180,0
D,2013-04-19,1.2600,1.3000,1.2400,1.2600,38192,0
D,2013-04-18,1.1800,1.3000,1.1800,1.2800,156192,0
D,2013-04-17,1.0800,1.2200,1.0700,1.2000,80802,0
D,2013-04-16,1.0400,1.0800,1.0400,1.0700,3690,0
D,2013-04-15,1.0700,1.1000,1.0300,1.0700,11787,0
D,2013-04-12,1.1300,1.1300,1.0700,1.0700,14389,0
D,2013-04-11,1.1400,1.1500,1.1200,1.1300,9877,0
D,2013-04-10,1.1000,1.1400,1.1000,1.1300,17454,0
D,2013-04-09,1.1400,1.1600,1.1000,1.1100,32680,0
D,2013-04-08,1.0500,1.1500,1.0500,1.1400,127470,0
D,2013-04-05,1.0400,1.0500,1.0200,1.0500,3786,0
D,2013-04-04,1.0400,1.0400,1.0200,1.0300,3024,0
D,2013-04-03,1.0000,1.0400,0.9850,1.0400,25041,0
D,2013-04-02,1.0000,1.0300,0.9950,1.0200,7760,0
D,2013-04-01,1.0000,1.0100,0.9900,1.0000,4017,0
D,2013-03-29,1.0100,1.0300,1.0100,1.0100,3747,0
D,2013-03-28,1.0300,1.0300,1.0000,1.0100,5127,0
D,2013-03-27,1.0300,1.0400,1.0100,1.0200,9741,0
D,2013-03-26,1.0300,1.0300,1.0100,1.0200,3820,0
D,2013-03-25,1.0100,1.0200,1.0000,1.0200,3129,0
D,2013-03-22,1.0100,1.0400,1.0100,1.0200,11975,0
D,2013-03-21,1.0200,1.0200,1.0000,1.0200,2396,0
D,2013-03-20,1.0100,1.0300,1.0000,1.0100,10119,0
D,2013-03-19,1.0100,1.0300,1.0000,1.0200,6555,0
D,2013-03-18,1.0100,1.0100,1.0000,1.0100,1606,0
D,2013-03-15,1.0400,1.0400,1.0100,1.0200,3135,0
D,2013-03-14,1.0200,1.0500,1.0200,1.0300,16806,0
D,2013-03-13,1.0300,1.0500,1.0200,1.0400,6520,0
D,2013-03-12,1.0500,1.0500,1.0200,1.0300,3626,0
D,2013-03-11,1.0700,1.0800,1.0400,1.0500,6836,0
D,2013-03-08,1.0300,1.0800,1.0200,1.0600,27143,0
D,2013-03-07,1.0400,1.0600,1.0200,1.0300,19488,0
D,2013-03-06,1.0000,1.0400,1.0000,1.0200,31904,0
D,2013-03-05,1.0000,1.0100,0.9950,0.9950,913,0
D,2013-03-04,0.9950,1.0200,0.9850,1.0100,3851,0
D,2013-03-01,1.0300,1.0300,0.9950,1.0100,21400,0
D,2013-02-28,1.0200,1.0300,0.9500,0.9750,24413,0
D,2013-02-27,1.0200,1.0300,1.0100,1.0300,3391,0
D,2013-02-26,1.0100,1.0300,1.0000,1.0300,10636,0
D,2013-02-25,1.0100,1.0500,1.0100,1.0200,22140,0
D,2013-02-22,0.9900,1.0300,0.9800,1.0100,21486,0
D,2013-02-21,1.0200,1.0200,0.9800,0.9850,25734,0
D,2013-02-20,0.9600,1.0300,0.9600,0.9950,49718,0
D,2013-02-19,0.9850,1.0000,0.9550,0.9600,14670,0
D,2013-02-18,0.9800,1.0200,0.9800,1.0000,4325,0
D,2013-02-15,1.0300,1.0400,0.9900,1.0000,38109,0
D,2013-02-14,0.9050,1.1100,0.9050,1.0600,105559,0
D,2013-02-13,0.9100,0.9250,0.8950,0.9100,2173,0
D,2013-02-08,0.9100,0.9400,0.9000,0.9100,13529,0
D,2013-02-07,0.9050,0.9150,0.9000,0.9000,4340,0
D,2013-02-06,0.9200,0.9350,0.9100,0.9100,819,0
D,2013-02-05,0.9400,0.9450,0.9200,0.9300,1529,0
D,2013-02-04,0.9250,0.9450,0.9200,0.9350,7997,0
D,2013-01-31,0.9200,0.9400,0.9150,0.9350,1290,0
D,2013-01-30,0.9200,0.9350,0.9150,0.9350,558,0
D,2013-01-29,0.9300,0.9650,0.9250,0.9500,10941,0
D,2013-01-25,0.9150,0.9400,0.9150,0.9300,4768,0
D,2013-01-23,0.9250,0.9250,0.9050,0.9250,967,0
D,2013-01-22,0.9150,0.9300,0.9100,0.9300,2188,0
D,2013-01-21,0.9800,0.9850,0.9150,0.9200,7012,0
D,2013-01-18,0.9600,0.9850,0.9600,0.9750,7141,0
D,2013-01-17,0.9600,0.9800,0.9600,0.9800,580,0
D,2013-01-16,0.9700,0.9750,0.9600,0.9700,973,0
D,2013-01-15,0.9700,0.9900,0.9550,0.9700,8928,0
D,2013-01-14,0.9450,0.9550,0.9450,0.9550,20,0
D,2013-01-11,0.9700,0.9700,0.9550,0.9600,722,0
D,2013-01-10,0.9800,0.9850,0.9600,0.9750,3925,0
D,2013-01-09,0.9900,0.9900,0.9600,0.9750,10375,0
D,2013-01-08,0.9600,0.9750,0.9400,0.9400,1332,0
D,2013-01-07,0.9450,0.9600,0.9400,0.9600,5059,0
D,2013-01-04,0.9300,0.9450,0.9200,0.9450,1848,0
D,2013-01-03,0.9150,0.9350,0.9150,0.9350,5034,0
D,2013-01-02,0.9050,0.9250,0.9050,0.9150,4665,0
D,2012-12-31,0.8900,0.9100,0.8900,0.9100,4211,0
D,2012-12-28,0.8800,0.9000,0.8800,0.9000,2777,0
D,2012-12-27,0.8850,0.8850,0.8800,0.8850,1710,0
D,2012-12-26,0.8800,0.8850,0.8750,0.8850,3742,0
D,2012-12-24,0.8800,0.8950,0.8800,0.8800,1298,0
D,2012-12-21,0.8800,0.8900,0.8800,0.8900,731,0
D,2012-12-20,0.8750,0.8900,0.8750,0.8900,1162,0
D,2012-12-19,0.8850,0.8900,0.8700,0.8900,1569,0
D,2012-12-18,0.8850,0.9050,0.8800,0.8900,6224,0
D,2012-12-17,0.8850,0.8950,0.8800,0.8850,3111,0
D,2012-12-14,0.8950,0.9050,0.8850,0.8950,3719,0
D,2012-12-13,0.8850,0.8900,0.8850,0.8900,480,0
D,2012-12-12,0.8950,0.9000,0.8850,0.8850,8766,0
D,2012-12-11,0.9050,0.9050,0.8850,0.9000,2357,0
D,2012-12-10,0.9200,0.9250,0.8950,0.8950,4604,0
D,2012-12-07,0.8900,0.9150,0.8900,0.9150,1477,0
D,2012-12-06,0.8950,0.8950,0.8900,0.8950,541,0
D,2012-12-05,0.9000,0.9150,0.8950,0.9000,2631,0
D,2012-12-04,0.9050,0.9400,0.8950,0.9000,5472,0
D,2012-12-03,0.9050,0.9150,0.8950,0.9050,2542,0
D,2012-11-30,0.9150,0.9250,0.9150,0.9150,2448,0
D,2012-11-29,0.9350,0.9350,0.9150,0.9250,2520,0
D,2012-11-28,0.9300,0.9500,0.9300,0.9300,4104,0
D,2012-11-27,0.9450,0.9500,0.9250,0.9400,3529,0
D,2012-11-26,0.9500,0.9550,0.9450,0.9450,2808,0
D,2012-11-23,0.9500,0.9650,0.9450,0.9500,9464,0
D,2012-11-22,0.9500,0.9550,0.9450,0.9450,2302,0
D,2012-11-21,0.9700,0.9700,0.9500,0.9600,2655,0
D,2012-11-20,0.9500,0.9700,0.9500,0.9700,4677,0
D,2012-11-19,0.9700,0.9750,0.9500,0.9500,6437,0
D,2012-11-16,0.9500,0.9650,0.9500,0.9650,681,0
D,2012-11-14,0.9600,0.9750,0.9500,0.9700,6485,0
D,2012-11-12,0.9550,0.9650,0.9500,0.9500,533,0
D,2012-11-09,0.9550,0.9650,0.9550,0.9550,850,0
D,2012-11-08,0.9700,0.9700,0.9550,0.9650,3685,0
D,2012-11-07,0.9700,0.9700,0.9550,0.9550,630,0
D,2012-11-06,0.9650,0.9700,0.9600,0.9650,759,0
D,2012-11-05,0.9800,0.9800,0.9650,0.9750,1011,0
D,2012-11-02,0.9650,0.9900,0.9650,0.9750,4177,0
D,2012-11-01,0.9650,0.9850,0.9650,0.9700,7378,0
D,2012-10-31,0.9700,0.9750,0.9600,0.9700,601,0
D,2012-10-30,0.9750,0.9750,0.9650,0.9750,1060,0
D,2012-10-29,0.9800,0.9900,0.9750,0.9900,976,0
D,2012-10-25,0.9800,0.9800,0.9650,0.9750,7362,0
D,2012-10-24,0.9700,0.9750,0.9600,0.9700,3853,0
D,2012-10-23,0.9600,0.9800,0.9600,0.9700,3786,0
D,2012-10-22,0.9700,0.9800,0.9650,0.9700,2731,0
D,2012-10-19,0.9500,0.9850,0.9500,0.9700,23503,0
D,2012-10-18,0.9600,0.9650,0.9500,0.9600,1258,0
D,2012-10-17,0.9550,0.9650,0.9550,0.9550,1735,0
D,2012-10-16,0.9500,0.9650,0.9450,0.9500,8987,0
D,2012-10-15,0.9650,0.9700,0.9500,0.9550,4234,0
D,2012-10-12,0.9500,0.9650,0.9500,0.9650,12552,0
D,2012-10-11,0.9550,0.9550,0.9500,0.9500,470,0
D,2012-10-10,0.9500,0.9500,0.9500,0.9500,1567,0
D,2012-10-09,0.9500,0.9650,0.9500,0.9600,11179,0
D,2012-10-08,0.9500,0.9600,0.9400,0.9600,4269,0
D,2012-10-05,0.9500,0.9650,0.9500,0.9600,1693,0
D,2012-10-04,0.9600,0.9650,0.9500,0.9550,4491,0
D,2012-10-03,0.9650,0.9700,0.9500,0.9500,7291,0
D,2012-05-03,1.0100,1.0400,1.0100,1.0300,7273,0
D,2012-05-02,1.0200,1.0300,1.0100,1.0200,2461,0
