D,2014-10-14,0.1050,0.1050,0.1050,0.1050,2250,0
D,2014-10-13,0.1050,0.1050,0.1050,0.1050,1023,0
D,2014-10-10,0.1050,0.1050,0.1050,0.1050,4725,0
D,2014-10-09,0.1050,0.1050,0.1050,0.1050,310,0
D,2014-10-08,0.1100,0.1100,0.1000,0.1050,3291,0
D,2014-10-07,0.1100,0.1100,0.1100,0.1100,6130,0
D,2014-10-03,0.1100,0.1100,0.1100,0.1100,309,0
D,2014-10-02,0.1100,0.1100,0.1100,0.1100,1573,0
D,2014-10-01,0.1100,0.1100,0.1100,0.1100,1970,0
D,2014-09-30,0.1100,0.1150,0.1100,0.1150,1300,0
D,2014-09-29,0.1100,0.1100,0.1100,0.1100,1000,0
D,2014-09-26,0.1100,0.1100,0.1100,0.1100,0,0
D,2014-09-25,0.1050,0.1100,0.1050,0.1100,2200,0
D,2014-09-24,0.1100,0.1100,0.1100,0.1100,1548,0
D,2014-09-23,0.1100,0.1100,0.1100,0.1100,1679,0
D,2014-09-22,0.1100,0.1150,0.1100,0.1150,203,0
D,2014-09-19,0.1100,0.1100,0.1050,0.1050,1422,0
D,2014-09-18,0.1100,0.1150,0.1100,0.1150,4,0
D,2014-09-17,0.1100,0.1150,0.1100,0.1150,1266,0
D,2014-09-15,0.1100,0.1150,0.1100,0.1150,471,0
D,2014-09-12,0.1100,0.1150,0.1100,0.1150,1882,0
D,2014-09-11,0.1100,0.1150,0.1100,0.1150,1897,0
D,2014-09-10,0.1100,0.1150,0.1050,0.1100,3324,0
D,2014-09-09,0.1100,0.1200,0.1100,0.1150,9102,0
D,2014-09-08,0.1000,0.1150,0.1000,0.1150,10958,0
D,2014-09-05,0.1000,0.1050,0.1000,0.1050,2254,0
D,2014-09-04,0.1050,0.1050,0.1000,0.1050,2375,0
D,2014-09-03,0.1050,0.1100,0.1050,0.1100,1008,0
D,2014-09-02,0.1050,0.1100,0.1050,0.1100,4004,0
D,2014-08-29,0.1100,0.1100,0.1000,0.1050,6697,0
D,2014-08-28,0.1100,0.1100,0.1100,0.1100,310,0
D,2014-08-27,0.1050,0.1100,0.1050,0.1100,5351,0
D,2014-08-26,0.1050,0.1050,0.1050,0.1050,3136,0
D,2014-08-25,0.1100,0.1100,0.1050,0.1050,790,0
D,2014-08-22,0.1100,0.1100,0.1050,0.1100,2802,0
D,2014-08-21,0.1100,0.1100,0.1050,0.1050,52,0
D,2014-08-20,0.1100,0.1150,0.1050,0.1100,18371,0
D,2014-08-19,0.1000,0.1100,0.1000,0.1050,2800,0
D,2014-08-18,0.1050,0.1050,0.1000,0.1050,3280,0
D,2014-08-15,0.1050,0.1050,0.1050,0.1050,2850,0
D,2014-08-14,0.1050,0.1050,0.1050,0.1050,650,0
D,2014-08-13,0.1050,0.1050,0.1050,0.1050,640,0
D,2014-08-12,0.1050,0.1050,0.1050,0.1050,1000,0
D,2014-08-11,0.1050,0.1050,0.1050,0.1050,384,0
D,2014-08-08,0.1050,0.1050,0.1050,0.1050,2264,0
D,2014-08-07,0.1050,0.1100,0.1050,0.1100,2337,0
D,2014-08-06,0.1050,0.1100,0.1050,0.1050,6246,0
D,2014-08-05,0.1050,0.1100,0.1050,0.1100,202,0
D,2014-08-04,0.1050,0.1100,0.1050,0.1100,495,0
D,2014-08-01,0.1050,0.1100,0.1050,0.1050,2150,0
D,2014-07-31,0.1000,0.1050,0.1000,0.1050,4008,0
D,2014-07-30,0.1100,0.1100,0.1050,0.1100,446,0
D,2014-07-25,0.1050,0.1100,0.1050,0.1050,1890,0
D,2014-07-24,0.1050,0.1050,0.1050,0.1050,1887,0
D,2014-07-23,0.1050,0.1100,0.1050,0.1050,3098,0
D,2014-07-22,0.1000,0.1050,0.1000,0.1050,3629,0
D,2014-07-21,0.1050,0.1050,0.1000,0.1000,6590,0
D,2014-07-18,0.1050,0.1100,0.1050,0.1050,2153,0
D,2014-07-17,0.1100,0.1100,0.1000,0.1050,4992,0
D,2014-07-16,0.1100,0.1100,0.1000,0.1050,14085,0
D,2014-07-14,0.1100,0.1100,0.1000,0.1050,9686,0
D,2014-07-11,0.1200,0.1200,0.1050,0.1100,6380,0
D,2014-07-10,0.1250,0.1250,0.1200,0.1250,4552,0
D,2014-07-09,0.1350,0.1450,0.1250,0.1250,124053,0
D,2014-07-08,0.1050,0.1300,0.1050,0.1300,17780,0
D,2014-07-07,0.1000,0.1050,0.1000,0.1050,5363,0
D,2014-07-04,0.1000,0.1000,0.1000,0.1000,1400,0
D,2014-07-03,0.1000,0.1000,0.1000,0.1000,0,0
D,2014-07-02,0.1000,0.1000,0.0950,0.1000,7296,0
D,2014-07-01,0.1050,0.1050,0.1050,0.1050,1000,0
D,2014-06-30,0.1000,0.1050,0.1000,0.1000,1412,0
D,2014-06-27,0.1000,0.1000,0.1000,0.1000,898,0
D,2014-06-26,0.1000,0.1000,0.1000,0.1000,1560,0
D,2014-06-25,0.1000,0.1100,0.1000,0.1100,542,0
D,2014-06-24,0.1050,0.1100,0.1050,0.1100,901,0
D,2014-06-23,0.1000,0.1000,0.1000,0.1000,133,0
D,2014-06-20,0.1000,0.1000,0.1000,0.1000,0,0
D,2014-06-19,0.1050,0.1050,0.1000,0.1000,1592,0
D,2014-06-18,0.1000,0.1050,0.1000,0.1050,935,0
D,2014-06-17,0.1000,0.1000,0.1000,0.1000,573,0
D,2014-06-16,0.1000,0.1050,0.0950,0.0950,1202,0
D,2014-06-13,0.0950,0.1050,0.0950,0.1050,25,0
D,2014-06-12,0.1050,0.1050,0.1050,0.1050,2,0
D,2014-06-11,0.1000,0.1000,0.1000,0.1000,0,0
D,2014-06-10,0.1000,0.1000,0.1000,0.1000,1000,0
D,2014-06-09,0.0950,0.0950,0.0950,0.0950,800,0
D,2014-06-06,0.1000,0.1000,0.1000,0.1000,798,0
D,2014-06-05,0.1050,0.1050,0.1050,0.1050,0,0
D,2014-06-04,0.1000,0.1050,0.1000,0.1050,702,0
D,2014-06-03,0.1000,0.1000,0.1000,0.1000,600,0
D,2014-06-02,0.1100,0.1100,0.1100,0.1100,5,0
D,2014-05-30,0.1000,0.1000,0.1000,0.1000,152,0
D,2014-05-29,0.1050,0.1100,0.1050,0.1100,1902,0
D,2014-05-28,0.1050,0.1050,0.1050,0.1050,0,0
D,2014-05-27,0.1050,0.1050,0.1050,0.1050,272,0
D,2014-05-26,0.1050,0.1150,0.1050,0.1150,402,0
D,2014-05-23,0.1000,0.1000,0.1000,0.1000,400,0
D,2014-05-22,0.1050,0.1050,0.1050,0.1050,200,0
D,2014-05-21,0.1050,0.1050,0.1050,0.1050,2211,0
D,2014-05-20,0.1050,0.1100,0.1050,0.1050,1100,0
D,2014-05-19,0.1100,0.1100,0.1050,0.1050,508,0
D,2014-05-16,0.1000,0.1050,0.1000,0.1050,652,0
D,2014-05-15,0.1050,0.1100,0.1050,0.1050,3368,0
D,2014-05-14,0.1050,0.1050,0.1050,0.1050,0,0
D,2014-05-12,0.1050,0.1050,0.1000,0.1050,1601,0
D,2014-05-09,0.1000,0.1000,0.1000,0.1000,99,0
D,2014-05-08,0.1050,0.1050,0.1050,0.1050,0,0
D,2014-05-07,0.1000,0.1050,0.1000,0.1050,3,0
D,2014-05-06,0.1000,0.1050,0.1000,0.1050,715,0
D,2014-05-05,0.1000,0.1000,0.0950,0.1000,3913,0
D,2014-05-02,0.1050,0.1050,0.1050,0.1050,0,0
D,2014-04-30,0.1000,0.1050,0.1000,0.1050,700,0
D,2014-04-29,0.1050,0.1050,0.1000,0.1050,4151,0
D,2014-04-28,0.1100,0.1150,0.1050,0.1050,1355,0
D,2014-04-25,0.1100,0.1100,0.1100,0.1100,604,0
D,2014-04-24,0.1100,0.1150,0.1100,0.1150,602,0
D,2014-04-23,0.1100,0.1100,0.1100,0.1100,0,0
D,2014-04-22,0.1100,0.1100,0.1100,0.1100,3292,0
D,2014-04-21,0.1150,0.1150,0.1100,0.1150,5208,0
D,2014-04-18,0.1150,0.1150,0.1150,0.1150,1900,0
D,2014-04-17,0.1150,0.1150,0.1150,0.1150,53,0
D,2014-04-16,0.1150,0.1150,0.1100,0.1150,700,0
D,2014-04-15,0.1150,0.1200,0.1100,0.1150,2674,0
D,2014-04-14,0.1100,0.1200,0.1100,0.1150,3708,0
D,2014-04-11,0.1050,0.1100,0.1050,0.1100,502,0
D,2014-04-10,0.1050,0.1100,0.1050,0.1100,401,0
D,2014-04-09,0.1050,0.1050,0.1050,0.1050,100,0
D,2014-04-08,0.1050,0.1050,0.1050,0.1050,0,0
D,2014-04-07,0.1050,0.1050,0.1050,0.1050,200,0
D,2014-04-04,0.1050,0.1050,0.1050,0.1050,253,0
D,2014-04-03,0.1050,0.1050,0.1050,0.1050,620,0
D,2014-04-02,0.1100,0.1100,0.1100,0.1100,0,0
D,2014-04-01,0.1100,0.1100,0.1100,0.1100,0,0
D,2014-03-31,0.1100,0.1100,0.1100,0.1100,700,0
D,2014-03-28,0.1100,0.1100,0.1100,0.1100,1100,0
D,2014-03-27,0.1100,0.1100,0.1100,0.1100,700,0
D,2014-03-26,0.1100,0.1150,0.1100,0.1150,5,0
D,2014-03-25,0.1150,0.1200,0.1100,0.1150,4604,0
D,2014-03-24,0.1050,0.1150,0.1050,0.1150,1102,0
D,2014-03-21,0.1050,0.1100,0.1050,0.1100,502,0
D,2014-03-20,0.1000,0.1150,0.1000,0.1050,1155,0
D,2014-03-19,0.1050,0.1050,0.1000,0.1000,2452,0
D,2014-03-18,0.1000,0.1050,0.1000,0.1050,230,0
D,2014-03-17,0.1000,0.1000,0.1000,0.1000,1720,0
D,2014-03-14,0.1000,0.1050,0.1000,0.1000,5840,0
D,2014-03-13,0.1050,0.1100,0.1050,0.1100,402,0
D,2014-03-12,0.1050,0.1050,0.1050,0.1050,0,0
D,2014-03-11,0.1050,0.1050,0.1050,0.1050,1810,0
D,2014-03-10,0.1050,0.1050,0.1050,0.1050,301,0
D,2014-03-07,0.1100,0.1100,0.1100,0.1100,200,0
D,2014-03-06,0.1100,0.1100,0.1100,0.1100,200,0
D,2014-03-05,0.1050,0.1100,0.1050,0.1100,3108,0
D,2014-03-04,0.1050,0.1100,0.1050,0.1100,3927,0
D,2014-03-03,0.1100,0.1100,0.1050,0.1050,3050,0
D,2014-02-28,0.1100,0.1150,0.1100,0.1150,1000,0
D,2014-02-27,0.1100,0.1150,0.1100,0.1150,2554,0
D,2014-02-26,0.1150,0.1150,0.1150,0.1150,350,0
D,2014-02-25,0.1150,0.1150,0.1100,0.1150,2302,0
D,2014-02-24,0.1200,0.1200,0.1100,0.1150,2742,0
D,2014-02-21,0.1150,0.1150,0.1150,0.1150,1997,0
D,2014-02-20,0.1200,0.1200,0.1150,0.1150,900,0
D,2014-02-19,0.1100,0.1150,0.1100,0.1150,650,0
D,2014-02-18,0.1200,0.1200,0.1150,0.1200,7350,0
D,2014-02-17,0.1150,0.1200,0.1150,0.1200,923,0
D,2014-02-14,0.1100,0.1100,0.1100,0.1100,0,0
D,2014-02-13,0.1150,0.1200,0.1100,0.1100,1231,0
D,2014-02-12,0.1100,0.1100,0.1100,0.1100,1300,0
D,2014-02-11,0.1150,0.1150,0.1150,0.1150,400,0
D,2014-02-10,0.1100,0.1100,0.1100,0.1100,2258,0
D,2014-02-07,0.1100,0.1100,0.1050,0.1050,800,0
D,2014-02-06,0.1100,0.1100,0.1100,0.1100,700,0
D,2014-02-05,0.1100,0.1100,0.1100,0.1100,500,0
D,2014-02-04,0.1100,0.1100,0.1100,0.1100,0,0
D,2014-01-30,0.1100,0.1100,0.1100,0.1100,0,0
D,2014-01-29,0.1100,0.1100,0.1100,0.1100,100,0
D,2014-01-28,0.1100,0.1100,0.1100,0.1100,900,0
D,2014-01-27,0.1100,0.1100,0.1100,0.1100,400,0
D,2014-01-24,0.1100,0.1100,0.1100,0.1100,0,0
D,2014-01-23,0.1100,0.1100,0.1100,0.1100,0,0
D,2014-01-22,0.1100,0.1100,0.1100,0.1100,350,0
D,2014-01-21,0.1100,0.1100,0.1100,0.1100,4802,0
D,2014-01-20,0.1100,0.1100,0.1100,0.1100,2025,0
D,2014-01-16,0.1100,0.1100,0.1100,0.1100,500,0
D,2014-01-15,0.1100,0.1100,0.1100,0.1100,850,0
D,2014-01-13,0.1150,0.1150,0.1100,0.1100,1300,0
D,2014-01-10,0.1150,0.1150,0.1150,0.1150,1036,0
D,2014-01-09,0.1150,0.1150,0.1100,0.1150,2633,0
D,2014-01-08,0.1150,0.1150,0.1100,0.1100,2971,0
D,2014-01-07,0.1100,0.1150,0.1100,0.1150,250,0
D,2014-01-06,0.1050,0.1100,0.1050,0.1100,250,0
D,2014-01-03,0.1050,0.1050,0.1050,0.1050,100,0
D,2014-01-02,0.1050,0.1050,0.1050,0.1050,120,0
D,2013-12-31,0.1150,0.1150,0.1050,0.1100,2300,0
D,2013-12-30,0.1150,0.1150,0.1150,0.1150,0,0
D,2013-12-27,0.1050,0.1150,0.1050,0.1150,710,0
D,2013-12-26,0.1050,0.1050,0.1050,0.1050,195,0
D,2013-12-24,0.1050,0.1100,0.1050,0.1100,145,0
D,2013-12-23,0.1050,0.1050,0.1050,0.1050,828,0
D,2013-12-20,0.1050,0.1100,0.1050,0.1050,410,0
D,2013-12-19,0.1100,0.1150,0.1100,0.1100,860,0
D,2013-12-18,0.1100,0.1100,0.1100,0.1100,50,0
D,2013-12-17,0.1150,0.1150,0.1150,0.1150,900,0
D,2013-12-16,0.1150,0.1150,0.1150,0.1150,0,0
D,2013-12-13,0.1150,0.1150,0.1150,0.1150,400,0
D,2013-12-12,0.1150,0.1150,0.1150,0.1150,1351,0
D,2013-12-11,0.1150,0.1150,0.1150,0.1150,530,0
D,2013-12-10,0.1200,0.1200,0.1200,0.1200,0,0
D,2013-12-09,0.1150,0.1200,0.1150,0.1200,700,0
D,2013-12-06,0.1100,0.1100,0.1100,0.1100,125,0
D,2013-12-05,0.1150,0.1150,0.1150,0.1150,100,0
D,2013-12-04,0.1150,0.1150,0.1150,0.1150,400,0
D,2013-12-03,0.1150,0.1150,0.1150,0.1150,630,0
D,2013-12-02,0.1100,0.1150,0.1100,0.1150,200,0
D,2013-11-29,0.1100,0.1150,0.1100,0.1150,2341,0
D,2013-11-28,0.1200,0.1200,0.1150,0.1200,4851,0
D,2013-11-27,0.1200,0.1250,0.1150,0.1250,2974,0
D,2013-11-26,0.1250,0.1250,0.1200,0.1200,9276,0
D,2013-11-25,0.1300,0.1300,0.1300,0.1300,0,0
D,2013-11-22,0.1300,0.1300,0.1300,0.1300,1050,0
D,2013-11-21,0.1300,0.1300,0.1300,0.1300,2840,0
D,2013-11-20,0.1350,0.1350,0.1300,0.1300,1900,0
D,2013-11-19,0.1350,0.1350,0.1350,0.1350,610,0
D,2013-11-18,0.1350,0.1400,0.1350,0.1400,1505,0
D,2013-11-15,0.1400,0.1400,0.1350,0.1350,800,0
D,2013-11-14,0.1400,0.1400,0.1400,0.1400,0,0
D,2013-11-13,0.1400,0.1400,0.1400,0.1400,630,0
D,2013-11-12,0.1450,0.1450,0.1400,0.1400,996,0
D,2013-11-11,0.1450,0.1450,0.1400,0.1400,1456,0
D,2013-11-08,0.1400,0.1400,0.1400,0.1400,1000,0
D,2013-11-07,0.1400,0.1400,0.1400,0.1400,895,0
D,2013-11-06,0.1400,0.1400,0.1350,0.1350,3250,0
D,2013-11-04,0.1400,0.1400,0.1350,0.1400,7070,0
D,2013-11-01,0.1350,0.1450,0.1350,0.1450,4871,0
D,2013-10-31,0.1350,0.1400,0.1350,0.1400,800,0
D,2013-10-30,0.1350,0.1350,0.1350,0.1350,2027,0
D,2013-10-29,0.1450,0.1450,0.1350,0.1350,5211,0
D,2013-10-28,0.1400,0.1450,0.1350,0.1450,4096,0
D,2013-10-25,0.1450,0.1450,0.1400,0.1450,1310,0
D,2013-10-24,0.1450,0.1450,0.1400,0.1450,4800,0
D,2013-10-23,0.1400,0.1550,0.1400,0.1450,43098,0
D,2013-10-22,0.1350,0.1400,0.1350,0.1400,1663,0
D,2013-10-21,0.1400,0.1400,0.1350,0.1350,171,0
D,2013-10-18,0.1300,0.1400,0.1300,0.1400,5810,0
D,2013-10-17,0.1350,0.1350,0.1350,0.1350,332,0
D,2013-10-16,0.1350,0.1350,0.1350,0.1350,2113,0
D,2013-10-14,0.1350,0.1400,0.1350,0.1350,2350,0
D,2013-10-11,0.1300,0.1300,0.1300,0.1300,0,0
D,2013-10-10,0.1350,0.1350,0.1300,0.1300,1200,0
D,2013-10-09,0.1300,0.1300,0.1300,0.1300,450,0
D,2013-10-08,0.1250,0.1300,0.1250,0.1300,2570,0
D,2013-10-07,0.1300,0.1350,0.1300,0.1300,2570,0
D,2013-10-04,0.1350,0.1350,0.1350,0.1350,973,0
D,2013-10-03,0.1350,0.1350,0.1300,0.1300,4446,0
D,2013-10-02,0.1350,0.1400,0.1350,0.1350,7700,0
D,2013-10-01,0.1350,0.1400,0.1350,0.1350,800,0
D,2013-09-30,0.1450,0.1450,0.1350,0.1350,6985,0
D,2013-09-27,0.1400,0.1450,0.1400,0.1400,7100,0
D,2013-09-26,0.1350,0.1450,0.1350,0.1350,14680,0
D,2013-09-25,0.1350,0.1350,0.1350,0.1350,1490,0
D,2013-09-24,0.1300,0.1400,0.1300,0.1300,5075,0
D,2013-09-23,0.1300,0.1300,0.1300,0.1300,3148,0
D,2013-09-20,0.1350,0.1350,0.1300,0.1300,600,0
D,2013-09-19,0.1400,0.1400,0.1300,0.1350,8175,0
D,2013-09-18,0.1250,0.1400,0.1250,0.1400,25121,0
D,2013-09-17,0.1250,0.1250,0.1250,0.1250,446,0
D,2013-09-13,0.1300,0.1300,0.1300,0.1300,0,0
D,2013-09-12,0.1300,0.1300,0.1300,0.1300,0,0
D,2013-09-11,0.1200,0.1300,0.1200,0.1300,1010,0
D,2013-09-10,0.1300,0.1300,0.1300,0.1300,10,0
D,2013-09-09,0.1250,0.1250,0.1200,0.1200,1390,0
D,2013-09-06,0.1200,0.1250,0.1200,0.1250,501,0
D,2013-09-05,0.1200,0.1200,0.1200,0.1200,160,0
D,2013-09-04,0.1200,0.1200,0.1200,0.1200,700,0
D,2013-09-03,0.1250,0.1300,0.1200,0.1300,1603,0
D,2013-09-02,0.1250,0.1250,0.1250,0.1250,600,0
D,2013-08-30,0.1300,0.1300,0.1200,0.1300,5575,0
D,2013-08-29,0.1200,0.1300,0.1200,0.1300,142,0
D,2013-08-28,0.1250,0.1250,0.1200,0.1200,1930,0
D,2013-08-27,0.1300,0.1300,0.1250,0.1250,3700,0
D,2013-08-26,0.1350,0.1350,0.1300,0.1300,605,0
D,2013-08-23,0.1350,0.1350,0.1350,0.1350,0,0
D,2013-08-22,0.1350,0.1350,0.1300,0.1350,3441,0
D,2013-08-21,0.1350,0.1350,0.1350,0.1350,2010,0
D,2013-08-20,0.1400,0.1450,0.1350,0.1350,1243,0
D,2013-08-19,0.1400,0.1450,0.1400,0.1400,1671,0
D,2013-08-16,0.1400,0.1450,0.1400,0.1450,1780,0
D,2013-08-15,0.1350,0.1450,0.1350,0.1450,1951,0
D,2013-08-14,0.1400,0.1400,0.1350,0.1350,800,0
D,2013-08-13,0.1350,0.1350,0.1350,0.1350,343,0
D,2013-08-12,0.1350,0.1350,0.1350,0.1350,0,0
D,2013-08-07,0.1350,0.1350,0.1350,0.1350,31,0
D,2013-08-06,0.1400,0.1400,0.1350,0.1350,938,0
D,2013-08-05,0.1350,0.1350,0.1350,0.1350,0,0
D,2013-08-02,0.1350,0.1350,0.1350,0.1350,0,0
D,2013-08-01,0.1350,0.1350,0.1350,0.1350,1105,0
D,2013-07-31,0.1350,0.1350,0.1350,0.1350,2685,0
D,2013-07-30,0.1350,0.1400,0.1350,0.1350,2460,0
D,2013-07-29,0.1350,0.1350,0.1350,0.1350,980,0
D,2013-07-26,0.1400,0.1400,0.1400,0.1400,750,0
D,2013-07-25,0.1400,0.1400,0.1400,0.1400,400,0
D,2013-07-24,0.1400,0.1400,0.1400,0.1400,550,0
D,2013-07-23,0.1400,0.1450,0.1400,0.1450,552,0
D,2013-07-22,0.1400,0.1450,0.1400,0.1400,1001,0
D,2013-07-19,0.1400,0.1400,0.1400,0.1400,4072,0
D,2013-07-18,0.1450,0.1450,0.1400,0.1400,750,0
D,2013-07-17,0.1400,0.1400,0.1400,0.1400,0,0
D,2013-07-16,0.1400,0.1400,0.1400,0.1400,1000,0
D,2013-07-15,0.1450,0.1450,0.1450,0.1450,1640,0
D,2013-07-12,0.1450,0.1500,0.1450,0.1450,1500,0
D,2013-07-11,0.1450,0.1450,0.1450,0.1450,1300,0
D,2013-07-10,0.1450,0.1500,0.1400,0.1400,1984,0
D,2013-07-09,0.1400,0.1450,0.1400,0.1450,4671,0
D,2013-07-08,0.1400,0.1400,0.1400,0.1400,1569,0
D,2013-07-05,0.1400,0.1400,0.1350,0.1400,1298,0
D,2013-07-04,0.1400,0.1400,0.1350,0.1350,1714,0
D,2013-07-03,0.1350,0.1400,0.1300,0.1350,455,0
D,2013-07-02,0.1350,0.1400,0.1350,0.1400,3749,0
D,2013-07-01,0.1400,0.1400,0.1350,0.1350,1810,0
D,2013-06-28,0.1400,0.1450,0.1400,0.1450,1430,0
D,2013-06-27,0.1400,0.1400,0.1350,0.1350,830,0
D,2013-06-26,0.1400,0.1450,0.1350,0.1450,10126,0
D,2013-06-25,0.1400,0.1450,0.1350,0.1400,2912,0
D,2013-06-24,0.1450,0.1450,0.1400,0.1400,2416,0
D,2013-06-21,0.1400,0.1400,0.1400,0.1400,4725,0
D,2013-06-20,0.1450,0.1450,0.1450,0.1450,3728,0
D,2013-06-19,0.1450,0.1500,0.1450,0.1500,2246,0
D,2013-06-18,0.1500,0.1500,0.1450,0.1450,5538,0
D,2013-06-17,0.1500,0.1500,0.1450,0.1500,12064,0
D,2013-06-14,0.1500,0.1500,0.1450,0.1450,5780,0
D,2013-06-13,0.1500,0.1500,0.1450,0.1450,4473,0
D,2013-06-12,0.1550,0.1550,0.1450,0.1500,21653,0
D,2013-06-11,0.1650,0.1650,0.1550,0.1600,12586,0
D,2013-06-10,0.1700,0.1700,0.1600,0.1650,15296,0
D,2013-06-07,0.1650,0.1750,0.1650,0.1700,7094,0
D,2013-06-06,0.1800,0.1950,0.1650,0.1650,198962,0
D,2013-06-05,0.1750,0.1750,0.1750,0.1750,14432,0
D,2013-06-04,0.1750,0.1800,0.1750,0.1750,8440,0
D,2013-06-03,0.1800,0.1800,0.1700,0.1700,16713,0
D,2013-05-31,0.1850,0.1900,0.1800,0.1850,63639,0
D,2013-05-30,0.1800,0.1900,0.1800,0.1800,30116,0
D,2013-05-29,0.1850,0.1900,0.1800,0.1850,28818,0
D,2013-05-28,0.1750,0.1950,0.1750,0.1900,50858,0
D,2013-05-27,0.1850,0.1850,0.1700,0.1750,53412,0
D,2013-05-23,0.1950,0.2000,0.1850,0.1850,32726,0
D,2013-05-22,0.2050,0.2050,0.1900,0.2000,43291,0
D,2013-05-21,0.2050,0.2100,0.2000,0.2050,41299,0
D,2013-05-20,0.2550,0.2550,0.2000,0.2000,395314,0
D,2013-05-17,0.2350,0.2650,0.2350,0.2600,76480,0
D,2013-05-16,0.2450,0.2500,0.2300,0.2400,78881,0
D,2013-05-15,0.2350,0.2500,0.2350,0.2450,304745,0
D,2013-05-14,0.2100,0.2350,0.2100,0.2350,132984,0
D,2013-05-13,0.2000,0.2200,0.1950,0.2150,73838,0
D,2013-05-10,0.2000,0.2050,0.1950,0.2000,12701,0
D,2013-05-09,0.2100,0.2150,0.1900,0.2050,26825,0
D,2013-05-08,0.2050,0.2250,0.2050,0.2150,150787,0
D,2013-05-07,0.1850,0.2100,0.1850,0.2100,84182,0
D,2013-05-06,0.1750,0.1850,0.1700,0.1850,25370,0
D,2013-05-03,0.1650,0.1750,0.1650,0.1700,22029,0
D,2013-05-02,0.1600,0.1650,0.1600,0.1650,20214,0
D,2013-04-30,0.1650,0.1650,0.1600,0.1600,5589,0
D,2013-04-29,0.1700,0.1700,0.1650,0.1650,9253,0
D,2013-04-26,0.1900,0.1900,0.1650,0.1650,40164,0
D,2013-04-25,0.2000,0.2000,0.1900,0.1900,27090,0
D,2013-04-24,0.2000,0.2100,0.2000,0.2050,150595,0
D,2013-04-23,0.2050,0.2150,0.1950,0.2000,140862,0
D,2013-04-22,0.2000,0.2300,0.2000,0.2100,337966,0
D,2013-04-19,0.1850,0.2000,0.1800,0.2000,28081,0
D,2013-04-18,0.1650,0.1850,0.1650,0.1800,18296,0
D,2013-04-17,0.1550,0.1700,0.1550,0.1650,14823,0
D,2013-04-16,0.1400,0.1550,0.1400,0.1550,3443,0
D,2013-04-15,0.1300,0.1450,0.1300,0.1400,1124,0
D,2013-04-12,0.1350,0.1450,0.1350,0.1350,314,0
D,2013-04-11,0.1400,0.1400,0.1400,0.1400,1000,0
D,2013-04-10,0.1400,0.1400,0.1400,0.1400,900,0
D,2013-04-09,0.1350,0.1400,0.1350,0.1350,331,0
D,2013-04-08,0.1350,0.1350,0.1350,0.1350,320,0
D,2013-04-05,0.1300,0.1400,0.1250,0.1400,605,0
D,2013-04-04,0.1250,0.1250,0.1250,0.1250,375,0
D,2013-04-03,0.1300,0.1300,0.1300,0.1300,238,0
D,2013-04-02,0.1250,0.1300,0.1250,0.1300,1195,0
D,2013-04-01,0.1300,0.1300,0.1250,0.1250,150,0
D,2013-03-29,0.1250,0.1300,0.1250,0.1300,225,0
D,2013-03-28,0.1250,0.1250,0.1250,0.1250,100,0
D,2013-03-27,0.1250,0.1250,0.1250,0.1250,283,0
D,2013-03-26,0.1300,0.1300,0.1300,0.1300,669,0
D,2013-03-25,0.1350,0.1350,0.1350,0.1350,0,0
D,2013-03-22,0.1450,0.1600,0.1350,0.1350,161,0
D,2013-03-21,0.1350,0.1350,0.1350,0.1350,400,0
D,2013-03-20,0.1300,0.1350,0.1300,0.1350,400,0
D,2013-03-19,0.1350,0.1350,0.1350,0.1350,610,0
D,2013-03-18,0.1350,0.1350,0.1350,0.1350,200,0
D,2013-03-15,0.1450,0.1600,0.1400,0.1400,2494,0
D,2013-03-14,0.1350,0.1450,0.1300,0.1350,208,0
D,2013-03-13,0.1550,0.1550,0.1550,0.1550,1,0
D,2013-03-12,0.1550,0.1550,0.1350,0.1500,163,0
D,2013-03-11,0.1550,0.1550,0.1550,0.1550,1,0
D,2013-03-08,0.1500,0.1500,0.1500,0.1500,0,0
D,2013-03-07,0.1400,0.1500,0.1350,0.1500,402,0
D,2013-03-06,0.1550,0.1550,0.1450,0.1450,667,0
D,2013-03-05,0.1500,0.1500,0.1500,0.1500,0,0
D,2013-03-04,0.1500,0.1500,0.1500,0.1500,2,0
D,2013-03-01,0.1500,0.1500,0.1400,0.1450,402,0
D,2013-02-28,0.1450,0.1450,0.1450,0.1450,0,0
D,2013-02-27,0.1450,0.1600,0.1300,0.1450,235,0
D,2013-02-26,0.1400,0.1400,0.1350,0.1350,350,0
D,2013-02-25,0.1400,0.1450,0.1350,0.1450,720,0
D,2013-02-22,0.1400,0.1400,0.1350,0.1400,580,0
D,2013-02-21,0.1400,0.1400,0.1200,0.1350,1220,0
D,2013-02-20,0.1450,0.1500,0.1450,0.1500,300,0
D,2013-02-19,0.1450,0.1450,0.1450,0.1450,0,0
D,2013-02-18,0.1350,0.1500,0.1350,0.1450,500,0
D,2013-02-15,0.1350,0.1350,0.1350,0.1350,0,0
D,2013-02-14,0.1350,0.1350,0.1350,0.1350,50,0
D,2013-02-13,0.1400,0.1400,0.1400,0.1400,0,0
D,2013-02-08,0.1400,0.1400,0.1400,0.1400,0,0
D,2013-02-07,0.1400,0.1400,0.1350,0.1400,750,0
D,2013-02-06,0.1400,0.1400,0.1400,0.1400,920,0
D,2013-02-05,0.1400,0.1400,0.1400,0.1400,650,0
D,2013-02-04,0.1400,0.1400,0.1400,0.1400,1000,0
D,2013-01-31,0.1500,0.1500,0.1500,0.1500,0,0
D,2013-01-30,0.1500,0.1500,0.1500,0.1500,0,0
D,2013-01-29,0.1550,0.1550,0.1500,0.1500,1050,0
D,2013-01-25,0.1500,0.1500,0.1500,0.1500,500,0
D,2013-01-23,0.1600,0.1600,0.1600,0.1600,0,0
D,2013-01-22,0.1450,0.1600,0.1450,0.1600,581,0
D,2013-01-21,0.1500,0.1550,0.1500,0.1500,1140,0
D,2013-01-18,0.1600,0.1650,0.1600,0.1650,510,0
D,2013-01-17,0.1600,0.1600,0.1600,0.1600,490,0
D,2013-01-16,0.1600,0.1600,0.1600,0.1600,500,0
D,2013-01-15,0.1650,0.1650,0.1600,0.1600,160,0
D,2013-01-14,0.1600,0.1600,0.1600,0.1600,1024,0
D,2013-01-11,0.1550,0.1550,0.1550,0.1550,600,0
D,2013-01-10,0.1550,0.1550,0.1550,0.1550,150,0
D,2013-01-09,0.1600,0.1650,0.1600,0.1650,484,0
D,2013-01-08,0.1650,0.1650,0.1600,0.1650,3466,0
D,2013-01-07,0.1650,0.1650,0.1650,0.1650,0,0
D,2013-01-04,0.1600,0.1650,0.1600,0.1650,3488,0
D,2013-01-03,0.1600,0.1600,0.1550,0.1550,1150,0
D,2013-01-02,0.1500,0.1550,0.1500,0.1550,461,0
D,2012-12-31,0.1650,0.1650,0.1500,0.1500,834,0
D,2012-12-28,0.1400,0.1500,0.1400,0.1500,892,0
D,2012-12-27,0.1500,0.1500,0.1500,0.1500,0,0
D,2012-12-26,0.1500,0.1500,0.1500,0.1500,170,0
D,2012-12-24,0.1500,0.1500,0.1500,0.1500,300,0
D,2012-12-21,0.1500,0.1500,0.1500,0.1500,0,0
D,2012-12-20,0.1500,0.1500,0.1500,0.1500,600,0
D,2012-12-19,0.1450,0.1500,0.1450,0.1500,101,0
D,2012-12-18,0.1400,0.1400,0.1400,0.1400,200,0
D,2012-12-17,0.1400,0.1500,0.1400,0.1500,791,0
D,2012-12-14,0.1400,0.1400,0.1400,0.1400,0,0
D,2012-12-13,0.1400,0.1400,0.1400,0.1400,0,0
D,2012-12-12,0.1400,0.1400,0.1400,0.1400,150,0
D,2012-12-11,0.1350,0.1400,0.1300,0.1400,400,0
D,2012-12-10,0.1400,0.1400,0.1400,0.1400,0,0
D,2012-12-07,0.1400,0.1400,0.1400,0.1400,60,0
D,2012-12-06,0.1450,0.1450,0.1400,0.1400,1900,0
D,2012-12-05,0.1400,0.1500,0.1400,0.1500,1804,0
D,2012-12-04,0.1400,0.1400,0.1400,0.1400,200,0
D,2012-12-03,0.1500,0.1500,0.1450,0.1500,1380,0
D,2012-11-30,0.1450,0.1500,0.1450,0.1500,950,0
D,2012-11-29,0.1500,0.1500,0.1500,0.1500,229,0
D,2012-11-28,0.1450,0.1450,0.1450,0.1450,1300,0
D,2012-11-27,0.1550,0.1550,0.1500,0.1500,510,0
D,2012-11-26,0.1550,0.1550,0.1500,0.1500,1800,0
D,2012-11-23,0.1550,0.1550,0.1500,0.1500,700,0
D,2012-11-22,0.1550,0.1550,0.1550,0.1550,1015,0
D,2012-11-21,0.1600,0.1600,0.1550,0.1550,1900,0
D,2012-11-20,0.1750,0.1750,0.1500,0.1650,13872,0
D,2012-11-19,0.1850,0.1850,0.1850,0.1850,400,0
D,2012-11-16,0.1800,0.1800,0.1800,0.1800,500,0
D,2012-11-14,0.1850,0.1850,0.1850,0.1850,400,0
D,2012-11-12,0.1850,0.1900,0.1850,0.1900,300,0
D,2012-11-09,0.1800,0.1850,0.1800,0.1850,2400,0
D,2012-11-08,0.1800,0.1900,0.1800,0.1850,3863,0
D,2012-11-07,0.1850,0.1850,0.1850,0.1850,200,0
D,2012-11-06,0.1900,0.1900,0.1900,0.1900,700,0
D,2012-11-05,0.1950,0.1950,0.1900,0.1900,1150,0
D,2012-11-02,0.1900,0.2000,0.1900,0.1950,12071,0
D,2012-11-01,0.1800,0.1850,0.1800,0.1850,200,0
D,2012-10-31,0.1850,0.1850,0.1850,0.1850,217,0
D,2012-10-30,0.1850,0.1850,0.1850,0.1850,2000,0
D,2012-10-29,0.1900,0.1900,0.1850,0.1850,2002,0
D,2012-10-25,0.1900,0.1900,0.1850,0.1900,6334,0
D,2012-10-24,0.1850,0.1850,0.1850,0.1850,1320,0
D,2012-10-23,0.1850,0.1850,0.1800,0.1850,1916,0
D,2012-10-22,0.1850,0.1850,0.1800,0.1800,1540,0
D,2012-10-19,0.1800,0.1850,0.1800,0.1850,807,0
D,2012-10-18,0.1800,0.1850,0.1800,0.1800,5130,0
D,2012-10-17,0.1850,0.1850,0.1800,0.1800,1450,0
D,2012-10-16,0.1850,0.1850,0.1850,0.1850,1610,0
D,2012-10-15,0.1950,0.1950,0.1900,0.1900,540,0
D,2012-10-12,0.2050,0.2050,0.1900,0.1900,20730,0
D,2012-10-11,0.1800,0.2000,0.1800,0.2000,11786,0
D,2012-10-10,0.1750,0.1750,0.1750,0.1750,794,0
D,2012-10-09,0.1750,0.1750,0.1700,0.1700,400,0
D,2012-10-08,0.1800,0.1800,0.1800,0.1800,0,0
D,2012-10-05,0.1750,0.1800,0.1750,0.1800,1250,0
D,2012-10-04,0.1800,0.1800,0.1800,0.1800,100,0
D,2012-10-03,0.1800,0.1800,0.1800,0.1800,0,0
D,2012-05-03,0.2500,0.2550,0.2500,0.2550,1020,0
D,2012-05-02,0.2500,0.2500,0.2450,0.2450,502,0
