D,2014-03-03,0.0050,0.0050,0.0050,0.0050,0,0
D,2014-02-28,0.0050,0.0050,0.0050,0.0050,0,0
D,2014-02-27,0.0050,0.0050,0.0050,0.0050,0,0
D,2014-02-26,0.0050,0.0050,0.0050,0.0050,0,0
D,2014-02-25,0.0050,0.0050,0.0050,0.0050,0,0
D,2014-02-24,0.0050,0.0050,0.0050,0.0050,0,0
D,2014-02-21,0.0050,0.0050,0.0050,0.0050,0,0
D,2014-02-20,0.0050,0.0050,0.0050,0.0050,500,0
D,2014-02-19,0.0050,0.0050,0.0050,0.0050,4000,0
D,2014-02-18,0.0050,0.0050,0.0050,0.0050,0,0
D,2014-02-17,0.0050,0.0050,0.0050,0.0050,0,0
D,2014-02-14,0.0050,0.0050,0.0050,0.0050,0,0
D,2014-02-13,0.0050,0.0050,0.0050,0.0050,0,0
D,2014-02-12,0.0050,0.0050,0.0050,0.0050,0,0
D,2014-02-11,0.0050,0.0050,0.0050,0.0050,0,0
D,2014-02-10,0.0050,0.0050,0.0050,0.0050,1400,0
D,2014-02-07,0.0050,0.0050,0.0050,0.0050,700,0
D,2014-02-06,0.0050,0.0050,0.0050,0.0050,0,0
D,2014-02-05,0.0050,0.0050,0.0050,0.0050,0,0
D,2014-02-04,0.0050,0.0050,0.0050,0.0050,0,0
D,2014-01-30,0.0050,0.0050,0.0050,0.0050,0,0
D,2014-01-29,0.0050,0.0050,0.0050,0.0050,0,0
D,2014-01-28,0.0050,0.0050,0.0050,0.0050,0,0
D,2014-01-27,0.0050,0.0050,0.0050,0.0050,0,0
D,2014-01-24,0.0050,0.0050,0.0050,0.0050,201,0
D,2014-01-23,0.0100,0.0100,0.0050,0.0050,1508,0
D,2014-01-22,0.0050,0.0100,0.0050,0.0100,7416,0
D,2014-01-21,0.0050,0.0050,0.0050,0.0050,4639,0
D,2014-01-20,0.0100,0.0100,0.0050,0.0100,1234,0
D,2014-01-16,0.0050,0.0150,0.0050,0.0150,2177,0
D,2014-01-15,0.0100,0.0150,0.0050,0.0100,4877,0
D,2014-01-13,0.0100,0.0150,0.0100,0.0150,3100,0
D,2014-01-10,0.0150,0.0150,0.0150,0.0150,0,0
D,2014-01-09,0.0150,0.0150,0.0150,0.0150,0,0
D,2014-01-08,0.0150,0.0150,0.0150,0.0150,2540,0
D,2014-01-07,0.0150,0.0150,0.0150,0.0150,5782,0
D,2014-01-06,0.0150,0.0200,0.0150,0.0200,1182,0
D,2014-01-03,0.0250,0.0250,0.0250,0.0250,0,0
D,2014-01-02,0.0250,0.0250,0.0200,0.0250,2923,0
D,2013-12-31,0.0200,0.0250,0.0200,0.0250,2051,0
D,2013-12-30,0.0150,0.0200,0.0150,0.0150,14924,0
D,2013-12-27,0.0150,0.0150,0.0100,0.0150,5538,0
D,2013-12-26,0.0150,0.0150,0.0100,0.0150,5759,0
D,2013-12-24,0.0150,0.0150,0.0150,0.0150,7116,0
D,2013-12-23,0.0150,0.0200,0.0100,0.0200,1399,0
D,2013-12-20,0.0200,0.0200,0.0150,0.0200,13401,0
D,2013-12-19,0.0300,0.0300,0.0200,0.0200,8479,0
D,2013-12-18,0.0400,0.0400,0.0300,0.0300,5950,0
D,2013-12-17,0.0400,0.0500,0.0350,0.0500,1500,0
D,2013-12-16,0.0400,0.0400,0.0350,0.0400,1501,0
D,2013-12-13,0.0400,0.0450,0.0400,0.0450,2606,0
D,2013-12-12,0.0450,0.0450,0.0450,0.0450,1050,0
D,2013-12-11,0.0450,0.0450,0.0400,0.0450,740,0
D,2013-12-10,0.0450,0.0450,0.0400,0.0450,6060,0
D,2013-12-09,0.0500,0.0500,0.0450,0.0500,3972,0
D,2013-12-06,0.0450,0.0500,0.0400,0.0500,748,0
D,2013-12-05,0.0550,0.0550,0.0550,0.0550,1,0
D,2013-12-04,0.0550,0.0550,0.0500,0.0500,1191,0
D,2013-12-03,0.0600,0.0600,0.0600,0.0600,667,0
D,2013-12-02,0.0600,0.0650,0.0600,0.0650,531,0
D,2013-11-29,0.0700,0.0700,0.0700,0.0700,0,0
D,2013-11-28,0.0700,0.0700,0.0700,0.0700,1441,0
D,2013-11-27,0.0650,0.0700,0.0650,0.0700,197,0
D,2013-11-26,0.0700,0.0700,0.0700,0.0700,1490,0
D,2013-11-25,0.0850,0.0850,0.0600,0.0700,1691,0
D,2013-11-22,0.0650,0.0850,0.0650,0.0850,15305,0
D,2013-11-21,0.0650,0.0650,0.0550,0.0650,1600,0
D,2013-11-20,0.0600,0.0650,0.0500,0.0650,2298,0
D,2013-11-19,0.0550,0.0650,0.0550,0.0650,16774,0
D,2013-11-18,0.0500,0.0550,0.0500,0.0550,2061,0
D,2013-11-15,0.0450,0.0450,0.0450,0.0450,0,0
D,2013-11-14,0.0400,0.0500,0.0350,0.0450,2430,0
D,2013-11-13,0.0350,0.0350,0.0350,0.0350,500,0
D,2013-11-12,0.0400,0.0400,0.0350,0.0400,3494,0
D,2013-11-11,0.0500,0.0500,0.0400,0.0450,1865,0
D,2013-11-08,0.0500,0.0500,0.0450,0.0500,4626,0
D,2013-11-07,0.0450,0.0500,0.0400,0.0400,2709,0
D,2013-11-06,0.0400,0.0500,0.0400,0.0500,9543,0
D,2013-11-04,0.0400,0.0400,0.0350,0.0400,5804,0
D,2013-11-01,0.0350,0.0400,0.0350,0.0400,3334,0
D,2013-10-31,0.0350,0.0350,0.0350,0.0350,1120,0
D,2013-10-30,0.0350,0.0350,0.0350,0.0350,199,0
D,2013-10-29,0.0400,0.0400,0.0400,0.0400,0,0
D,2013-10-28,0.0400,0.0400,0.0400,0.0400,0,0
D,2013-10-25,0.0400,0.0400,0.0400,0.0400,0,0
D,2013-10-24,0.0300,0.0400,0.0300,0.0400,4550,0
D,2013-10-23,0.0300,0.0300,0.0300,0.0300,1000,0
D,2013-10-22,0.0300,0.0300,0.0300,0.0300,199,0
D,2013-10-21,0.0300,0.0300,0.0300,0.0300,0,0
D,2013-10-18,0.0300,0.0300,0.0300,0.0300,0,0
D,2013-10-17,0.0300,0.0300,0.0300,0.0300,0,0
D,2013-10-16,0.0300,0.0300,0.0300,0.0300,0,0
D,2013-10-14,0.0300,0.0300,0.0300,0.0300,150,0
D,2013-10-11,0.0250,0.0300,0.0250,0.0300,1050,0
D,2013-10-10,0.0250,0.0300,0.0250,0.0250,510,0
D,2013-10-09,0.0250,0.0250,0.0250,0.0250,100,0
D,2013-10-08,0.0300,0.0300,0.0300,0.0300,0,0
D,2013-10-07,0.0300,0.0300,0.0200,0.0300,730,0
D,2013-10-04,0.0250,0.0300,0.0250,0.0300,3595,0
D,2013-10-03,0.0250,0.0250,0.0250,0.0250,0,0
D,2013-10-02,0.0250,0.0250,0.0250,0.0250,7695,0
D,2013-10-01,0.0300,0.0300,0.0250,0.0250,9320,0
D,2013-09-30,0.0300,0.0300,0.0300,0.0300,4929,0
D,2013-09-27,0.0350,0.0350,0.0300,0.0350,1406,0
D,2013-09-26,0.0350,0.0350,0.0350,0.0350,450,0
D,2013-09-25,0.0350,0.0350,0.0350,0.0350,2661,0
D,2013-09-24,0.0400,0.0400,0.0400,0.0400,0,0
D,2013-09-23,0.0400,0.0400,0.0400,0.0400,400,0
D,2013-09-20,0.0450,0.0450,0.0450,0.0450,1316,0
D,2013-09-19,0.0450,0.0450,0.0450,0.0450,1028,0
D,2013-09-18,0.0450,0.0450,0.0450,0.0450,2930,0
D,2013-09-17,0.0450,0.0450,0.0450,0.0450,2000,0
D,2013-09-13,0.0400,0.0400,0.0400,0.0400,0,0
D,2013-09-12,0.0400,0.0400,0.0400,0.0400,0,0
D,2013-09-11,0.0400,0.0400,0.0400,0.0400,1000,0
D,2013-09-10,0.0500,0.0500,0.0500,0.0500,0,0
D,2013-09-09,0.0500,0.0500,0.0500,0.0500,2667,0
D,2013-09-06,0.0500,0.0500,0.0500,0.0500,182,0
D,2013-09-05,0.0500,0.0500,0.0500,0.0500,2775,0
D,2013-09-04,0.0500,0.0500,0.0500,0.0500,0,0
D,2013-09-03,0.0400,0.0500,0.0400,0.0500,1600,0
D,2013-09-02,0.0250,0.0250,0.0250,0.0250,500,0
D,2013-08-30,0.0300,0.0300,0.0300,0.0300,0,0
D,2013-08-29,0.0300,0.0300,0.0300,0.0300,925,0
D,2013-08-28,0.0250,0.0300,0.0200,0.0300,6539,0
D,2013-08-27,0.0300,0.0300,0.0300,0.0300,150,0
D,2013-08-26,0.0450,0.0450,0.0450,0.0450,1752,0
D,2013-08-23,0.0450,0.0450,0.0450,0.0450,0,0
D,2013-08-22,0.0550,0.0550,0.0450,0.0450,8457,0
D,2013-08-21,0.0550,0.0550,0.0550,0.0550,1271,0
D,2013-08-20,0.0700,0.0700,0.0550,0.0550,920,0
D,2013-08-19,0.0750,0.0750,0.0750,0.0750,0,0
D,2013-08-16,0.0700,0.0750,0.0600,0.0750,1798,0
D,2013-08-15,0.0700,0.0750,0.0700,0.0750,450,0
D,2013-08-14,0.0650,0.0800,0.0650,0.0800,351,0
D,2013-08-13,0.0650,0.0650,0.0650,0.0650,2390,0
D,2013-08-12,0.0650,0.0650,0.0650,0.0650,196,0
D,2013-08-07,0.0600,0.0600,0.0600,0.0600,0,0
D,2013-08-06,0.0600,0.0600,0.0600,0.0600,217,0
D,2013-08-05,0.0600,0.0600,0.0600,0.0600,1000,0
D,2013-08-02,0.0700,0.0700,0.0700,0.0700,0,0
D,2013-08-01,0.0700,0.0700,0.0700,0.0700,0,0
D,2013-07-31,0.0700,0.0700,0.0700,0.0700,522,0
D,2013-07-30,0.0850,0.0850,0.0850,0.0850,0,0
D,2013-07-29,0.0850,0.0850,0.0850,0.0850,0,0
D,2013-07-26,0.0850,0.0850,0.0850,0.0850,725,0
D,2013-07-25,0.0850,0.0900,0.0850,0.0900,940,0
D,2013-07-24,0.0800,0.1250,0.0800,0.1000,20180,0
D,2013-07-23,0.0750,0.0750,0.0750,0.0750,60,0
D,2013-07-22,0.0800,0.0800,0.0800,0.0800,2030,0
D,2013-07-19,0.0650,0.0650,0.0650,0.0650,200,0
D,2013-07-18,0.0700,0.0700,0.0700,0.0700,30,0
D,2013-07-17,0.0700,0.0700,0.0700,0.0700,430,0
D,2013-07-16,0.0700,0.0700,0.0700,0.0700,10,0
D,2013-07-15,0.0750,0.0750,0.0750,0.0750,350,0
D,2013-07-12,0.0650,0.0750,0.0650,0.0750,742,0
D,2013-07-11,0.0600,0.0650,0.0600,0.0650,1418,0
D,2013-07-10,0.0550,0.0550,0.0550,0.0550,220,0
D,2013-07-09,0.0550,0.0550,0.0500,0.0550,1665,0
D,2013-07-08,0.0500,0.0500,0.0500,0.0500,0,0
D,2013-07-05,0.0500,0.0500,0.0500,0.0500,0,0
D,2013-07-04,0.0550,0.0550,0.0500,0.0500,2000,0
D,2013-07-03,0.0550,0.0550,0.0550,0.0550,2100,0
D,2013-07-02,0.0600,0.0600,0.0600,0.0600,577,0
D,2013-07-01,0.0600,0.0600,0.0600,0.0600,0,0
D,2013-06-28,0.0600,0.0600,0.0600,0.0600,923,0
D,2013-06-27,0.0600,0.0600,0.0600,0.0600,1000,0
D,2013-06-26,0.0550,0.0550,0.0550,0.0550,0,0
D,2013-06-25,0.0550,0.0550,0.0550,0.0550,700,0
D,2013-06-24,0.0650,0.0650,0.0500,0.0600,5129,0
D,2013-06-21,0.0700,0.0700,0.0600,0.0600,2293,0
D,2013-06-20,0.0700,0.0700,0.0700,0.0700,0,0
D,2013-06-19,0.0750,0.0750,0.0700,0.0700,1378,0
D,2013-06-18,0.0700,0.0800,0.0700,0.0800,650,0
D,2013-06-17,0.0650,0.0750,0.0650,0.0750,811,0
D,2013-06-14,0.0700,0.0700,0.0700,0.0700,530,0
D,2013-06-13,0.0700,0.0700,0.0600,0.0700,879,0
D,2013-06-12,0.0750,0.0850,0.0750,0.0850,210,0
D,2013-06-11,0.0900,0.0900,0.0800,0.0800,1800,0
D,2013-06-10,0.0900,0.0950,0.0900,0.0950,4500,0
D,2013-06-07,0.0800,0.0950,0.0800,0.0900,10899,0
D,2013-06-06,0.0800,0.0800,0.0800,0.0800,1833,0
D,2013-06-05,0.0800,0.0850,0.0800,0.0800,7900,0
D,2013-06-04,0.0850,0.0850,0.0800,0.0800,3709,0
D,2013-06-03,0.0850,0.0850,0.0850,0.0850,0,0
D,2013-05-31,0.0900,0.0900,0.0850,0.0850,452,0
D,2013-05-30,0.0900,0.0900,0.0900,0.0900,482,0
D,2013-05-29,0.1000,0.1000,0.0950,0.0950,5050,0
D,2013-05-28,0.1000,0.1000,0.1000,0.1000,1300,0
D,2013-05-27,0.0950,0.0950,0.0950,0.0950,1300,0
D,2013-05-23,0.1000,0.1100,0.1000,0.1050,3254,0
D,2013-05-22,0.0950,0.0950,0.0950,0.0950,100,0
D,2013-05-21,0.1000,0.1000,0.1000,0.1000,600,0
D,2013-05-20,0.1000,0.1000,0.0950,0.0950,1100,0
D,2013-05-17,0.1000,0.1000,0.0950,0.0950,1070,0
D,2013-05-16,0.1000,0.1000,0.1000,0.1000,234,0
D,2013-05-15,0.1000,0.1000,0.1000,0.1000,0,0
D,2013-05-14,0.1000,0.1000,0.1000,0.1000,410,0
D,2013-05-13,0.1100,0.1100,0.1050,0.1100,3500,0
D,2013-05-10,0.1000,0.1000,0.1000,0.1000,0,0
D,2013-05-09,0.1000,0.1000,0.1000,0.1000,0,0
D,2013-05-08,0.1000,0.1000,0.1000,0.1000,0,0
D,2013-05-07,0.1000,0.1000,0.1000,0.1000,300,0
D,2013-05-06,0.1000,0.1000,0.1000,0.1000,0,0
D,2013-05-03,0.1000,0.1000,0.1000,0.1000,0,0
D,2013-05-02,0.1000,0.1000,0.1000,0.1000,0,0
D,2013-04-30,0.1000,0.1000,0.1000,0.1000,0,0
D,2013-04-29,0.1000,0.1000,0.1000,0.1000,0,0
D,2013-04-26,0.1000,0.1000,0.1000,0.1000,0,0
D,2013-04-25,0.1000,0.1000,0.1000,0.1000,0,0
D,2013-04-24,0.1000,0.1000,0.1000,0.1000,0,0
D,2013-04-23,0.1000,0.1000,0.1000,0.1000,0,0
D,2013-04-22,0.1000,0.1000,0.1000,0.1000,338,0
D,2013-04-19,0.1150,0.1150,0.1150,0.1150,0,0
D,2013-04-18,0.1150,0.1150,0.1150,0.1150,0,0
D,2013-04-17,0.1150,0.1150,0.1150,0.1150,0,0
D,2013-04-16,0.1150,0.1150,0.1150,0.1150,570,0
D,2013-04-15,0.1150,0.1150,0.1150,0.1150,380,0
D,2013-04-12,0.1350,0.1350,0.1350,0.1350,0,0
D,2013-04-11,0.1350,0.1350,0.1350,0.1350,0,0
D,2013-04-10,0.1150,0.1350,0.1150,0.1350,3012,0
D,2013-04-09,0.1150,0.1150,0.1150,0.1150,92,0
D,2013-04-08,0.1100,0.1100,0.1100,0.1100,0,0
D,2013-04-05,0.1100,0.1100,0.1100,0.1100,922,0
D,2013-04-04,0.1100,0.1100,0.1100,0.1100,0,0
D,2013-04-03,0.1100,0.1100,0.1100,0.1100,100,0
D,2013-04-02,0.1100,0.1100,0.1100,0.1100,430,0
D,2013-04-01,0.1150,0.1150,0.1150,0.1150,0,0
D,2013-03-29,0.1150,0.1150,0.1150,0.1150,0,0
D,2013-03-28,0.1150,0.1150,0.1150,0.1150,0,0
D,2013-03-27,0.1200,0.1200,0.1150,0.1150,2000,0
D,2013-03-26,0.1250,0.1250,0.1250,0.1250,0,0
D,2013-03-25,0.1200,0.1250,0.1200,0.1250,837,0
D,2013-03-22,0.1150,0.1150,0.1150,0.1150,0,0
D,2013-03-21,0.1150,0.1150,0.1150,0.1150,376,0
D,2013-03-20,0.1200,0.1200,0.1200,0.1200,0,0
D,2013-03-19,0.1200,0.1200,0.1200,0.1200,0,0
D,2013-03-18,0.1200,0.1200,0.1200,0.1200,0,0
D,2013-03-15,0.1200,0.1200,0.1200,0.1200,0,0
D,2013-03-14,0.1200,0.1200,0.1200,0.1200,0,0
D,2013-03-13,0.1200,0.1200,0.1200,0.1200,0,0
D,2013-03-12,0.1200,0.1200,0.1200,0.1200,0,0
D,2013-03-11,0.1200,0.1200,0.1200,0.1200,461,0
D,2013-03-08,0.1500,0.1500,0.1500,0.1500,0,0
D,2013-03-07,0.1500,0.1500,0.1500,0.1500,0,0
D,2013-03-06,0.1500,0.1500,0.1500,0.1500,0,0
D,2013-03-05,0.1500,0.1500,0.1500,0.1500,0,0
D,2013-03-04,0.1500,0.1500,0.1500,0.1500,0,0
D,2013-03-01,0.1500,0.1500,0.1500,0.1500,0,0
