D,2014-10-14,4.8000,4.8000,4.5400,4.8000,650,0
D,2014-10-13,4.9000,4.9000,4.8500,4.8500,318,0
D,2014-10-10,5.0100,5.2000,4.7000,5.0000,254,0
D,2014-10-09,5.1000,5.4600,5.0100,5.0100,241,0
D,2014-10-08,5.1000,5.2000,5.0000,5.2000,699,0
D,2014-10-07,4.9600,5.3500,4.9600,5.2200,609,0
D,2014-10-03,4.7600,4.9800,4.7500,4.9500,388,0
D,2014-10-02,4.8000,4.8000,4.7500,4.7500,409,0
D,2014-10-01,4.8500,4.8500,4.7500,4.8200,250,0
D,2014-09-30,4.7300,4.8500,4.7300,4.8500,73,0
D,2014-09-29,4.7000,4.8500,4.7000,4.7300,221,0
D,2014-09-26,4.8300,4.8400,4.8000,4.8400,350,0
D,2014-09-25,4.7000,5.0000,4.6800,4.9000,1516,0
D,2014-09-24,4.5000,4.7100,4.5000,4.6600,954,0
D,2014-09-23,4.5600,4.5600,4.4500,4.4800,420,0
D,2014-09-22,4.5800,4.5900,4.5500,4.5500,82,0
D,2014-09-19,4.5000,4.5900,4.5000,4.5800,82,0
D,2014-09-18,4.5500,4.5500,4.5000,4.5000,172,0
D,2014-09-17,4.5600,4.5600,4.5000,4.5000,51,0
D,2014-09-15,4.6000,4.6000,4.6000,4.6000,10,0
D,2014-09-12,4.5800,4.6700,4.3900,4.6700,141,0
D,2014-09-11,4.5200,4.5500,4.5100,4.5400,119,0
D,2014-09-10,4.6000,4.6400,4.6000,4.6400,61,0
D,2014-09-09,4.5000,4.5000,4.5000,4.5000,29,0
D,2014-09-08,4.4900,4.5000,4.4900,4.5000,420,0
D,2014-09-05,4.4800,4.5000,4.4800,4.5000,146,0
D,2014-09-04,4.5000,4.5000,4.4800,4.4800,90,0
D,2014-09-03,4.4800,4.4800,4.4500,4.4500,75,0
D,2014-09-02,4.4900,4.5000,4.4700,4.4800,1271,0
D,2014-08-29,4.5000,4.5100,4.4000,4.4700,1007,0
D,2014-08-28,4.5000,4.5000,4.4500,4.5000,164,0
D,2014-08-27,4.5000,4.5000,4.4500,4.4500,32,0
D,2014-08-26,4.4500,4.5000,4.4400,4.5000,448,0
D,2014-08-25,4.4700,4.4700,4.4700,4.4700,70,0
D,2014-08-22,4.4500,4.4800,4.3000,4.4800,214,0
D,2014-08-21,4.4800,4.5000,4.4700,4.4800,148,0
D,2014-08-20,4.5000,4.5800,4.5000,4.5000,68,0
D,2014-08-19,4.4300,4.5500,4.4300,4.5500,440,0
D,2014-08-18,4.3500,4.4400,4.3500,4.4400,75,0
D,2014-08-15,4.2700,4.3500,4.2700,4.3500,319,0
D,2014-08-14,4.2000,4.2000,4.2000,4.2000,235,0
D,2014-08-13,4.1100,4.2000,4.1100,4.2000,404,0
D,2014-08-12,4.1500,4.1500,4.1000,4.1100,185,0
D,2014-08-11,4.0100,4.1000,4.0100,4.1000,171,0
D,2014-08-08,4.0100,4.0200,3.9700,3.9700,128,0
D,2014-08-07,4.0600,4.0600,4.0600,4.0600,26,0
D,2014-08-06,3.9300,4.0600,3.9300,4.0600,115,0
D,2014-08-05,4.0000,4.0400,3.9800,3.9800,287,0
D,2014-08-04,3.9500,3.9500,3.9500,3.9500,0,0
D,2014-08-01,3.9500,4.0000,3.9500,3.9500,60,0
D,2014-07-31,4.0000,4.0400,4.0000,4.0400,277,0
D,2014-07-30,4.0800,4.0800,3.9800,4.0000,308,0
D,2014-07-25,4.1000,4.1000,4.0600,4.0800,40,0
D,2014-07-24,4.0300,4.1800,4.0300,4.0600,205,0
D,2014-07-23,4.0000,4.0300,4.0000,4.0300,105,0
D,2014-07-22,4.0300,4.0300,4.0000,4.0300,192,0
D,2014-07-21,4.0000,4.0700,4.0000,4.0300,215,0
D,2014-07-18,3.7900,3.8900,3.7900,3.8900,125,0
D,2014-07-17,3.8000,3.8000,3.7900,3.8000,60,0
D,2014-07-16,3.7300,3.8000,3.7300,3.8000,278,0
D,2014-07-14,3.6000,3.7400,3.6000,3.7300,765,0
D,2014-07-11,3.5100,3.5500,3.5100,3.5500,125,0
D,2014-07-10,3.5500,3.5500,3.5000,3.5000,98,0
D,2014-07-09,3.5000,3.5100,3.5000,3.5100,530,0
D,2014-07-08,3.5100,3.5200,3.5000,3.5000,630,0
D,2014-07-07,3.5100,3.5100,3.5000,3.5000,490,0
D,2014-07-04,3.5000,3.5000,3.4700,3.5000,106,0
D,2014-07-03,3.5000,3.5000,3.5000,3.5000,80,0
D,2014-07-02,3.5700,3.5700,3.5700,3.5700,0,0
D,2014-07-01,3.5700,3.5700,3.5700,3.5700,16,0
D,2014-06-30,3.5500,3.5500,3.4500,3.4500,108,0
D,2014-06-27,3.5500,3.5500,3.5500,3.5500,42,0
D,2014-06-26,3.5300,3.5400,3.5300,3.5400,40,0
D,2014-06-25,3.5500,3.5500,3.5100,3.5300,100,0
D,2014-06-24,3.5200,3.5200,3.5200,3.5200,26,0
D,2014-06-23,3.5200,3.6000,3.5200,3.5800,80,0
D,2014-06-20,3.5600,3.5800,3.5000,3.5000,70,0
D,2014-06-19,3.5700,3.6100,3.5600,3.5700,675,0
D,2014-06-18,3.5500,3.5600,3.5100,3.5600,142,0
D,2014-06-17,3.5200,3.5200,3.3600,3.5000,74,0
D,2014-06-16,3.4000,3.5400,3.4000,3.4500,90,0
D,2014-06-13,3.3500,3.3500,3.3500,3.3500,0,0
D,2014-06-12,3.3800,3.3800,3.3500,3.3500,75,0
D,2014-06-11,3.4000,3.4000,3.3800,3.3800,50,0
D,2014-06-10,3.3800,3.4000,3.3800,3.3800,38,0
D,2014-06-09,3.4000,3.4000,3.4000,3.4000,90,0
D,2014-06-06,3.4700,3.4700,3.4400,3.4400,30,0
D,2014-06-05,3.4700,3.4700,3.4700,3.4700,40,0
D,2014-06-04,3.5400,3.5600,3.4000,3.4700,238,0
D,2014-06-03,3.5000,3.5100,3.5000,3.5100,50,0
D,2014-06-02,3.5000,3.5600,3.5000,3.5200,103,0
D,2014-05-30,3.5500,3.7000,3.5000,3.5300,1671,0
D,2014-05-29,3.4700,3.4700,3.4000,3.4600,311,0
D,2014-05-28,3.4400,3.4500,3.4300,3.4500,69,0
D,2014-05-27,3.4800,3.4800,3.3800,3.4400,324,0
D,2014-05-26,3.3300,3.3300,3.3000,3.3000,70,0
D,2014-05-23,3.3000,3.3000,3.3000,3.3000,30,0
D,2014-05-22,3.4000,3.4000,3.4000,3.4000,20,0
D,2014-05-21,3.3000,3.5000,3.3000,3.4000,673,0
D,2014-05-20,3.1900,3.3000,3.1900,3.2700,794,0
D,2014-05-19,3.1100,3.2500,3.0500,3.1600,213,0
D,2014-05-16,3.0000,3.1100,3.0000,3.1100,287,0
D,2014-05-15,3.0200,3.0200,3.0200,3.0200,20,0
D,2014-05-14,3.0700,3.0800,3.0700,3.0700,55,0
D,2014-05-12,3.0000,3.0000,3.0000,3.0000,10,0
D,2014-05-09,3.0500,3.0500,3.0500,3.0500,0,0
D,2014-05-08,3.0500,3.0600,3.0500,3.0500,51,0
D,2014-05-07,3.0000,3.0000,3.0000,3.0000,0,0
D,2014-05-06,3.0000,3.0000,3.0000,3.0000,20,0
D,2014-05-05,3.0100,3.0100,3.0000,3.0000,76,0
D,2014-05-02,3.0000,3.0000,3.0000,3.0000,60,0
D,2014-04-30,3.0000,3.0000,3.0000,3.0000,20,0
D,2014-04-29,3.0800,3.0800,3.0000,3.0000,225,0
D,2014-04-28,3.0000,3.1800,3.0000,3.0700,802,0
D,2014-04-25,2.9800,2.9800,2.9800,2.9800,0,0
D,2014-04-24,2.9800,2.9800,2.9800,2.9800,0,0
D,2014-04-23,2.9000,2.9800,2.9000,2.9800,130,0
D,2014-04-22,2.8700,2.9000,2.8700,2.9000,621,0
D,2014-04-21,2.8700,2.9000,2.8700,2.9000,452,0
D,2014-04-18,2.9000,2.9000,2.8500,2.8600,248,0
D,2014-04-17,2.9000,2.9000,2.9000,2.9000,0,0
D,2014-04-16,2.9000,2.9000,2.9000,2.9000,15,0
D,2014-04-15,2.9000,2.9000,2.9000,2.9000,20,0
D,2014-04-14,2.9000,2.9000,2.9000,2.9000,0,0
D,2014-04-11,2.9000,2.9000,2.9000,2.9000,10,0
D,2014-04-10,2.9000,2.9200,2.8800,2.9200,85,0
D,2014-04-09,2.8700,2.8700,2.8700,2.8700,30,0
D,2014-04-08,2.8700,2.8700,2.8700,2.8700,50,0
D,2014-04-07,2.9100,2.9100,2.9000,2.9000,100,0
D,2014-04-04,2.8500,2.8500,2.8500,2.8500,170,0
D,2014-04-03,2.8500,2.8500,2.8500,2.8500,0,0
D,2014-04-02,2.8500,2.8500,2.8500,2.8500,16,0
D,2014-04-01,2.8500,2.8500,2.8500,2.8500,45,0
D,2014-03-31,2.8500,2.8500,2.8400,2.8500,130,0
D,2014-03-28,2.8600,2.8600,2.8600,2.8600,50,0
D,2014-03-27,2.8800,2.8800,2.8800,2.8800,80,0
D,2014-03-26,2.9000,2.9000,2.9000,2.9000,0,0
D,2014-03-25,2.9000,2.9000,2.9000,2.9000,0,0
D,2014-03-24,2.9000,2.9000,2.9000,2.9000,54,0
D,2014-03-21,2.8800,2.8800,2.8800,2.8800,20,0
D,2014-03-20,2.9000,2.9000,2.9000,2.9000,10,0
D,2014-03-19,2.9200,2.9200,2.9000,2.9000,183,0
D,2014-03-18,2.9200,2.9200,2.9200,2.9200,0,0
D,2014-03-17,2.9200,2.9200,2.9200,2.9200,55,0
D,2014-03-14,2.9400,2.9400,2.9400,2.9400,60,0
D,2014-03-13,2.9900,3.0000,2.9900,2.9900,142,0
D,2014-03-12,2.9500,2.9900,2.9500,2.9500,70,0
D,2014-03-11,2.9900,3.0000,2.9700,2.9700,349,0
D,2014-03-10,2.9600,3.0100,2.9600,3.0000,239,0
D,2014-03-07,2.9200,2.9200,2.9000,2.9000,135,0
D,2014-03-06,2.9200,2.9300,2.9100,2.9300,338,0
D,2014-03-05,2.9300,2.9300,2.9000,2.9100,296,0
D,2014-03-04,2.9000,2.9600,2.9000,2.9600,204,0
D,2014-03-03,2.8300,2.9000,2.8200,2.9000,60,0
D,2014-02-28,2.8900,2.8900,2.8100,2.8600,326,0
D,2014-02-27,3.0000,3.0000,2.9400,2.9400,205,0
D,2014-02-26,2.9800,3.1000,2.9500,2.9500,930,0
D,2014-02-25,2.8600,2.8800,2.8600,2.8800,50,0
D,2014-02-24,2.8400,2.8400,2.8400,2.8400,25,0
D,2014-02-21,2.8000,2.8000,2.7900,2.7900,70,0
D,2014-02-20,2.7600,2.7800,2.7500,2.7500,220,0
D,2014-02-19,2.7600,2.7600,2.7600,2.7600,70,0
D,2014-02-18,2.7600,2.7600,2.7600,2.7600,130,0
D,2014-02-17,2.7700,2.7700,2.7500,2.7600,62,0
D,2014-02-14,2.7400,2.7700,2.7400,2.7400,200,0
D,2014-02-13,2.7400,2.7400,2.7400,2.7400,0,0
D,2014-02-12,2.7400,2.7400,2.7400,2.7400,44,0
D,2014-02-11,2.7300,2.7500,2.7300,2.7400,120,0
D,2014-02-10,2.7100,2.7100,2.7100,2.7100,48,0
D,2014-02-07,2.7500,2.8000,2.6900,2.6900,42,0
D,2014-02-06,2.6800,2.6800,2.6800,2.6800,10,0
D,2014-02-05,2.5000,2.6500,2.5000,2.6500,30,0
D,2014-02-04,2.6800,2.6800,2.6800,2.6800,0,0
D,2014-01-30,2.6800,2.6800,2.6800,2.6800,0,0
D,2014-01-29,2.6800,2.6800,2.6800,2.6800,0,0
D,2014-01-28,2.6800,2.6800,2.6800,2.6800,160,0
D,2014-01-27,2.7200,2.7200,2.6900,2.6900,101,0
D,2014-01-24,2.7300,2.7300,2.7300,2.7300,20,0
D,2014-01-23,2.7800,2.8000,2.7400,2.7400,186,0
D,2014-01-22,2.7700,2.7700,2.7400,2.7500,113,0
D,2014-01-21,2.7500,2.7900,2.7500,2.7900,100,0
D,2014-01-20,2.7100,2.7100,2.7000,2.7000,95,0
D,2014-01-16,2.7100,2.7100,2.7100,2.7100,20,0
D,2014-01-15,2.7100,2.7100,2.6800,2.6800,240,0
D,2014-01-13,2.6900,2.6900,2.6900,2.6900,0,0
D,2014-01-10,2.6900,2.6900,2.6900,2.6900,0,0
D,2014-01-09,2.7300,2.7300,2.6900,2.6900,78,0
D,2014-01-08,2.7100,2.7500,2.7100,2.7500,57,0
D,2014-01-07,2.7000,2.7200,2.7000,2.7200,91,0
D,2014-01-06,2.8000,2.8000,2.7500,2.7500,120,0
D,2014-01-03,2.8000,2.8000,2.8000,2.8000,0,0
D,2014-01-02,2.8000,2.8000,2.8000,2.8000,0,0
D,2013-12-31,2.9000,2.9000,2.8000,2.8000,97,0
D,2013-12-30,2.8300,2.8300,2.8300,2.8300,200,0
D,2013-12-27,2.9300,2.9300,2.9000,2.9000,60,0
D,2013-12-26,2.9300,2.9300,2.9300,2.9300,10,0
D,2013-12-24,2.9200,2.9200,2.8300,2.8300,183,0
D,2013-12-23,2.9400,2.9400,2.9200,2.9200,45,0
D,2013-12-20,2.9200,2.9900,2.9200,2.9900,11,0
D,2013-12-19,2.9800,2.9900,2.9000,2.9000,131,0
D,2013-12-18,2.8800,3.0000,2.8800,2.9800,18,0
D,2013-12-17,2.8400,2.8400,2.8400,2.8400,0,0
D,2013-12-16,2.8400,2.8400,2.8400,2.8400,10,0
D,2013-12-13,2.8000,2.9000,2.8000,2.8800,184,0
D,2013-12-12,2.8000,2.8000,2.8000,2.8000,10,0
D,2013-12-11,2.9000,2.9000,2.8000,2.8000,137,0
D,2013-12-10,2.9000,2.9000,2.8500,2.8600,73,0
D,2013-12-09,2.7300,2.8600,2.7300,2.8600,251,0
D,2013-12-06,2.7100,2.7200,2.7100,2.7200,197,0
D,2013-12-05,2.7000,2.7000,2.7000,2.7000,533,0
D,2013-12-04,2.6500,2.7000,2.6500,2.7000,239,0
D,2013-12-03,2.6800,2.7400,2.6600,2.6600,150,0
D,2013-12-02,2.6500,2.7000,2.6500,2.6500,470,0
D,2013-11-29,2.6500,2.6500,2.6200,2.6500,249,0
D,2013-11-28,2.6900,2.7000,2.6500,2.6500,103,0
D,2013-11-27,2.6800,2.6800,2.6700,2.6700,40,0
D,2013-11-26,2.7000,2.7000,2.6600,2.6600,65,0
D,2013-11-25,2.6800,2.6900,2.6800,2.6900,85,0
D,2013-11-22,2.6000,2.6000,2.6000,2.6000,0,0
D,2013-11-21,2.6000,2.6000,2.6000,2.6000,0,0
D,2013-11-20,2.7000,2.7000,2.6000,2.6000,80,0
D,2013-11-19,2.6600,2.7300,2.5700,2.7000,361,0
D,2013-11-18,2.5500,2.5500,2.5500,2.5500,70,0
D,2013-11-15,2.5500,2.5500,2.4600,2.4600,110,0
D,2013-11-14,2.5500,2.5500,2.5500,2.5500,0,0
D,2013-11-13,2.5600,2.5600,2.5500,2.5500,80,0
D,2013-11-12,2.4900,2.7500,2.4900,2.6500,755,0
D,2013-11-11,2.4200,2.4800,2.4200,2.4800,315,0
D,2013-11-08,2.3800,2.4000,2.3800,2.4000,200,0
D,2013-11-07,2.3500,2.4000,2.3500,2.4000,160,0
D,2013-11-06,2.3100,2.3100,2.3100,2.3100,0,0
D,2013-11-04,2.3100,2.3100,2.3100,2.3100,60,0
D,2013-11-01,2.3000,2.3000,2.3000,2.3000,0,0
D,2013-10-31,2.3000,2.3000,2.3000,2.3000,20,0
D,2013-10-30,2.3000,2.3000,2.3000,2.3000,40,0
D,2013-10-29,2.3500,2.3500,2.2700,2.3500,532,0
D,2013-10-28,2.3500,2.3500,2.3500,2.3500,0,0
D,2013-10-25,2.3000,2.3500,2.3000,2.3500,151,0
D,2013-10-24,2.2800,2.3300,2.2800,2.3300,100,0
D,2013-10-23,2.2900,2.3000,2.2900,2.3000,40,0
D,2013-10-22,2.3900,2.3900,2.3900,2.3900,1,0
D,2013-10-21,2.2700,2.3500,2.2700,2.3500,205,0
D,2013-10-18,2.2000,2.2000,2.2000,2.2000,10,0
D,2013-10-17,2.2000,2.2000,2.2000,2.2000,197,0
D,2013-10-16,2.1600,2.2000,2.1000,2.2000,261,0
D,2013-10-14,2.1300,2.1300,2.1300,2.1300,0,0
D,2013-10-11,2.1300,2.1300,2.1300,2.1300,100,0
D,2013-10-10,2.1300,2.1300,2.1300,2.1300,60,0
D,2013-10-09,2.1300,2.1300,2.1300,2.1300,50,0
D,2013-10-08,2.1300,2.1300,2.1300,2.1300,150,0
D,2013-10-07,2.1700,2.1700,2.1300,2.1300,88,0
D,2013-10-04,2.1300,2.1300,2.1200,2.1200,30,0
D,2013-10-03,2.1100,2.1100,2.1100,2.1100,50,0
D,2013-10-02,2.0800,2.1200,2.0600,2.1200,300,0
D,2013-10-01,2.0400,2.0400,2.0400,2.0400,20,0
D,2013-09-30,2.1000,2.1000,2.1000,2.1000,0,0
D,2013-09-27,2.0500,2.1000,2.0500,2.1000,193,0
D,2013-09-26,2.1200,2.1200,2.0500,2.0500,103,0
D,2013-09-25,2.0800,2.0800,2.0800,2.0800,0,0
D,2013-09-24,1.9600,2.0800,1.9600,2.0800,21,0
D,2013-09-23,2.0400,2.0400,2.0400,2.0400,0,0
D,2013-09-20,2.0500,2.1000,2.0400,2.0400,50,0
D,2013-09-19,1.9300,1.9300,1.9300,1.9300,0,0
D,2013-09-18,1.9300,1.9300,1.9300,1.9300,20,0
D,2013-09-17,1.9200,1.9200,1.9200,1.9200,0,0
D,2013-09-13,1.9200,1.9200,1.9200,1.9200,0,0
D,2013-09-12,1.9300,1.9300,1.9200,1.9200,90,0
D,2013-09-11,2.1000,2.1300,2.0600,2.0800,486,0
D,2013-09-10,2.0900,2.1000,2.0900,2.1000,50,0
D,2013-09-09,2.0900,2.0900,2.0900,2.0900,30,0
D,2013-09-06,2.0500,2.0500,2.0500,2.0500,0,0
D,2013-09-05,2.0500,2.0500,2.0500,2.0500,0,0
D,2013-09-04,2.0500,2.0500,2.0500,2.0500,0,0
D,2013-09-03,2.0300,2.0500,2.0000,2.0500,231,0
D,2013-09-02,2.0300,2.0500,2.0100,2.0500,121,0
D,2013-08-30,2.0500,2.0500,2.0300,2.0300,278,0
D,2013-08-29,2.0000,2.0500,1.9800,1.9800,261,0
D,2013-08-28,2.0000,2.0000,2.0000,2.0000,30,0
D,2013-08-27,2.0200,2.0200,2.0000,2.0000,300,0
D,2013-08-26,2.0500,2.0800,2.0500,2.0800,210,0
D,2013-08-23,2.0500,2.0500,2.0500,2.0500,0,0
D,2013-08-22,2.0500,2.0500,2.0500,2.0500,0,0
D,2013-08-21,2.0500,2.0500,2.0500,2.0500,0,0
D,2013-08-20,2.0500,2.0500,2.0500,2.0500,0,0
D,2013-08-19,2.0500,2.0500,2.0500,2.0500,0,0
D,2013-08-16,2.0500,2.0500,2.0500,2.0500,0,0
D,2013-08-15,2.0500,2.0500,2.0500,2.0500,0,0
D,2013-08-14,2.0500,2.0700,2.0500,2.0500,140,0
D,2013-08-13,2.0200,2.0200,2.0200,2.0200,0,0
D,2013-08-12,2.0500,2.0500,2.0200,2.0200,190,0
D,2013-08-07,2.0000,2.0500,2.0000,2.0500,561,0
D,2013-08-06,2.0000,2.0000,2.0000,2.0000,10,0
D,2013-08-05,2.0000,2.0000,2.0000,2.0000,160,0
D,2013-08-02,2.0000,2.0000,2.0000,2.0000,20,0
D,2013-08-01,2.0000,2.0000,2.0000,2.0000,0,0
D,2013-07-31,2.0000,2.0000,2.0000,2.0000,175,0
D,2013-07-30,2.0000,2.0000,2.0000,2.0000,0,0
D,2013-07-29,2.0000,2.0000,2.0000,2.0000,0,0
D,2013-07-26,2.0000,2.0000,2.0000,2.0000,25,0
D,2013-07-25,1.9900,1.9900,1.9900,1.9900,20,0
D,2013-07-24,2.0000,2.0000,2.0000,2.0000,100,0
D,2013-07-23,2.0300,2.0300,2.0200,2.0200,25,0
D,2013-07-22,1.9100,2.0400,1.9100,2.0400,11,0
D,2013-07-19,2.0000,2.0000,2.0000,2.0000,20,0
D,2013-07-18,1.9700,1.9700,1.9700,1.9700,0,0
D,2013-07-17,1.9700,1.9700,1.9700,1.9700,50,0
D,2013-07-16,1.9800,1.9800,1.9800,1.9800,30,0
D,2013-07-15,1.9800,1.9800,1.9800,1.9800,50,0
D,2013-07-12,1.9800,1.9800,1.9600,1.9600,150,0
D,2013-07-11,1.9500,1.9500,1.9500,1.9500,80,0
D,2013-07-10,1.9200,1.9400,1.9200,1.9400,80,0
D,2013-07-09,1.8800,1.9300,1.8800,1.9100,140,0
D,2013-07-08,1.9100,1.9100,1.9100,1.9100,0,0
D,2013-07-05,1.9100,1.9100,1.9100,1.9100,0,0
D,2013-07-04,1.8800,1.9300,1.8800,1.9100,129,0
D,2013-07-03,1.9100,1.9300,1.9100,1.9300,149,0
D,2013-07-02,1.9200,1.9200,1.9200,1.9200,0,0
D,2013-07-01,1.9200,1.9200,1.9200,1.9200,90,0
D,2013-06-28,1.9000,1.9000,1.9000,1.9000,0,0
D,2013-06-27,1.9000,1.9000,1.9000,1.9000,0,0
D,2013-06-26,1.9000,1.9000,1.9000,1.9000,0,0
D,2013-06-25,1.9000,1.9000,1.9000,1.9000,0,0
D,2013-06-24,1.9000,1.9000,1.9000,1.9000,0,0
D,2013-06-21,1.9000,1.9000,1.9000,1.9000,170,0
D,2013-06-20,1.9000,1.9000,1.9000,1.9000,30,0
D,2013-06-19,1.9300,1.9300,1.9300,1.9300,40,0
D,2013-06-18,1.9200,1.9200,1.9200,1.9200,0,0
D,2013-06-17,1.9000,1.9200,1.9000,1.9200,70,0
D,2013-06-14,1.8800,1.8800,1.8700,1.8800,330,0
D,2013-06-13,1.8800,1.8800,1.8800,1.8800,187,0
D,2013-06-12,1.8800,1.8800,1.8800,1.8800,170,0
D,2013-06-11,1.9000,1.9000,1.9000,1.9000,40,0
D,2013-06-10,1.9100,1.9500,1.9000,1.9400,592,0
D,2013-06-07,1.8700,1.8700,1.8700,1.8700,0,0
D,2013-06-06,1.8700,1.8700,1.8700,1.8700,0,0
D,2013-06-05,1.8700,1.8700,1.8700,1.8700,0,0
D,2013-06-04,1.8600,1.8800,1.8600,1.8700,430,0
D,2013-06-03,1.8600,1.8600,1.8500,1.8500,150,0
D,2013-05-31,1.8900,1.8900,1.8900,1.8900,0,0
D,2013-05-30,1.9200,1.9300,1.8900,1.8900,570,0
D,2013-05-29,1.8200,1.8900,1.8200,1.8900,117,0
D,2013-05-28,1.8200,1.8200,1.8200,1.8200,40,0
D,2013-05-27,1.8300,1.8400,1.8100,1.8200,100,0
D,2013-05-23,1.7900,1.7900,1.7900,1.7900,0,0
D,2013-05-22,1.7900,1.7900,1.7900,1.7900,0,0
D,2013-05-21,1.7900,1.7900,1.7900,1.7900,70,0
D,2013-05-20,1.8100,1.8100,1.8100,1.8100,150,0
D,2013-05-17,1.7900,1.7900,1.7900,1.7900,30,0
D,2013-05-16,1.7900,1.8000,1.7900,1.8000,161,0
D,2013-05-15,1.8000,1.8000,1.7900,1.7900,113,0
D,2013-05-14,1.7900,1.7900,1.7900,1.7900,0,0
D,2013-05-13,1.7900,1.7900,1.7900,1.7900,0,0
D,2013-05-10,1.7900,1.7900,1.7900,1.7900,0,0
D,2013-05-09,1.7900,1.7900,1.7900,1.7900,0,0
D,2013-05-08,1.7900,1.7900,1.7900,1.7900,0,0
D,2013-05-07,1.7900,1.7900,1.7900,1.7900,0,0
D,2013-05-06,1.7900,1.7900,1.7900,1.7900,0,0
D,2013-05-03,1.7900,1.7900,1.7900,1.7900,0,0
D,2013-05-02,1.7900,1.7900,1.7900,1.7900,70,0
D,2013-04-30,1.7900,1.7900,1.7900,1.7900,0,0
D,2013-04-29,1.7900,1.7900,1.7900,1.7900,30,0
D,2013-04-26,1.7900,1.7900,1.7900,1.7900,0,0
D,2013-04-25,1.8000,1.8000,1.7900,1.7900,20,0
D,2013-04-24,1.8100,1.8200,1.8100,1.8200,30,0
D,2013-04-23,1.8100,1.8200,1.8100,1.8200,250,0
D,2013-04-22,1.8100,1.8100,1.8100,1.8100,0,0
D,2013-04-19,1.8100,1.8100,1.8100,1.8100,0,0
D,2013-04-18,1.8100,1.8100,1.8100,1.8100,20,0
D,2013-04-17,1.8200,1.8200,1.8100,1.8100,170,0
D,2013-04-16,1.8000,1.8000,1.8000,1.8000,150,0
D,2013-04-15,1.7800,1.8200,1.7800,1.7900,84,0
D,2013-04-12,1.7800,1.7800,1.7800,1.7800,20,0
D,2013-04-11,1.8200,1.8200,1.8200,1.8200,0,0
D,2013-04-10,1.8200,1.8200,1.8200,1.8200,0,0
D,2013-04-09,1.8200,1.8200,1.8200,1.8200,0,0
D,2013-04-08,1.8000,1.8200,1.8000,1.8200,40,0
D,2013-04-05,1.8000,1.8000,1.8000,1.8000,100,0
D,2013-04-04,1.8000,1.8000,1.8000,1.8000,0,0
D,2013-04-03,1.8300,1.8300,1.8000,1.8000,240,0
D,2013-04-02,1.8300,1.8300,1.8300,1.8300,0,0
D,2013-04-01,1.8100,1.8300,1.8100,1.8300,110,0
D,2013-03-29,1.7800,1.8100,1.7800,1.8100,50,0
D,2013-03-28,1.7800,1.7800,1.7800,1.7800,0,0
D,2013-03-27,1.7800,1.7800,1.7800,1.7800,0,0
D,2013-03-26,1.7800,1.7800,1.7800,1.7800,0,0
D,2013-03-25,1.7800,1.7800,1.7800,1.7800,0,0
D,2013-03-22,1.7800,1.7800,1.7800,1.7800,0,0
D,2013-03-21,1.7800,1.7800,1.7800,1.7800,84,0
D,2013-03-20,1.7800,1.7800,1.7800,1.7800,30,0
D,2013-03-19,1.7500,1.7500,1.7500,1.7500,0,0
D,2013-03-18,1.7500,1.7500,1.7500,1.7500,0,0
D,2013-03-15,1.7500,1.7500,1.7500,1.7500,0,0
D,2013-03-14,1.7500,1.7500,1.7500,1.7500,0,0
D,2013-03-13,1.7900,1.7900,1.7900,1.7900,0,0
D,2013-03-12,1.7900,1.7900,1.7900,1.7900,0,0
D,2013-03-11,1.7900,1.7900,1.7900,1.7900,0,0
D,2013-03-08,1.7900,1.7900,1.7900,1.7900,0,0
D,2013-03-07,1.8200,1.8200,1.7900,1.7900,190,0
D,2013-03-06,1.8000,1.8500,1.8000,1.8500,15,0
D,2013-03-05,1.8000,1.8000,1.8000,1.8000,0,0
D,2013-03-04,1.8000,1.8000,1.8000,1.8000,0,0
D,2013-03-01,1.8000,1.8000,1.8000,1.8000,0,0
D,2013-02-28,1.7900,1.8000,1.7900,1.8000,200,0
D,2013-02-27,1.8000,1.8000,1.8000,1.8000,130,0
D,2013-02-26,1.8300,1.8300,1.8300,1.8300,0,0
D,2013-02-25,1.8300,1.8300,1.8300,1.8300,0,0
D,2013-02-22,1.8300,1.8300,1.8300,1.8300,0,0
D,2013-02-21,1.8500,1.8500,1.8300,1.8300,60,0
D,2013-02-20,1.7800,1.8200,1.7800,1.8200,60,0
D,2013-02-19,1.8000,1.8000,1.8000,1.8000,30,0
D,2013-02-18,1.7800,1.7800,1.7800,1.7800,301,0
D,2013-02-15,1.3700,1.3700,1.3700,1.3700,4,0
D,2013-02-14,1.8200,1.8200,1.8200,1.8200,10,0
D,2013-02-13,1.8200,1.8200,1.8200,1.8200,10,0
D,2013-02-08,1.7900,1.7900,1.7900,1.7900,0,0
D,2013-02-07,1.7900,1.7900,1.7900,1.7900,100,0
D,2013-02-06,1.7900,1.7900,1.7900,1.7900,90,0
D,2013-02-05,1.7700,1.7700,1.7700,1.7700,0,0
D,2013-02-04,1.7800,1.7800,1.7700,1.7700,99,0
D,2013-01-31,1.7800,1.7800,1.7800,1.7800,50,0
D,2013-01-30,1.7800,1.7800,1.7800,1.7800,41,0
D,2013-01-29,1.7800,1.7800,1.7800,1.7800,24,0
D,2013-01-25,1.7800,1.7800,1.7800,1.7800,0,0
D,2013-01-23,1.7800,1.7800,1.7800,1.7800,35,0
D,2013-01-22,1.7900,1.7900,1.7800,1.7800,100,0
D,2013-01-21,1.8000,1.8000,1.7900,1.7900,165,0
D,2013-01-18,1.8000,1.8000,1.8000,1.8000,70,0
D,2013-01-17,1.8200,1.8200,1.8200,1.8200,100,0
D,2013-01-16,1.8000,1.8200,1.8000,1.8200,62,0
D,2013-01-15,1.8100,1.8100,1.8100,1.8100,110,0
D,2013-01-14,1.8200,1.8200,1.8200,1.8200,100,0
D,2013-01-11,1.8200,1.8200,1.8000,1.8000,160,0
D,2013-01-10,1.8200,1.8200,1.8200,1.8200,100,0
D,2013-01-09,1.7900,1.7900,1.7900,1.7900,0,0
D,2013-01-08,1.7900,1.7900,1.7900,1.7900,100,0
D,2013-01-07,1.7800,1.7800,1.7800,1.7800,20,0
D,2013-01-04,1.8200,1.8200,1.8200,1.8200,10,0
D,2013-01-03,1.8200,1.8200,1.8200,1.8200,10,0
D,2013-01-02,1.8200,1.8200,1.8200,1.8200,0,0
D,2012-12-31,1.8200,1.8200,1.8200,1.8200,10,0
D,2012-12-28,1.8200,1.8200,1.8200,1.8200,30,0
D,2012-12-27,1.8000,1.8200,1.8000,1.8100,80,0
D,2012-12-26,1.7900,1.7900,1.7900,1.7900,0,0
D,2012-12-24,1.7900,1.7900,1.7900,1.7900,0,0
D,2012-12-21,1.7900,1.7900,1.7900,1.7900,20,0
D,2012-12-20,1.8000,1.8100,1.8000,1.8100,20,0
D,2012-12-19,1.8000,1.8000,1.8000,1.8000,10,0
D,2012-12-18,1.8000,1.8000,1.8000,1.8000,0,0
D,2012-12-17,1.8000,1.8000,1.8000,1.8000,0,0
D,2012-12-14,1.8000,1.8000,1.8000,1.8000,50,0
D,2012-12-13,1.8000,1.8000,1.8000,1.8000,30,0
D,2012-12-12,1.7900,1.7900,1.7900,1.7900,0,0
D,2012-12-11,1.7900,1.7900,1.7900,1.7900,50,0
D,2012-12-10,1.8000,1.8000,1.7900,1.7900,130,0
D,2012-12-07,1.8000,1.8000,1.7900,1.7900,252,0
D,2012-12-06,1.8000,1.8000,1.8000,1.8000,150,0
D,2012-12-05,1.7900,1.8000,1.7900,1.8000,110,0
D,2012-12-04,1.7900,1.7900,1.7900,1.7900,157,0
D,2012-12-03,1.7900,1.7900,1.7900,1.7900,40,0
D,2012-11-30,1.7800,1.7800,1.7800,1.7800,39,0
D,2012-11-29,1.8000,1.8200,1.8000,1.8200,70,0
D,2012-11-28,1.8000,1.8000,1.8000,1.8000,0,0
D,2012-11-27,1.8000,1.8000,1.8000,1.8000,66,0
D,2012-11-26,1.8000,1.8100,1.8000,1.8100,115,0
D,2012-11-23,1.8000,1.8000,1.8000,1.8000,32,0
D,2012-11-22,1.8000,1.8000,1.8000,1.8000,50,0
D,2012-11-21,1.8000,1.8000,1.8000,1.8000,50,0
D,2012-11-20,1.7800,1.7800,1.7800,1.7800,0,0
D,2012-11-19,1.7800,1.7800,1.7800,1.7800,0,0
D,2012-11-16,1.7800,1.7800,1.7800,1.7800,20,0
D,2012-11-14,1.8200,1.8200,1.8200,1.8200,0,0
D,2012-11-12,1.8200,1.8200,1.8200,1.8200,0,0
D,2012-11-09,1.8200,1.8200,1.8200,1.8200,0,0
D,2012-11-08,1.8200,1.8200,1.8200,1.8200,0,0
D,2012-11-07,1.8200,1.8200,1.8200,1.8200,0,0
D,2012-11-06,1.8200,1.8200,1.8200,1.8200,70,0
D,2012-11-05,1.7900,1.7900,1.7900,1.7900,0,0
D,2012-11-02,1.7900,1.7900,1.7900,1.7900,0,0
D,2012-11-01,1.7900,1.7900,1.7900,1.7900,0,0
D,2012-10-31,1.7900,1.7900,1.7900,1.7900,0,0
D,2012-10-30,1.7900,1.7900,1.7900,1.7900,0,0
D,2012-10-29,1.7900,1.8000,1.7900,1.7900,100,0
D,2012-10-25,1.7800,1.7800,1.7800,1.7800,0,0
D,2012-10-24,1.7800,1.7800,1.7800,1.7800,20,0
D,2012-10-23,1.8500,1.8500,1.8500,1.8500,0,0
D,2012-10-22,1.8500,1.8500,1.8500,1.8500,430,0
D,2012-10-19,1.8000,1.8000,1.8000,1.8000,100,0
D,2012-10-18,1.7800,1.7800,1.7800,1.7800,0,0
D,2012-10-17,1.7800,1.7800,1.7800,1.7800,0,0
D,2012-10-16,1.7800,1.7800,1.7800,1.7800,0,0
D,2012-10-15,1.7800,1.7800,1.7800,1.7800,0,0
D,2012-10-12,1.7800,1.7800,1.7800,1.7800,0,0
D,2012-10-11,1.8000,1.8000,1.7800,1.7800,1096,0
D,2012-10-10,1.7900,1.7900,1.7900,1.7900,0,0
D,2012-10-09,1.7900,1.7900,1.7900,1.7900,500,0
D,2012-10-08,1.7800,1.7800,1.7800,1.7800,0,0
D,2012-10-05,1.7800,1.7800,1.7800,1.7800,10,0
D,2012-10-04,1.7900,1.7900,1.7900,1.7900,300,0
D,2012-10-03,1.8000,1.8200,1.8000,1.8000,110,0
D,2012-05-03,1.9600,1.9600,1.9600,1.9600,100,0
D,2012-05-02,2.0000,2.0000,2.0000,2.0000,0,0
