D,2014-10-14,0.9650,0.9750,0.9550,0.9750,3475,0
D,2014-10-13,0.9800,0.9950,0.9550,0.9950,4706,0
D,2014-10-10,0.9900,0.9900,0.9800,0.9900,3639,0
D,2014-10-09,1.0100,1.0100,0.9950,1.0000,1909,0
D,2014-10-08,1.0200,1.0200,0.9850,1.0000,7863,0
D,2014-10-07,1.0300,1.0400,1.0100,1.0200,2150,0
D,2014-10-03,1.0200,1.0300,1.0200,1.0300,1208,0
D,2014-10-02,1.0300,1.0300,1.0200,1.0200,2676,0
D,2014-10-01,1.0200,1.0300,1.0200,1.0300,2072,0
D,2014-09-30,1.0300,1.0300,1.0200,1.0200,4904,0
D,2014-09-29,1.0400,1.0400,1.0200,1.0300,1691,0
D,2014-09-26,1.0200,1.0300,1.0200,1.0300,4308,0
D,2014-09-25,1.0300,1.0400,1.0200,1.0400,1581,0
D,2014-09-24,1.0300,1.0400,1.0300,1.0300,1450,0
D,2014-09-23,1.0400,1.0600,1.0400,1.0500,460,0
D,2014-09-22,1.0500,1.0600,1.0400,1.0400,1879,0
D,2014-09-19,1.0200,1.1000,1.0200,1.0600,6649,0
D,2014-09-18,1.0300,1.0500,1.0200,1.0200,4295,0
D,2014-09-17,1.0400,1.0500,1.0400,1.0500,729,0
D,2014-09-15,1.0200,1.0500,1.0200,1.0400,3832,0
D,2014-09-12,1.0500,1.0500,1.0200,1.0200,5690,0
D,2014-09-11,1.0400,1.0600,1.0400,1.0500,2960,0
D,2014-09-10,1.0500,1.0500,1.0300,1.0400,5927,0
D,2014-09-09,1.0600,1.0600,1.0500,1.0600,1341,0
D,2014-09-08,1.0700,1.0700,1.0600,1.0600,1329,0
D,2014-09-05,1.0500,1.0800,1.0500,1.0700,6643,0
D,2014-09-04,1.0400,1.0500,1.0300,1.0500,3661,0
D,2014-09-03,1.0500,1.0500,1.0200,1.0400,3515,0
D,2014-09-02,1.0600,1.0600,1.0100,1.0300,9076,0
D,2014-08-29,1.0700,1.0700,1.0400,1.0400,7391,0
D,2014-08-28,1.1100,1.1100,1.0700,1.0700,10533,0
D,2014-08-27,1.0800,1.1200,1.0800,1.1100,26503,0
D,2014-08-26,1.0700,1.0900,1.0700,1.0800,12505,0
D,2014-08-25,1.0600,1.1000,1.0600,1.0700,36278,0
D,2014-08-22,1.0600,1.0700,1.0400,1.0700,20059,0
D,2014-08-21,1.0600,1.0600,1.0400,1.0600,5023,0
D,2014-08-20,1.0800,1.0900,1.0400,1.0600,13066,0
D,2014-08-19,1.0700,1.1000,1.0700,1.0800,29127,0
D,2014-08-18,1.0400,1.0700,1.0400,1.0700,27997,0
D,2014-08-15,1.0300,1.0400,1.0100,1.0400,5227,0
D,2014-08-14,1.0200,1.0500,1.0100,1.0200,4064,0
D,2014-08-13,1.0300,1.0300,1.0200,1.0200,11177,0
D,2014-08-12,1.0300,1.0400,1.0200,1.0300,10079,0
D,2014-08-11,1.0300,1.0400,1.0300,1.0300,7757,0
D,2014-08-08,1.0400,1.0500,1.0200,1.0300,6685,0
D,2014-08-07,1.0600,1.0700,1.0200,1.0500,18121,0
D,2014-08-06,1.0600,1.0700,1.0300,1.0600,14131,0
D,2014-08-05,1.0700,1.0700,1.0500,1.0600,5580,0
D,2014-08-04,1.0500,1.0800,1.0400,1.0700,56387,0
D,2014-08-01,1.0500,1.0700,1.0300,1.0400,72736,0
D,2014-07-31,1.0200,1.0300,1.0000,1.0200,35097,0
D,2014-07-30,1.0200,1.0200,1.0100,1.0200,9741,0
D,2014-07-25,1.0000,1.0300,0.9950,1.0200,14752,0
D,2014-07-24,1.0400,1.0400,0.9900,0.9950,31384,0
D,2014-07-23,1.0100,1.0400,0.9950,1.0300,30978,0
D,2014-07-22,1.0000,1.0100,0.9950,1.0100,4811,0
D,2014-07-21,0.9900,1.0100,0.9900,1.0000,72202,0
D,2014-07-18,0.9750,0.9750,0.9750,0.9750,2630,0
D,2014-07-17,0.9750,0.9850,0.9750,0.9800,1537,0
D,2014-07-16,0.9650,0.9800,0.9650,0.9750,1430,0
D,2014-07-14,0.9800,0.9900,0.9650,0.9900,2630,0
D,2014-07-11,0.9800,0.9800,0.9750,0.9800,492,0
D,2014-07-10,0.9800,0.9900,0.9800,0.9900,1844,0
D,2014-07-09,0.9900,0.9900,0.9800,0.9850,2157,0
D,2014-07-08,0.9900,0.9950,0.9800,0.9900,1051,0
D,2014-07-07,0.9900,0.9900,0.9800,0.9900,6443,0
D,2014-07-04,0.9900,0.9900,0.9900,0.9900,6646,0
D,2014-07-03,0.9900,0.9950,0.9800,0.9900,3040,0
D,2014-07-02,0.9900,0.9900,0.9800,0.9800,1190,0
D,2014-07-01,0.9850,1.0000,0.9750,1.0000,1470,0
D,2014-06-30,0.9900,0.9900,0.9900,0.9900,620,0
D,2014-06-27,0.9800,1.0000,0.9800,0.9900,13335,0
D,2014-06-26,0.9800,0.9850,0.9750,0.9850,110,0
D,2014-06-25,0.9850,0.9900,0.9800,0.9850,4450,0
D,2014-06-24,0.9750,0.9850,0.9700,0.9850,590,0
D,2014-06-23,0.9900,0.9900,0.9800,0.9800,1220,0
D,2014-06-20,0.9850,0.9900,0.9850,0.9900,63,0
D,2014-06-19,0.9850,1.0000,0.9800,0.9950,11833,0
D,2014-06-18,0.9750,0.9850,0.9750,0.9850,1972,0
D,2014-06-17,0.9850,0.9950,0.9800,0.9800,10055,0
D,2014-06-16,0.9700,0.9900,0.9700,0.9900,15047,0
D,2014-06-13,0.9750,0.9850,0.9700,0.9700,4232,0
D,2014-06-12,0.9800,1.0000,0.9800,0.9800,35576,0
D,2014-06-11,0.9900,0.9900,0.9750,0.9800,961,0
D,2014-06-10,0.9850,0.9950,0.9700,0.9900,1166,0
D,2014-06-09,0.9950,0.9950,0.9800,0.9850,452,0
D,2014-06-06,1.0000,1.0000,0.9850,0.9950,12700,0
D,2014-06-05,1.0000,1.0200,1.0000,1.0100,5040,0
D,2014-06-04,0.9900,1.0000,0.9900,1.0000,2364,0
D,2014-06-03,0.9900,0.9900,0.9800,0.9900,3841,0
D,2014-06-02,1.0000,1.0000,0.9900,0.9900,180,0
D,2014-05-30,1.0000,1.0100,0.9900,1.0000,1790,0
D,2014-05-29,1.0000,1.0100,0.9950,1.0000,4129,0
D,2014-05-28,0.9900,1.0200,0.9900,1.0000,22616,0
D,2014-05-27,0.9900,1.0000,0.9800,0.9900,6206,0
D,2014-05-26,0.9800,0.9850,0.9800,0.9850,645,0
D,2014-05-23,0.9850,0.9950,0.9850,0.9950,2,0
D,2014-05-22,0.9800,1.0100,0.9800,1.0000,1791,0
D,2014-05-21,0.9900,0.9950,0.9800,0.9900,178,0
D,2014-05-20,0.9800,1.0000,0.9800,1.0000,310,0
D,2014-05-19,0.9900,1.0000,0.9800,0.9800,3980,0
D,2014-05-16,0.9900,1.0100,0.9850,1.0100,1310,0
D,2014-05-15,1.0000,1.0200,1.0000,1.0000,5281,0
D,2014-05-14,1.0100,1.0100,1.0000,1.0100,3582,0
D,2014-05-12,1.0000,1.0200,1.0000,1.0000,5965,0
D,2014-05-09,1.0000,1.0100,0.9950,1.0000,3200,0
D,2014-05-08,0.9900,1.0100,0.9850,1.0000,22081,0
D,2014-05-07,0.9850,0.9950,0.9750,0.9900,5763,0
D,2014-05-06,0.9750,0.9900,0.9750,0.9850,508,0
D,2014-05-05,0.9900,0.9950,0.9800,0.9850,3822,0
D,2014-05-02,0.9850,0.9950,0.9750,0.9900,1190,0
D,2014-04-30,0.9850,0.9850,0.9800,0.9800,486,0
D,2014-04-29,1.0000,1.0100,0.9800,1.0000,980,0
D,2014-04-28,0.9900,1.0100,0.9700,0.9900,3565,0
D,2014-04-25,0.9950,1.0000,0.9900,0.9900,2716,0
D,2014-04-24,1.0000,1.0000,0.9850,0.9950,2226,0
D,2014-04-23,1.0000,1.0200,0.9850,1.0000,7955,0
D,2014-04-22,1.0000,1.0000,1.0000,1.0000,4255,0
D,2014-04-21,1.0100,1.0200,1.0000,1.0100,1920,0
D,2014-04-18,1.0100,1.0200,1.0000,1.0100,4423,0
D,2014-04-17,1.0300,1.0300,1.0000,1.0000,10032,0
D,2014-04-16,1.0000,1.0400,0.9950,1.0400,10449,0
D,2014-04-15,1.0200,1.0200,1.0100,1.0200,4496,0
D,2014-04-14,1.0200,1.0300,1.0200,1.0300,2870,0
D,2014-04-11,1.0200,1.0300,1.0100,1.0200,5565,0
D,2014-04-10,1.0200,1.0500,1.0100,1.0300,39663,0
D,2014-04-09,1.0200,1.0300,1.0000,1.0100,3170,0
D,2014-04-08,1.0300,1.0300,1.0100,1.0200,2100,0
D,2014-04-07,1.0200,1.0300,1.0200,1.0300,5681,0
D,2014-04-04,1.0200,1.0200,1.0100,1.0200,418,0
D,2014-04-03,0.9950,1.0300,0.9950,1.0300,2141,0
D,2014-04-02,1.0200,1.0200,1.0000,1.0100,1660,0
D,2014-04-01,0.9950,1.0300,0.9900,1.0300,4406,0
D,2014-03-31,1.0000,1.0100,1.0000,1.0100,31,0
D,2014-03-28,1.0100,1.0300,1.0000,1.0300,1729,0
D,2014-03-27,1.0200,1.0400,1.0100,1.0200,6286,0
D,2014-03-26,1.0300,1.0600,1.0200,1.0300,14888,0
D,2014-03-25,1.0200,1.0300,1.0200,1.0300,110,0
D,2014-03-24,1.0100,1.0500,1.0100,1.0500,921,0
D,2014-03-21,1.0300,1.0500,1.0100,1.0400,642,0
D,2014-03-20,1.0200,1.0300,1.0000,1.0300,410,0
D,2014-03-19,1.0300,1.0300,1.0000,1.0300,503,0
D,2014-03-18,1.0500,1.0500,1.0000,1.0200,1797,0
D,2014-03-17,1.0300,1.0400,1.0200,1.0300,280,0
D,2014-03-14,1.0500,1.0500,1.0100,1.0300,5806,0
D,2014-03-13,1.0700,1.0900,1.0500,1.0700,3011,0
D,2014-03-12,1.0800,1.0800,1.0500,1.0700,225,0
D,2014-03-11,1.0700,1.0800,1.0600,1.0800,150,0
D,2014-03-10,1.0600,1.1000,1.0500,1.1000,1020,0
D,2014-03-07,1.0500,1.0700,1.0500,1.0700,2230,0
D,2014-03-06,1.0700,1.1000,1.0600,1.0700,1009,0
D,2014-03-05,1.0800,1.1000,1.0600,1.0800,1060,0
D,2014-03-04,1.0700,1.0900,1.0500,1.0800,962,0
D,2014-03-03,1.0800,1.1000,1.0700,1.0800,2199,0
D,2014-02-28,1.1000,1.1000,1.0700,1.1000,2724,0
D,2014-02-27,1.1200,1.1200,1.0800,1.0900,7710,0
D,2014-02-26,1.0800,1.1300,1.0700,1.1000,45493,0
D,2014-02-25,1.0900,1.1000,1.0600,1.0800,9533,0
D,2014-02-24,1.0900,1.1200,1.0800,1.0900,11481,0
D,2014-02-21,1.0300,1.1000,1.0300,1.0900,36236,0
D,2014-02-20,1.0400,1.0700,1.0200,1.0300,10943,0
D,2014-02-19,1.0100,1.0500,1.0100,1.0400,7588,0
D,2014-02-18,1.0100,1.0100,1.0000,1.0000,689,0
D,2014-02-17,1.0100,1.0200,1.0000,1.0200,2523,0
D,2014-02-14,0.9850,1.0100,0.9800,1.0100,4503,0
D,2014-02-13,0.9850,0.9900,0.9850,0.9850,3250,0
D,2014-02-12,0.9900,1.0000,0.9900,1.0000,137,0
D,2014-02-11,0.9900,1.0000,0.9850,1.0000,3293,0
D,2014-02-10,1.0000,1.0000,0.9950,1.0000,1003,0
D,2014-02-07,1.0100,1.0100,0.9900,1.0000,3270,0
D,2014-02-06,1.0300,1.0300,1.0100,1.0200,338,0
D,2014-02-05,1.0200,1.0500,1.0100,1.0300,3470,0
D,2014-02-04,1.0000,1.0300,1.0000,1.0200,884,0
D,2014-01-30,1.0300,1.0300,1.0000,1.0300,790,0
D,2014-01-29,1.0100,1.0300,0.9900,1.0200,6224,0
D,2014-01-28,0.9900,1.0000,0.9800,1.0000,1720,0
D,2014-01-27,1.0100,1.0100,0.9800,0.9900,2128,0
D,2014-01-24,0.9950,1.0000,0.9800,0.9900,2686,0
D,2014-01-23,1.0000,1.0000,1.0000,1.0000,0,0
D,2014-01-22,0.9800,1.0000,0.9800,1.0000,181,0
D,2014-01-21,0.9950,1.0000,0.9850,1.0000,1030,0
D,2014-01-20,1.0000,1.0200,0.9850,1.0100,2943,0
D,2014-01-16,0.9950,1.0100,0.9900,1.0100,1014,0
D,2014-01-15,0.9950,1.0000,0.9900,1.0000,1077,0
D,2014-01-13,0.9900,1.0300,0.9900,1.0000,6966,0
D,2014-01-10,1.0000,1.0000,0.9900,0.9900,895,0
D,2014-01-09,1.0000,1.0200,1.0000,1.0200,1284,0
D,2014-01-08,1.0000,1.0200,0.9950,1.0100,12270,0
D,2014-01-07,0.9900,1.0100,0.9900,1.0000,1936,0
D,2014-01-06,1.0000,1.0000,0.9900,0.9950,2177,0
D,2014-01-03,1.0000,1.0200,1.0000,1.0200,50,0
D,2014-01-02,1.0200,1.0200,1.0200,1.0200,0,0
D,2013-12-31,0.9900,1.0200,0.9800,1.0200,806,0
D,2013-12-30,1.0000,1.0100,0.9900,0.9900,390,0
D,2013-12-27,1.0100,1.0200,1.0000,1.0200,2110,0
D,2013-12-26,1.0000,1.0200,0.9900,0.9900,2570,0
D,2013-12-24,1.0200,1.0300,1.0200,1.0300,150,0
D,2013-12-23,1.0000,1.0300,1.0000,1.0300,590,0
D,2013-12-20,1.0000,1.0000,0.9900,0.9900,1701,0
D,2013-12-19,1.0100,1.0100,1.0100,1.0100,590,0
D,2013-12-18,1.0000,1.0200,1.0000,1.0200,265,0
D,2013-12-17,1.0100,1.0200,1.0100,1.0200,460,0
D,2013-12-16,1.0200,1.0200,1.0100,1.0100,750,0
D,2013-12-13,1.0200,1.0400,1.0100,1.0400,3710,0
D,2013-12-12,1.0400,1.0500,1.0300,1.0500,415,0
D,2013-12-11,1.0200,1.0500,1.0100,1.0500,743,0
D,2013-12-10,1.0300,1.0600,1.0200,1.0300,1560,0
D,2013-12-09,1.0400,1.0600,1.0400,1.0600,1890,0
D,2013-12-06,1.0300,1.0600,1.0200,1.0500,3766,0
D,2013-12-05,1.0500,1.0500,1.0400,1.0500,160,0
D,2013-12-04,1.0500,1.0500,1.0300,1.0500,2504,0
D,2013-12-03,1.0500,1.1000,1.0300,1.0700,6428,0
D,2013-12-02,1.0800,1.0800,1.0400,1.0500,2117,0
D,2013-11-29,1.0500,1.1000,1.0500,1.0700,3874,0
D,2013-11-28,1.0800,1.0800,1.0500,1.0600,3720,0
D,2013-11-27,1.0800,1.1000,1.0600,1.0800,2340,0
D,2013-11-26,1.0900,1.1000,1.0600,1.0800,1095,0
D,2013-11-25,1.1100,1.1100,1.0700,1.0900,2580,0
D,2013-11-22,1.1000,1.1000,1.0800,1.0800,882,0
D,2013-11-21,1.0900,1.0900,1.0900,1.0900,0,0
D,2013-11-20,1.0700,1.1000,1.0600,1.0900,10778,0
D,2013-11-19,1.0800,1.0900,1.0600,1.0900,5408,0
D,2013-11-18,1.0800,1.0900,1.0600,1.0800,11231,0
D,2013-11-15,1.1000,1.1000,1.0600,1.0700,10384,0
D,2013-11-14,1.0800,1.1100,1.0700,1.1100,5911,0
D,2013-11-13,1.0700,1.1200,1.0600,1.1100,9217,0
D,2013-11-12,1.0900,1.0900,1.0600,1.0700,14297,0
D,2013-11-11,1.1100,1.1100,1.0900,1.0900,5440,0
D,2013-11-08,1.1000,1.1200,1.1000,1.1200,13791,0
D,2013-11-07,1.1100,1.1200,1.1000,1.1100,1580,0
D,2013-11-06,1.1100,1.1300,1.0900,1.1200,15204,0
D,2013-11-04,1.1500,1.1500,1.1100,1.1300,14458,0
D,2013-11-01,1.1100,1.1600,1.1100,1.1500,15514,0
D,2013-10-31,1.1200,1.1400,1.1200,1.1400,10841,0
D,2013-10-30,1.1400,1.1500,1.1100,1.1400,16560,0
D,2013-10-29,1.1400,1.1500,1.1100,1.1500,18763,0
D,2013-10-28,1.1300,1.1500,1.1000,1.1300,15610,0
D,2013-10-25,1.1200,1.1400,1.1000,1.1300,14680,0
D,2013-10-24,1.0900,1.1500,1.0700,1.1300,51108,0
D,2013-10-23,1.0800,1.0900,1.0700,1.0800,18893,0
D,2013-10-22,1.0600,1.0700,1.0400,1.0700,12782,0
D,2013-10-21,1.0600,1.1000,1.0400,1.0600,53817,0
D,2013-10-18,1.0200,1.0500,0.9900,1.0500,12593,0
D,2013-10-17,1.0000,1.0300,0.9900,1.0000,18292,0
D,2013-10-16,0.9850,1.0200,0.9800,0.9950,4537,0
D,2013-10-14,0.9800,0.9900,0.9800,0.9800,1080,0
D,2013-10-11,0.9800,0.9900,0.9750,0.9900,3678,0
D,2013-10-10,0.9750,0.9900,0.9750,0.9900,5184,0
D,2013-10-09,0.9850,0.9850,0.9650,0.9750,5371,0
D,2013-10-08,0.9900,1.0000,0.9600,0.9800,14097,0
D,2013-10-07,1.0000,1.0000,0.9800,0.9900,2081,0
D,2013-10-04,1.0000,1.0000,0.9950,1.0000,4965,0
D,2013-10-03,1.0200,1.0600,1.0000,1.0200,68136,0
D,2013-10-02,0.9600,1.0300,0.9600,1.0100,15172,0
D,2013-10-01,0.9700,0.9750,0.9600,0.9700,150,0
D,2013-09-30,0.9600,0.9800,0.9600,0.9800,1001,0
D,2013-09-27,0.9600,0.9800,0.9450,0.9800,1193,0
D,2013-09-26,0.9500,0.9850,0.9500,0.9600,1071,0
D,2013-09-25,0.9600,0.9650,0.9600,0.9650,190,0
D,2013-09-24,0.9700,0.9900,0.9700,0.9900,574,0
D,2013-09-23,0.9600,0.9900,0.9600,0.9900,2740,0
D,2013-09-20,0.9700,0.9850,0.9500,0.9850,2210,0
D,2013-09-19,0.9700,0.9750,0.9600,0.9750,1583,0
D,2013-09-18,0.9700,0.9700,0.9400,0.9600,480,0
D,2013-09-17,0.9700,1.0000,0.9700,0.9850,2861,0
D,2013-09-13,0.9750,0.9800,0.9650,0.9800,1586,0
D,2013-09-12,0.9400,1.0000,0.9400,0.9800,5778,0
D,2013-09-11,0.9500,0.9550,0.9150,0.9400,4874,0
D,2013-09-10,0.9350,0.9450,0.9350,0.9450,337,0
D,2013-09-09,0.9100,0.9500,0.9050,0.9400,1618,0
D,2013-09-06,0.9050,0.9250,0.9000,0.9150,2105,0
D,2013-09-05,0.9150,0.9700,0.9050,0.9100,5192,0
D,2013-09-04,0.9150,0.9150,0.8900,0.9150,1060,0
D,2013-09-03,0.9100,0.9150,0.9100,0.9150,1010,0
D,2013-09-02,0.9200,0.9250,0.8900,0.9100,1363,0
D,2013-08-30,0.9000,0.9350,0.8950,0.9250,5483,0
D,2013-08-29,0.8800,0.9000,0.8800,0.8950,12972,0
D,2013-08-28,0.8500,0.8800,0.8300,0.8750,2912,0
D,2013-08-27,0.9200,0.9200,0.8550,0.8900,16852,0
D,2013-08-26,0.9800,0.9800,0.9400,0.9400,12892,0
D,2013-08-23,0.9700,1.0000,0.9700,0.9800,30532,0
D,2013-08-22,1.0200,1.0200,0.9650,0.9700,17813,0
D,2013-08-21,1.0400,1.0500,1.0300,1.0300,4735,0
D,2013-08-20,1.0900,1.0900,1.0300,1.0300,6957,0
D,2013-08-19,1.1000,1.1000,1.0700,1.0900,2783,0
D,2013-08-16,1.1200,1.1200,1.0900,1.1000,6020,0
D,2013-08-15,1.1300,1.1500,1.1200,1.1300,22010,0
D,2013-08-14,1.1000,1.1100,1.0900,1.1000,5420,0
D,2013-08-13,1.0500,1.1000,1.0500,1.1000,10305,0
D,2013-08-12,1.0600,1.0900,1.0500,1.0500,7116,0
D,2013-08-07,1.0500,1.0700,1.0400,1.0600,1585,0
D,2013-08-06,1.0600,1.0700,1.0400,1.0500,5756,0
D,2013-08-05,1.0500,1.0700,1.0500,1.0600,2960,0
D,2013-08-02,1.0900,1.1100,1.0500,1.0600,12541,0
D,2013-08-01,1.0800,1.1100,1.0600,1.0900,9670,0
D,2013-07-31,1.1000,1.1000,1.0500,1.0800,9194,0
D,2013-07-30,1.1300,1.1300,1.0900,1.1100,5019,0
D,2013-07-29,1.1300,1.1300,1.0900,1.1100,13183,0
D,2013-07-26,1.1400,1.1600,1.1300,1.1500,7443,0
D,2013-07-25,1.1500,1.1500,1.1400,1.1400,4928,0
D,2013-07-24,1.1600,1.1600,1.1400,1.1600,8774,0
D,2013-07-23,1.1300,1.1900,1.1200,1.1600,26528,0
D,2013-07-22,1.1200,1.1500,1.1100,1.1400,16842,0
D,2013-07-19,1.1000,1.1200,1.0900,1.1200,18629,0
D,2013-07-18,1.0800,1.1000,1.0700,1.1000,20837,0
D,2013-07-17,1.0600,1.0600,1.0500,1.0500,6039,0
D,2013-07-16,1.0400,1.0700,1.0400,1.0700,7511,0
D,2013-07-15,1.0600,1.0800,1.0300,1.0400,14757,0
D,2013-07-12,1.0500,1.0700,1.0500,1.0500,7280,0
D,2013-07-11,1.0400,1.0500,1.0300,1.0400,5103,0
D,2013-07-10,1.0500,1.0500,1.0300,1.0400,2286,0
D,2013-07-09,1.0300,1.1000,1.0300,1.0500,30154,0
D,2013-07-08,1.0500,1.0500,1.0200,1.0300,8214,0
D,2013-07-05,1.0000,1.0500,1.0000,1.0500,32520,0
D,2013-07-04,0.9900,1.0200,0.9900,1.0200,2517,0
D,2013-07-03,1.0000,1.0000,0.9900,0.9900,2882,0
D,2013-07-02,1.0000,1.0100,0.9900,0.9900,1900,0
D,2013-07-01,0.9900,1.0200,0.9850,1.0200,4516,0
D,2013-06-28,0.9800,1.0100,0.9700,1.0100,5950,0
D,2013-06-27,0.9650,0.9800,0.9400,0.9800,7508,0
D,2013-06-26,0.9550,0.9600,0.9500,0.9600,3440,0
D,2013-06-25,0.9300,0.9800,0.9200,0.9500,6036,0
D,2013-06-24,0.9850,0.9900,0.9400,0.9400,8533,0
D,2013-06-21,0.9700,1.0000,0.9700,1.0000,5858,0
D,2013-06-20,1.0200,1.0200,1.0100,1.0100,2795,0
D,2013-06-19,1.0400,1.0500,1.0100,1.0400,14348,0
D,2013-06-18,1.0300,1.0700,1.0300,1.0300,26034,0
D,2013-06-17,0.9950,1.0300,0.9850,1.0300,22621,0
D,2013-06-14,0.9900,0.9900,0.9800,0.9900,11404,0
D,2013-06-13,0.9900,0.9900,0.9550,0.9850,9924,0
D,2013-06-12,1.0100,1.0100,0.9850,0.9900,11719,0
D,2013-06-11,0.9800,1.0200,0.9700,1.0100,45860,0
D,2013-06-10,0.9350,0.9700,0.9250,0.9700,20083,0
D,2013-06-07,0.9100,0.9300,0.8950,0.9300,7586,0
D,2013-06-06,0.9250,0.9300,0.8900,0.9250,7298,0
D,2013-06-05,0.9350,0.9450,0.9200,0.9300,4770,0
D,2013-06-04,0.9650,0.9700,0.9350,0.9350,27449,0
D,2013-06-03,0.9500,0.9700,0.9400,0.9500,68812,0
D,2013-05-31,0.9200,0.9500,0.9200,0.9300,25640,0
D,2013-05-30,0.9250,0.9250,0.9150,0.9250,4833,0
D,2013-05-29,0.9150,0.9400,0.9150,0.9300,19571,0
D,2013-05-28,0.8900,0.9200,0.8900,0.9150,7867,0
D,2013-05-27,0.8700,0.8850,0.8700,0.8700,9669,0
D,2013-05-23,0.9100,0.9100,0.8700,0.8800,3828,0
D,2013-05-22,0.9100,0.9200,0.9050,0.9150,16797,0
D,2013-05-21,0.9000,0.9200,0.8950,0.9000,23307,0
D,2013-05-20,0.8650,0.9000,0.8650,0.8900,8919,0
D,2013-05-17,0.8700,0.8700,0.8600,0.8650,3355,0
D,2013-05-16,0.8800,0.8900,0.8700,0.8800,4698,0
D,2013-05-15,0.9000,0.9000,0.8800,0.8800,7109,0
D,2013-05-14,0.8750,0.9000,0.8750,0.8850,10219,0
D,2013-05-13,0.8600,0.8800,0.8600,0.8650,17105,0
D,2013-05-10,0.8250,0.8600,0.8250,0.8600,7078,0
D,2013-05-09,0.8200,0.8250,0.8100,0.8200,6156,0
D,2013-05-08,0.8250,0.8250,0.8100,0.8250,4537,0
D,2013-05-07,0.8150,0.8400,0.8150,0.8400,3379,0
D,2013-05-06,0.8050,0.8200,0.7900,0.8200,1491,0
D,2013-05-03,0.7800,0.7800,0.7700,0.7800,1586,0
D,2013-05-02,0.7800,0.7900,0.7800,0.7900,477,0
D,2013-04-30,0.7850,0.7950,0.7850,0.7950,431,0
D,2013-04-29,0.8000,0.8000,0.7850,0.7850,1266,0
D,2013-04-26,0.7850,0.7950,0.7850,0.7950,483,0
D,2013-04-25,0.7950,0.7950,0.7950,0.7950,0,0
D,2013-04-24,0.7900,0.7950,0.7900,0.7950,195,0
D,2013-04-23,0.7800,0.7900,0.7750,0.7900,1771,0
D,2013-04-22,0.8000,0.8000,0.7750,0.7750,6251,0
D,2013-04-19,0.8050,0.8050,0.7950,0.8000,2680,0
D,2013-04-18,0.8000,0.8100,0.8000,0.8100,344,0
D,2013-04-17,0.8100,0.8150,0.8050,0.8150,374,0
D,2013-04-16,0.7950,0.8450,0.7950,0.8150,988,0
D,2013-04-15,0.8200,0.8200,0.7950,0.7950,4093,0
D,2013-04-12,0.8450,0.8450,0.8150,0.8200,1202,0
D,2013-04-11,0.8300,0.8450,0.8300,0.8450,229,0
D,2013-04-10,0.8500,0.8600,0.8350,0.8500,1117,0
D,2013-04-09,0.8200,0.8600,0.8200,0.8500,16702,0
D,2013-04-08,0.8200,0.8200,0.8200,0.8200,0,0
D,2013-04-05,0.8100,0.8200,0.8100,0.8200,836,0
D,2013-04-04,0.8000,0.8150,0.7950,0.8150,2575,0
D,2013-04-03,0.7900,0.8000,0.7900,0.8000,251,0
D,2013-04-02,0.7900,0.8000,0.7900,0.8000,50,0
D,2013-04-01,0.8050,0.8050,0.8050,0.8050,0,0
D,2013-03-29,0.7900,0.8050,0.7850,0.8050,301,0
D,2013-03-28,0.8000,0.8100,0.7850,0.8000,191,0
D,2013-03-27,0.7900,0.8000,0.7850,0.8000,400,0
D,2013-03-26,0.7850,0.7950,0.7850,0.7950,505,0
D,2013-03-25,0.7850,0.8000,0.7800,0.8000,235,0
D,2013-03-22,0.8000,0.8000,0.7850,0.8000,281,0
D,2013-03-21,0.7950,0.7950,0.7850,0.7950,651,0
D,2013-03-20,0.7800,0.8000,0.7800,0.8000,330,0
D,2013-03-19,0.7900,0.8000,0.7800,0.7800,1356,0
D,2013-03-18,0.8000,0.8000,0.7850,0.7900,686,0
D,2013-03-15,0.8000,0.8000,0.7950,0.8000,1145,0
D,2013-03-14,0.7950,0.8050,0.7900,0.8000,1221,0
D,2013-03-13,0.8050,0.8050,0.7950,0.8000,3392,0
D,2013-03-12,0.8200,0.8200,0.8100,0.8150,811,0
D,2013-03-11,0.8100,0.8250,0.8050,0.8250,1301,0
D,2013-03-08,0.8100,0.8300,0.8050,0.8150,661,0
D,2013-03-07,0.8250,0.8500,0.8100,0.8100,2316,0
D,2013-03-06,0.8050,0.8250,0.8050,0.8250,4232,0
D,2013-03-05,0.8300,0.8300,0.8300,0.8300,0,0
D,2013-03-04,0.8050,0.8300,0.8050,0.8300,1028,0
D,2013-03-01,0.8000,0.8100,0.7950,0.8000,1271,0
D,2013-02-28,0.8200,0.8300,0.8000,0.8150,5559,0
D,2013-02-27,0.8000,0.8300,0.8000,0.8200,3511,0
D,2013-02-26,0.8100,0.8200,0.7950,0.8000,2968,0
D,2013-02-25,0.8300,0.8300,0.8300,0.8300,0,0
D,2013-02-22,0.8100,0.8300,0.8050,0.8300,901,0
D,2013-02-21,0.8100,0.8450,0.8000,0.8350,1663,0
D,2013-02-20,0.8200,0.8500,0.8200,0.8300,398,0
D,2013-02-19,0.8200,0.8300,0.8200,0.8300,81,0
D,2013-02-18,0.8200,0.8500,0.8200,0.8350,633,0
D,2013-02-15,0.8300,0.8300,0.8100,0.8200,629,0
D,2013-02-14,0.8300,0.8300,0.8100,0.8100,600,0
D,2013-02-13,0.8000,0.8200,0.8000,0.8200,1760,0
D,2013-02-08,0.8000,0.8350,0.8000,0.8350,380,0
D,2013-02-07,0.8250,0.8250,0.8250,0.8250,0,0
D,2013-02-06,0.8250,0.8250,0.8000,0.8250,442,0
D,2013-02-05,0.8150,0.8250,0.8100,0.8250,316,0
D,2013-02-04,0.8300,0.8300,0.8300,0.8300,31,0
D,2013-01-31,0.8300,0.8500,0.8300,0.8500,370,0
D,2013-01-30,0.8200,0.8250,0.8150,0.8200,2691,0
D,2013-01-29,0.8150,0.8350,0.8150,0.8350,871,0
D,2013-01-25,0.8300,0.8350,0.8150,0.8200,501,0
D,2013-01-23,0.8650,0.8650,0.8300,0.8350,445,0
D,2013-01-22,0.8150,0.8650,0.8150,0.8650,2387,0
D,2013-01-21,0.8350,0.8400,0.8150,0.8350,2733,0
D,2013-01-18,0.8450,0.8450,0.8350,0.8400,960,0
D,2013-01-17,0.8450,0.8500,0.8400,0.8500,451,0
D,2013-01-16,0.8550,0.8550,0.8400,0.8450,731,0
D,2013-01-15,0.8500,0.8550,0.8350,0.8400,141,0
D,2013-01-14,0.8600,0.8600,0.8600,0.8600,38,0
D,2013-01-11,0.8500,0.8700,0.8500,0.8600,485,0
D,2013-01-10,0.8400,0.8600,0.8400,0.8600,436,0
D,2013-01-09,0.8450,0.8600,0.8450,0.8600,102,0
D,2013-01-08,0.8400,0.8600,0.8400,0.8600,239,0
D,2013-01-07,0.8550,0.8600,0.8550,0.8600,534,0
D,2013-01-04,0.8300,0.8500,0.8300,0.8500,181,0
D,2013-01-03,0.8300,0.8500,0.8300,0.8500,106,0
D,2013-01-02,0.8300,0.8400,0.8250,0.8350,778,0
D,2012-12-31,0.8400,0.8400,0.8350,0.8400,100,0
D,2012-12-28,0.8350,0.8700,0.8350,0.8700,950,0
D,2012-12-27,0.8300,0.8550,0.8300,0.8550,447,0
D,2012-12-26,0.8300,0.8550,0.8300,0.8550,135,0
D,2012-12-24,0.8550,0.8550,0.8550,0.8550,0,0
D,2012-12-21,0.8400,0.8600,0.8400,0.8550,71,0
D,2012-12-20,0.8400,0.8650,0.8400,0.8650,125,0
D,2012-12-19,0.8400,0.8700,0.8400,0.8650,955,0
D,2012-12-18,0.8450,0.8450,0.8450,0.8450,1957,0
D,2012-12-17,0.8500,0.8500,0.8500,0.8500,0,0
D,2012-12-14,0.8400,0.8500,0.8300,0.8500,855,0
D,2012-12-13,0.8500,0.8500,0.8500,0.8500,200,0
D,2012-12-12,0.8400,0.8600,0.8400,0.8600,101,0
D,2012-12-11,0.8600,0.8700,0.8450,0.8700,331,0
D,2012-12-10,0.8600,0.8600,0.8600,0.8600,0,0
D,2012-12-07,0.8450,0.8600,0.8450,0.8600,224,0
D,2012-12-06,0.8650,0.8650,0.8650,0.8650,60,0
D,2012-12-05,0.8650,0.8800,0.8400,0.8800,766,0
D,2012-12-04,0.8350,0.8600,0.8300,0.8600,580,0
D,2012-12-03,0.8600,0.8700,0.8300,0.8700,608,0
D,2012-11-30,0.8400,0.8750,0.8350,0.8600,486,0
D,2012-11-29,0.8600,0.8750,0.8450,0.8650,219,0
D,2012-11-28,0.8350,0.8750,0.8350,0.8750,97,0
D,2012-11-27,0.8600,0.8650,0.8550,0.8650,1535,0
D,2012-11-26,0.8500,0.8850,0.8400,0.8850,1310,0
D,2012-11-23,0.8750,0.8750,0.8500,0.8500,450,0
D,2012-11-22,0.8600,0.8600,0.8500,0.8500,876,0
D,2012-11-21,0.8650,0.8700,0.8600,0.8700,551,0
D,2012-11-20,0.8700,0.8800,0.8700,0.8800,173,0
D,2012-11-19,0.8800,0.8800,0.8700,0.8750,820,0
D,2012-11-16,0.8800,0.8850,0.8800,0.8800,740,0
D,2012-11-14,0.8850,0.8900,0.8850,0.8900,544,0
D,2012-11-12,0.9000,0.9000,0.8850,0.8850,3343,0
D,2012-11-09,0.9100,0.9200,0.9050,0.9200,404,0
D,2012-11-08,0.9200,0.9300,0.9200,0.9300,31,0
D,2012-11-07,0.9350,0.9350,0.9150,0.9300,359,0
D,2012-11-06,0.8950,0.9500,0.8950,0.9500,914,0
D,2012-11-05,0.8950,0.9000,0.8950,0.9000,150,0
D,2012-11-02,0.9050,0.9100,0.9000,0.9100,1136,0
D,2012-11-01,0.9200,0.9200,0.8950,0.9100,2262,0
D,2012-10-31,0.9250,0.9250,0.9000,0.9050,322,0
D,2012-10-30,0.9250,0.9250,0.9000,0.9150,971,0
D,2012-10-29,0.9200,0.9200,0.9100,0.9100,521,0
D,2012-10-25,0.9250,0.9350,0.9150,0.9150,4280,0
D,2012-10-24,0.9200,0.9300,0.9000,0.9300,953,0
D,2012-10-23,0.9300,0.9300,0.9100,0.9150,515,0
D,2012-10-22,0.9150,0.9300,0.9150,0.9250,745,0
D,2012-10-19,0.9250,0.9350,0.9250,0.9350,848,0
D,2012-10-18,0.9100,0.9300,0.9100,0.9300,3811,0
D,2012-10-17,0.9050,0.9250,0.8950,0.9200,1314,0
D,2012-10-16,0.9000,0.9400,0.8950,0.9350,2144,0
D,2012-10-15,0.8900,0.9000,0.8900,0.9000,722,0
D,2012-10-12,0.9000,0.9000,0.8850,0.9000,314,0
D,2012-10-11,0.8750,0.8800,0.8750,0.8750,1420,0
D,2012-10-10,0.8900,0.8900,0.8800,0.8900,1905,0
D,2012-10-09,0.9100,0.9100,0.9100,0.9100,100,0
D,2012-10-08,0.9100,0.9100,0.8900,0.9100,1237,0
D,2012-10-05,0.9150,0.9250,0.8800,0.9100,650,0
D,2012-10-04,0.9050,0.9200,0.9000,0.9000,574,0
D,2012-10-03,0.9100,0.9100,0.9000,0.9050,475,0
D,2012-05-03,0.9950,1.0100,0.9950,1.0100,953,0
D,2012-05-02,1.0000,1.0100,0.9950,1.0100,1358,0
