D,2014-10-14,2.8200,2.8200,2.7500,2.8200,17907,0
D,2014-10-13,2.9700,2.9700,2.8600,2.8600,16894,0
D,2014-10-10,2.9300,2.9700,2.9000,2.9700,12794,0
D,2014-10-09,2.9900,3.0000,2.9800,2.9900,12013,0
D,2014-10-08,3.0500,3.0500,2.9400,2.9400,26583,0
D,2014-10-07,3.1500,3.1800,3.0400,3.0700,9746,0
D,2014-10-03,3.2200,3.2200,3.1300,3.1500,7066,0
D,2014-10-02,3.2300,3.2400,3.2000,3.2200,10085,0
D,2014-10-01,3.2800,3.2800,3.2400,3.2500,3327,0
D,2014-09-30,3.3000,3.3000,3.2400,3.2500,2165,0
D,2014-09-29,3.3000,3.3000,3.2700,3.2800,4820,0
D,2014-09-26,3.2600,3.2800,3.2300,3.2800,3897,0
D,2014-09-25,3.3000,3.3000,3.2700,3.3000,4209,0
D,2014-09-24,3.3000,3.3000,3.2700,3.2800,1564,0
D,2014-09-23,3.3000,3.3000,3.2600,3.2900,3151,0
D,2014-09-22,3.2500,3.3000,3.2400,3.3000,5588,0
D,2014-09-19,3.2500,3.2800,3.2500,3.2500,2330,0
D,2014-09-18,3.2500,3.2800,3.2300,3.2500,2310,0
D,2014-09-17,3.2500,3.2600,3.2300,3.2300,1826,0
D,2014-09-15,3.2800,3.2800,3.2500,3.2500,2345,0
D,2014-09-12,3.2600,3.3100,3.2600,3.2900,4829,0
D,2014-09-11,3.3000,3.3000,3.2500,3.2500,1597,0
D,2014-09-10,3.3000,3.3000,3.2700,3.2900,4331,0
D,2014-09-09,3.1900,3.3200,3.1900,3.3100,11975,0
D,2014-09-08,3.1900,3.2200,3.1600,3.2100,4073,0
D,2014-09-05,3.1800,3.2000,3.1800,3.1900,1341,0
D,2014-09-04,3.2000,3.2000,3.1800,3.1900,3476,0
D,2014-09-03,3.1600,3.2000,3.1600,3.2000,2507,0
D,2014-09-02,3.1000,3.1700,3.1000,3.1500,3225,0
D,2014-08-29,3.1500,3.1600,3.1300,3.1600,3986,0
D,2014-08-28,3.2000,3.2000,3.1500,3.1500,4450,0
D,2014-08-27,3.2100,3.2200,3.2000,3.2000,1675,0
D,2014-08-26,3.1900,3.2200,3.1700,3.2100,5240,0
D,2014-08-25,3.1600,3.1900,3.1500,3.1800,4327,0
D,2014-08-22,3.1800,3.1900,3.1300,3.1400,15607,0
D,2014-08-21,3.2200,3.2200,3.1800,3.1800,7077,0
D,2014-08-20,3.2500,3.2700,3.1900,3.2000,13240,0
D,2014-08-19,3.2700,3.2700,3.1900,3.2000,15560,0
D,2014-08-18,3.2500,3.2700,3.2500,3.2600,4535,0
D,2014-08-15,3.2200,3.2500,3.2100,3.2200,2334,0
D,2014-08-14,3.2000,3.2200,3.2000,3.2200,2560,0
D,2014-08-13,3.2200,3.2300,3.1900,3.2000,5764,0
D,2014-08-12,3.2400,3.2500,3.2100,3.2200,3589,0
D,2014-08-11,3.2400,3.2800,3.2200,3.2200,6903,0
D,2014-08-08,3.1900,3.2800,3.1700,3.2100,18382,0
D,2014-08-07,3.0800,3.2100,3.0800,3.1900,11363,0
D,2014-08-06,3.0800,3.0900,3.0500,3.0700,4344,0
D,2014-08-05,3.0500,3.0900,3.0400,3.0800,5334,0
D,2014-08-04,3.0500,3.0700,3.0300,3.0400,8330,0
D,2014-08-01,3.0400,3.0800,3.0300,3.0500,11109,0
D,2014-07-31,3.0700,3.0800,3.0500,3.0500,13948,0
D,2014-07-30,2.9800,3.0900,2.9800,3.0500,13850,0
D,2014-07-25,2.9600,2.9700,2.9400,2.9700,2954,0
D,2014-07-24,2.9500,2.9600,2.9400,2.9400,8142,0
D,2014-07-23,2.9100,2.9500,2.9100,2.9400,15693,0
D,2014-07-22,2.9100,2.9200,2.8800,2.9000,15598,0
D,2014-07-21,2.9600,2.9600,2.9000,2.9100,10584,0
D,2014-07-18,2.9500,2.9500,2.9000,2.9100,15091,0
D,2014-07-17,2.9600,2.9700,2.9400,2.9500,10006,0
D,2014-07-16,3.0000,3.0000,2.9400,2.9400,16694,0
D,2014-07-16,3.0000,3.0000,2.9400,2.9400,16694,0
D,2014-07-14,4.3600,4.3800,4.3500,4.3800,6627,0
D,2014-07-11,4.4000,4.4000,4.3600,4.3600,4575,0
D,2014-07-10,4.3800,4.4000,4.3800,4.4000,2164,0
D,2014-07-09,4.4000,4.4000,4.3700,4.3700,3378,0
D,2014-07-08,4.4000,4.4200,4.3600,4.4000,4782,0
D,2014-07-07,4.3000,4.4000,4.3000,4.4000,7671,0
D,2014-07-04,4.2400,4.3100,4.2400,4.2900,7021,0
D,2014-07-03,4.2000,4.2700,4.2000,4.2400,10264,0
D,2014-07-02,4.1900,4.2000,4.1500,4.1900,2046,0
D,2014-07-01,4.1900,4.2300,4.1800,4.2000,972,0
D,2014-06-30,4.1900,4.2000,4.1500,4.2000,1481,0
D,2014-06-27,4.1500,4.1700,4.1500,4.1600,1137,0
D,2014-06-26,4.1600,4.1900,4.1500,4.1900,1473,0
D,2014-06-25,4.1100,4.2000,4.1100,4.1500,672,0
D,2014-06-24,4.2300,4.2300,4.1200,4.1700,2386,0
D,2014-06-23,4.2600,4.2600,4.2000,4.2300,2433,0
D,2014-06-20,4.2600,4.2600,4.2200,4.2500,7327,0
D,2014-06-19,4.1100,4.2500,4.1000,4.2000,7289,0
D,2014-06-18,4.0700,4.1000,4.0700,4.0700,1310,0
D,2014-06-17,4.0700,4.0900,4.0700,4.0700,1192,0
D,2014-06-16,4.0700,4.0900,4.0500,4.0900,1054,0
D,2014-06-13,4.0600,4.0900,4.0500,4.0600,1456,0
D,2014-06-12,4.1000,4.1000,4.0500,4.0600,1561,0
D,2014-06-11,4.0800,4.0900,4.0400,4.0400,4871,0
D,2014-06-10,4.0600,4.0900,4.0600,4.0800,1273,0
D,2014-06-09,4.0600,4.0600,4.0400,4.0400,934,0
D,2014-06-06,4.0300,4.0300,4.0000,4.0100,3886,0
D,2014-06-05,4.0300,4.0400,4.0200,4.0300,3214,0
D,2014-06-04,4.0400,4.0400,4.0300,4.0400,3666,0
D,2014-06-03,4.0200,4.0500,4.0200,4.0300,5210,0
D,2014-06-02,4.0400,4.0500,4.0200,4.0300,2188,0
D,2014-05-30,4.0600,4.0700,4.0400,4.0500,5421,0
D,2014-05-29,4.1000,4.1000,4.0500,4.0700,4719,0
D,2014-05-28,4.1000,4.1000,4.0400,4.1000,3419,0
D,2014-05-27,4.0900,4.1200,4.0900,4.1100,709,0
D,2014-05-26,4.0800,4.1100,4.0800,4.1100,1358,0
D,2014-05-23,4.1000,4.1100,4.0800,4.1000,3607,0
D,2014-05-22,4.0200,4.1000,4.0200,4.0800,6871,0
D,2014-05-21,4.1000,4.1200,3.9600,4.0000,10861,0
D,2014-05-20,4.1000,4.1300,4.0800,4.1000,5571,0
D,2014-05-19,4.1000,4.1200,4.0900,4.1100,4019,0
D,2014-05-16,4.0900,4.1400,4.0900,4.1100,3037,0
D,2014-05-15,4.1200,4.1200,4.0900,4.0900,5754,0
D,2014-05-14,4.1000,4.1400,4.0900,4.1400,2410,0
D,2014-05-12,4.1900,4.1900,4.0800,4.1000,4325,0
D,2014-05-09,4.1100,4.1800,4.1000,4.1500,3537,0
D,2014-05-08,4.1100,4.1100,4.0700,4.1100,2891,0
D,2014-05-07,4.0800,4.1100,4.0700,4.1100,2025,0
D,2014-05-06,4.0600,4.1000,4.0500,4.0900,1177,0
D,2014-05-05,4.0800,4.1000,4.0600,4.0600,1391,0
D,2014-05-02,4.0900,4.1000,4.0600,4.0800,1558,0
D,2014-04-30,4.1000,4.1300,4.0500,4.0900,3763,0
D,2014-04-29,4.1600,4.1600,4.0400,4.0600,6689,0
D,2014-04-28,4.2200,4.2200,4.1500,4.1500,2330,0
D,2014-04-25,4.2800,4.2800,4.2000,4.2000,2389,0
D,2014-04-24,4.2800,4.3000,4.2500,4.2600,5685,0
D,2014-04-23,4.2500,4.2800,4.2200,4.2800,3348,0
D,2014-04-22,4.2200,4.2500,4.2100,4.2500,9276,0
D,2014-04-21,4.1800,4.2400,4.1800,4.2200,7205,0
D,2014-04-18,4.1500,4.1800,4.1500,4.1800,4237,0
D,2014-04-17,4.1800,4.1800,4.1500,4.1700,3300,0
D,2014-04-16,4.1700,4.1800,4.1400,4.1800,5529,0
D,2014-04-15,4.1900,4.1900,4.1500,4.1700,5924,0
D,2014-04-14,4.2000,4.2700,4.1300,4.1600,40649,0
D,2014-04-11,4.1500,4.1600,4.0900,4.1100,16373,0
D,2014-04-10,4.1500,4.2000,4.1300,4.1700,12381,0
D,2014-04-09,3.9500,4.1400,3.9500,4.1300,43754,0
D,2014-04-08,4.0000,4.0100,3.9500,3.9600,22703,0
D,2014-04-07,3.9600,4.0300,3.9500,4.0200,4725,0
D,2014-04-04,4.0500,4.0500,3.9600,3.9600,4419,0
D,2014-04-03,4.0000,4.0900,3.9900,4.0500,19556,0
D,2014-04-02,3.8300,4.0200,3.8300,3.9900,30610,0
D,2014-04-01,3.8000,3.8200,3.7900,3.8200,2927,0
D,2014-03-31,3.8000,3.8000,3.7800,3.8000,1853,0
D,2014-03-28,3.7800,3.7900,3.7700,3.7900,1852,0
D,2014-03-27,3.7900,3.8000,3.7600,3.7900,2894,0
D,2014-03-26,3.7800,3.8000,3.7600,3.7900,2743,0
D,2014-03-25,3.7800,3.8100,3.7800,3.8000,4848,0
D,2014-03-24,3.7900,3.7900,3.7800,3.7800,3015,0
D,2014-03-21,3.7900,3.7900,3.7700,3.7900,911,0
D,2014-03-20,3.7900,3.8000,3.7700,3.7900,1209,0
D,2014-03-19,3.7700,3.7900,3.7700,3.7900,1346,0
D,2014-03-18,3.7400,3.7800,3.7400,3.7600,2066,0
D,2014-03-17,3.7300,3.7600,3.7200,3.7200,2392,0
D,2014-03-14,3.8100,3.8100,3.7400,3.7400,5457,0
D,2014-03-13,3.8100,3.8100,3.7800,3.8000,1250,0
D,2014-03-12,3.8200,3.8300,3.8000,3.8300,3186,0
D,2014-03-11,3.8200,3.8400,3.7900,3.8000,2794,0
D,2014-03-10,3.8500,3.8600,3.7500,3.7500,6716,0
D,2014-03-07,3.7400,3.8400,3.7200,3.8300,2972,0
D,2014-03-06,3.7300,3.7400,3.7100,3.7400,4053,0
D,2014-03-05,3.7300,3.7400,3.7200,3.7300,10587,0
D,2014-03-04,3.7100,3.7400,3.7100,3.7200,5204,0
D,2014-03-03,3.7500,3.7800,3.7100,3.7800,6106,0
D,2014-02-28,3.7700,3.7700,3.7400,3.7500,4706,0
D,2014-02-27,3.7900,3.8000,3.7600,3.7600,4965,0
D,2014-02-26,3.8400,3.8500,3.7700,3.7800,6306,0
D,2014-02-25,3.9000,3.9100,3.8000,3.8300,7023,0
D,2014-02-24,3.8800,3.9100,3.8700,3.8800,7737,0
D,2014-02-21,3.8700,3.8900,3.8200,3.8400,8798,0
D,2014-02-20,3.8400,3.9000,3.8400,3.8600,9683,0
D,2014-02-19,3.8500,3.8500,3.8200,3.8400,2365,0
D,2014-02-18,3.7700,3.8500,3.7600,3.8400,7369,0
D,2014-02-17,3.8200,3.8500,3.7700,3.7700,5228,0
D,2014-02-14,3.7700,3.8100,3.7100,3.8100,7415,0
D,2014-02-13,3.7800,3.8300,3.7000,3.7000,7216,0
D,2014-02-12,3.8000,3.8200,3.7600,3.7700,7556,0
D,2014-02-11,3.5800,3.7900,3.5800,3.7800,13040,0
D,2014-02-10,3.5700,3.5900,3.5700,3.5700,2412,0
D,2014-02-07,3.5300,3.5700,3.5300,3.5400,3811,0
D,2014-02-06,3.5300,3.5700,3.5300,3.5400,6111,0
D,2014-02-05,3.5800,3.5800,3.5200,3.5200,2463,0
D,2014-02-04,3.5600,3.5800,3.5300,3.5400,6882,0
D,2014-01-30,3.5600,3.5900,3.5600,3.5900,1877,0
D,2014-01-29,3.5900,3.5900,3.5600,3.5700,2505,0
D,2014-01-28,3.5400,3.5900,3.5400,3.5900,5987,0
D,2014-01-27,3.6100,3.6100,3.5400,3.5400,10466,0
D,2014-01-24,3.6500,3.6700,3.6300,3.6600,3150,0
D,2014-01-23,3.6700,3.7000,3.6200,3.6500,5113,0
D,2014-01-22,3.7400,3.7400,3.6800,3.6900,5483,0
D,2014-01-21,3.7600,3.7600,3.7000,3.7300,2967,0
D,2014-01-20,3.7400,3.8000,3.7400,3.7600,9130,0
D,2014-01-16,3.7600,3.7600,3.7000,3.7100,5388,0
D,2014-01-15,3.7700,3.7900,3.7000,3.7600,8683,0
D,2014-01-13,3.7500,3.8100,3.7300,3.7300,6407,0
D,2014-01-10,3.7600,3.8000,3.7200,3.8000,6326,0
D,2014-01-09,3.8200,3.8200,3.7400,3.7800,6050,0
D,2014-01-08,3.8400,3.8700,3.7800,3.8100,10037,0
D,2014-01-07,3.7400,3.9000,3.7400,3.8200,14613,0
D,2014-01-06,3.6000,3.7700,3.6000,3.7400,12953,0
D,2014-01-03,3.4000,3.5800,3.3600,3.5500,17226,0
D,2014-01-02,3.4500,3.4500,3.3100,3.4000,16985,0
D,2013-12-31,3.6400,3.6400,3.4000,3.4100,22883,0
D,2013-12-30,3.7500,3.7700,3.6000,3.6400,6526,0
D,2013-12-27,3.7600,3.7900,3.7500,3.7700,3330,0
D,2013-12-26,3.8000,3.8800,3.8000,3.8700,6534,0
D,2013-12-24,3.8800,3.9000,3.7800,3.7900,4264,0
D,2013-12-23,3.8000,3.9300,3.8000,3.8800,8587,0
D,2013-12-20,3.6400,3.8100,3.6400,3.7800,11664,0
D,2013-12-19,3.6700,3.6800,3.6200,3.6500,4163,0
D,2013-12-18,3.6200,3.6600,3.6100,3.6500,4007,0
D,2013-12-17,3.5700,3.6400,3.5700,3.6300,12565,0
D,2013-12-16,3.3600,3.5800,3.3600,3.5500,10835,0
D,2013-12-13,3.3600,3.3700,3.3300,3.3300,5859,0
D,2013-12-12,3.3300,3.3700,3.3200,3.3300,8169,0
D,2013-12-11,3.3400,3.3400,3.3100,3.3100,6026,0
D,2013-12-10,3.3600,3.3600,3.3000,3.3000,7590,0
D,2013-12-09,3.3700,3.3800,3.3000,3.3000,6296,0
D,2013-12-06,3.3500,3.3900,3.3000,3.3000,11461,0
D,2013-12-05,3.2500,3.3900,3.2500,3.3200,10533,0
D,2013-12-04,3.2400,3.2600,3.2400,3.2500,5152,0
D,2013-12-03,3.2200,3.2600,3.2200,3.2400,6866,0
D,2013-12-02,3.2200,3.2300,3.2100,3.2200,3914,0
D,2013-11-29,3.2200,3.2400,3.2100,3.2200,12078,0
D,2013-11-28,3.2200,3.2500,3.2100,3.2200,3780,0
D,2013-11-27,3.2100,3.2300,3.2000,3.2200,2215,0
D,2013-11-26,3.2300,3.2300,3.2000,3.2200,6903,0
D,2013-11-25,3.2300,3.2500,3.2300,3.2300,12417,0
D,2013-11-22,3.2200,3.2300,3.2000,3.2200,6909,0
D,2013-11-21,3.2200,3.2200,3.2000,3.2100,6233,0
D,2013-11-20,3.2400,3.2700,3.1600,3.2000,11336,0
D,2013-11-19,3.0900,3.2700,3.0900,3.2400,29695,0
D,2013-11-18,3.0000,3.1100,3.0000,3.1000,15966,0
D,2013-11-15,2.9300,2.9800,2.9200,2.9800,4203,0
D,2013-11-14,2.9300,2.9300,2.9000,2.9100,1340,0
D,2013-11-13,2.9300,2.9300,2.8800,2.8900,3522,0
D,2013-11-12,2.9100,2.9300,2.9000,2.9300,2427,0
D,2013-11-11,2.9000,2.9100,2.8900,2.9000,4890,0
D,2013-11-08,2.8900,2.9000,2.8800,2.9000,954,0
D,2013-11-07,2.9200,2.9200,2.8900,2.9000,3271,0
D,2013-11-06,2.8900,2.9000,2.8800,2.8800,2005,0
D,2013-11-04,2.9300,2.9700,2.9000,2.9000,4702,0
D,2013-11-01,2.9000,2.9000,2.8900,2.9000,3188,0
D,2013-10-31,2.9000,2.9000,2.8900,2.9000,1006,0
D,2013-10-30,2.8900,2.9200,2.8900,2.9000,6666,0
D,2013-10-29,2.8700,2.9000,2.8700,2.8800,4652,0
D,2013-10-28,2.8900,2.9000,2.8700,2.8700,3727,0
D,2013-10-25,2.9000,2.9100,2.8900,2.9000,5392,0
D,2013-10-24,2.9100,2.9100,2.8900,2.9000,5930,0
D,2013-10-23,2.8800,2.9300,2.8800,2.9100,1731,0
D,2013-10-22,2.8900,2.9100,2.8800,2.9100,2544,0
D,2013-10-21,2.9200,2.9200,2.8800,2.8800,3275,0
D,2013-10-18,2.9600,2.9600,2.9200,2.9200,3201,0
D,2013-10-17,2.9300,2.9900,2.9200,2.9500,9584,0
D,2013-10-16,2.9200,2.9300,2.9200,2.9200,3594,0
D,2013-10-14,2.9000,2.9400,2.9000,2.9200,6956,0
D,2013-10-11,2.8600,2.8800,2.8600,2.8800,2260,0
D,2013-10-10,2.8500,2.8600,2.8500,2.8600,175,0
D,2013-10-09,2.8600,2.8700,2.8500,2.8500,1113,0
D,2013-10-08,2.8500,2.8900,2.8500,2.8800,895,0
D,2013-10-07,2.8600,2.8800,2.8500,2.8600,1142,0
D,2013-10-04,2.8800,2.8800,2.8600,2.8600,2748,0
D,2013-10-03,2.8800,2.9200,2.8800,2.8900,3328,0
D,2013-10-02,2.9100,2.9100,2.8800,2.8900,1095,0
D,2013-10-01,2.8800,2.9000,2.8700,2.9000,1900,0
D,2013-09-30,2.9000,2.9400,2.8900,2.9000,2650,0
D,2013-09-27,2.9100,2.9100,2.8300,2.8800,1640,0
D,2013-09-26,2.9400,2.9400,2.8900,2.9100,903,0
D,2013-09-25,2.9300,2.9300,2.8600,2.9000,2378,0
D,2013-09-24,2.9200,2.9500,2.9000,2.9400,3919,0
D,2013-09-23,2.9300,2.9400,2.9000,2.9300,4446,0
D,2013-09-20,2.9900,2.9900,2.9000,2.9300,5760,0
D,2013-09-19,2.9700,3.0400,2.9500,2.9800,35560,0
D,2013-09-18,2.7200,2.9100,2.7200,2.9000,34570,0
D,2013-09-17,2.6300,2.7300,2.6300,2.7100,8625,0
D,2013-09-13,2.6000,2.6200,2.6000,2.6200,2428,0
D,2013-09-12,2.6100,2.6200,2.6100,2.6100,1700,0
D,2013-09-11,2.6000,2.6100,2.5900,2.6100,1237,0
D,2013-09-10,2.6000,2.6100,2.5800,2.6000,3147,0
D,2013-09-09,2.6200,2.6200,2.5800,2.6000,2730,0
D,2013-09-06,2.6000,2.6100,2.5700,2.5700,2700,0
D,2013-09-05,2.6000,2.6200,2.6000,2.6000,1200,0
D,2013-09-04,2.6300,2.6400,2.5800,2.5900,798,0
D,2013-09-03,2.5800,2.6200,2.5800,2.5800,3386,0
D,2013-09-02,2.5700,2.5800,2.5600,2.5800,718,0
D,2013-08-30,2.5700,2.5900,2.5700,2.5700,1481,0
D,2013-08-29,2.5400,2.5800,2.5400,2.5600,3312,0
D,2013-08-28,2.5500,2.5500,2.5100,2.5500,5814,0
D,2013-08-27,2.6000,2.6200,2.5500,2.5700,4131,0
D,2013-08-26,2.6000,2.6000,2.5500,2.5900,3961,0
D,2013-08-23,2.6100,2.6200,2.5900,2.6000,1860,0
D,2013-08-22,2.6100,2.6300,2.5800,2.5900,2678,0
D,2013-08-21,2.6000,2.6500,2.6000,2.6400,1513,0
D,2013-08-20,2.6500,2.6600,2.6000,2.6100,3689,0
D,2013-08-19,2.6700,2.6800,2.6600,2.6700,3842,0
D,2013-08-16,2.6600,2.6700,2.6500,2.6600,1060,0
D,2013-08-15,2.6700,2.6700,2.6600,2.6700,1231,0
D,2013-08-14,2.6700,2.6700,2.6600,2.6700,2230,0
D,2013-08-13,2.6600,2.6800,2.6600,2.6600,6339,0
D,2013-08-12,2.6500,2.6800,2.6000,2.6700,3780,0
D,2013-08-07,2.6600,2.6700,2.6600,2.6700,3980,0
D,2013-08-06,2.6600,2.6700,2.6600,2.6600,1594,0
D,2013-08-05,2.6800,2.6800,2.6600,2.6700,1160,0
D,2013-08-02,2.6700,2.7000,2.6600,2.6700,5781,0
D,2013-08-01,2.6300,2.6700,2.6300,2.6600,3253,0
D,2013-07-31,2.6500,2.6600,2.6300,2.6400,3332,0
D,2013-07-30,2.6700,2.6800,2.6500,2.6500,4670,0
D,2013-07-29,2.7000,2.7100,2.6500,2.6600,6765,0
D,2013-07-26,2.7000,2.7100,2.6900,2.7100,2020,0
D,2013-07-25,2.6800,2.7000,2.6700,2.7000,1720,0
D,2013-07-24,2.7300,2.7300,2.6800,2.6800,3334,0
D,2013-07-23,2.7100,2.7400,2.7000,2.7200,9757,0
D,2013-07-22,2.6500,2.7300,2.6500,2.7000,17073,0
D,2013-07-19,2.6100,2.6400,2.6100,2.6400,9095,0
D,2013-07-18,2.6000,2.6200,2.5900,2.6100,3834,0
D,2013-07-17,2.5900,2.6200,2.5800,2.6000,4182,0
D,2013-07-16,2.5700,2.5900,2.5700,2.5800,3247,0
D,2013-07-15,2.5700,2.5800,2.5600,2.5700,4255,0
D,2013-07-12,2.5900,2.5900,2.5700,2.5700,3661,0
D,2013-07-11,2.5800,2.5800,2.5500,2.5700,2381,0
D,2013-07-10,2.6000,2.6200,2.5700,2.5700,1991,0
D,2013-07-09,2.6200,2.6400,2.6000,2.6000,5317,0
D,2013-07-08,2.6000,2.6400,2.5900,2.6000,5550,0
D,2013-07-05,2.5200,2.5900,2.5200,2.5800,8604,0
D,2013-07-04,2.5200,2.5500,2.5100,2.5200,3784,0
D,2013-07-03,2.5100,2.5200,2.5000,2.5200,7060,0
D,2013-07-02,2.5300,2.5300,2.5100,2.5100,2362,0
D,2013-07-01,2.5200,2.5200,2.5100,2.5200,1706,0
D,2013-06-28,2.5200,2.5400,2.5200,2.5400,1740,0
D,2013-06-27,2.5100,2.5300,2.5000,2.5200,900,0
D,2013-06-26,2.5400,2.5600,2.4800,2.5600,6184,0
D,2013-06-25,2.6000,2.6500,2.5900,2.6000,14298,0
D,2013-06-24,2.7300,2.7300,2.6100,2.6100,16181,0
D,2013-06-21,2.6900,2.7100,2.6600,2.7000,7989,0
D,2013-06-20,2.7200,2.7400,2.6800,2.7200,12932,0
D,2013-06-19,2.6200,2.7600,2.6100,2.7200,30543,0
D,2013-06-18,2.6000,2.6100,2.5900,2.6100,3134,0
D,2013-06-17,2.6100,2.6200,2.6000,2.6000,5330,0
D,2013-06-14,2.5900,2.6100,2.5800,2.6000,6619,0
D,2013-06-13,2.5700,2.5800,2.5600,2.5800,7473,0
D,2013-06-12,2.5900,2.5900,2.5700,2.5700,10278,0
D,2013-06-11,2.6000,2.6100,2.5800,2.5800,9317,0
D,2013-06-10,2.6000,2.6300,2.6000,2.6000,17170,0
D,2013-06-07,2.5900,2.6000,2.5600,2.5900,18300,0
D,2013-06-06,2.5900,2.6000,2.5800,2.5900,8986,0
D,2013-06-05,2.6000,2.6000,2.5800,2.5800,8732,0
D,2013-06-04,2.5900,2.6100,2.5800,2.5900,14273,0
D,2013-06-03,2.6000,2.6200,2.5800,2.5800,11875,0
D,2013-05-31,2.6200,2.6400,2.6000,2.6000,14021,0
D,2013-05-30,2.6500,2.6500,2.6000,2.6200,15835,0
D,2013-05-29,2.5700,2.6900,2.5700,2.6500,54373,0
