D,2014-01-30,0.0050,0.0050,0.0050,0.0050,0,0
D,2014-01-29,0.0050,0.0050,0.0050,0.0050,0,0
D,2014-01-28,0.0050,0.0050,0.0050,0.0050,0,0
D,2014-01-27,0.0050,0.0150,0.0050,0.0050,10080,0
D,2014-01-24,0.0100,0.0100,0.0050,0.0050,3499,0
D,2014-01-23,0.0150,0.0150,0.0050,0.0050,4190,0
D,2014-01-22,0.0100,0.0300,0.0100,0.0300,4493,0
D,2014-01-21,0.0050,0.0100,0.0050,0.0100,2600,0
D,2014-01-20,0.0050,0.0050,0.0050,0.0050,1000,0
D,2014-01-16,0.0050,0.0050,0.0050,0.0050,0,0
D,2014-01-15,0.0050,0.0050,0.0050,0.0050,0,0
D,2014-01-13,0.0050,0.0050,0.0050,0.0050,0,0
D,2014-01-10,0.0050,0.0050,0.0050,0.0050,0,0
D,2014-01-09,0.0050,0.0050,0.0050,0.0050,1321,0
D,2014-01-08,0.0050,0.0100,0.0050,0.0100,180,0
D,2014-01-07,0.0100,0.0100,0.0050,0.0050,2641,0
D,2014-01-06,0.0050,0.0100,0.0050,0.0100,1380,0
D,2014-01-03,0.0050,0.0050,0.0050,0.0050,130,0
D,2014-01-02,0.0050,0.0100,0.0050,0.0100,1200,0
D,2013-12-31,0.0050,0.0050,0.0050,0.0050,210,0
D,2013-12-30,0.0050,0.0050,0.0050,0.0050,40,0
D,2013-12-27,0.0100,0.0100,0.0100,0.0100,0,0
D,2013-12-26,0.0100,0.0100,0.0050,0.0100,7738,0
D,2013-12-24,0.0050,0.0050,0.0050,0.0050,0,0
D,2013-12-23,0.0050,0.0050,0.0050,0.0050,0,0
D,2013-12-20,0.0050,0.0050,0.0050,0.0050,2000,0
D,2013-12-19,0.0050,0.0050,0.0050,0.0050,0,0
D,2013-12-18,0.0050,0.0050,0.0050,0.0050,0,0
D,2013-12-17,0.0050,0.0050,0.0050,0.0050,0,0
D,2013-12-16,0.0050,0.0050,0.0050,0.0050,0,0
D,2013-12-13,0.0050,0.0050,0.0050,0.0050,0,0
D,2013-12-12,0.0050,0.0050,0.0050,0.0050,1200,0
D,2013-12-11,0.0100,0.0100,0.0100,0.0100,903,0
D,2013-12-10,0.0150,0.0150,0.0150,0.0150,0,0
D,2013-12-09,0.0150,0.0150,0.0150,0.0150,0,0
D,2013-12-06,0.0150,0.0150,0.0150,0.0150,0,0
D,2013-12-05,0.0050,0.0150,0.0050,0.0150,5502,0
D,2013-12-04,0.0050,0.0050,0.0050,0.0050,3500,0
D,2013-12-03,0.0050,0.0050,0.0050,0.0050,0,0
D,2013-12-02,0.0050,0.0050,0.0050,0.0050,2300,0
D,2013-11-29,0.0100,0.0100,0.0100,0.0100,600,0
D,2013-11-28,0.0150,0.0150,0.0150,0.0150,0,0
D,2013-11-27,0.0150,0.0150,0.0150,0.0150,0,0
D,2013-11-26,0.0150,0.0150,0.0150,0.0150,400,0
D,2013-11-25,0.0200,0.0200,0.0200,0.0200,0,0
D,2013-11-22,0.0200,0.0200,0.0200,0.0200,0,0
D,2013-11-21,0.0200,0.0200,0.0200,0.0200,0,0
D,2013-11-20,0.0200,0.0200,0.0200,0.0200,0,0
D,2013-11-19,0.0200,0.0200,0.0200,0.0200,0,0
D,2013-11-18,0.0200,0.0200,0.0200,0.0200,250,0
D,2013-11-15,0.0200,0.0200,0.0200,0.0200,1000,0
D,2013-11-14,0.0250,0.0250,0.0250,0.0250,0,0
D,2013-11-13,0.0250,0.0250,0.0250,0.0250,0,0
D,2013-11-12,0.0250,0.0250,0.0250,0.0250,1700,0
D,2013-11-11,0.0150,0.0250,0.0150,0.0250,1500,0
D,2013-11-08,0.0200,0.0200,0.0200,0.0200,0,0
D,2013-11-07,0.0200,0.0200,0.0200,0.0200,0,0
D,2013-11-06,0.0200,0.0200,0.0200,0.0200,500,0
D,2013-11-04,0.0250,0.0250,0.0250,0.0250,0,0
D,2013-11-01,0.0250,0.0250,0.0250,0.0250,500,0
D,2013-10-31,0.0300,0.0300,0.0300,0.0300,0,0
D,2013-10-30,0.0300,0.0350,0.0300,0.0300,2801,0
D,2013-10-29,0.0350,0.0350,0.0350,0.0350,1000,0
D,2013-10-28,0.0400,0.0400,0.0400,0.0400,500,0
D,2013-10-25,0.0450,0.0450,0.0450,0.0450,0,0
D,2013-10-24,0.0450,0.0450,0.0450,0.0450,337,0
D,2013-10-23,0.0500,0.0500,0.0500,0.0500,500,0
D,2013-10-22,0.0500,0.0500,0.0500,0.0500,0,0
D,2013-10-21,0.0500,0.0500,0.0500,0.0500,0,0
D,2013-10-18,0.0500,0.0500,0.0500,0.0500,337,0
D,2013-10-17,0.0600,0.0600,0.0600,0.0600,0,0
D,2013-10-16,0.0600,0.0600,0.0600,0.0600,0,0
D,2013-10-14,0.0600,0.0600,0.0600,0.0600,0,0
D,2013-10-11,0.0600,0.0600,0.0600,0.0600,0,0
D,2013-10-10,0.0600,0.0600,0.0600,0.0600,0,0
D,2013-10-09,0.0600,0.0600,0.0600,0.0600,0,0
D,2013-10-08,0.0600,0.0600,0.0600,0.0600,0,0
D,2013-10-07,0.0600,0.0600,0.0600,0.0600,0,0
D,2013-10-04,0.0600,0.0600,0.0600,0.0600,334,0
D,2013-10-03,0.0700,0.0700,0.0700,0.0700,0,0
D,2013-10-02,0.0700,0.0700,0.0700,0.0700,0,0
D,2013-10-01,0.0700,0.0700,0.0700,0.0700,0,0
D,2013-09-30,0.0700,0.0700,0.0700,0.0700,0,0
D,2013-09-27,0.0700,0.0700,0.0700,0.0700,0,0
D,2013-09-26,0.0700,0.0700,0.0700,0.0700,0,0
D,2013-09-25,0.0700,0.0700,0.0700,0.0700,0,0
D,2013-09-24,0.0700,0.0700,0.0700,0.0700,0,0
D,2013-09-23,0.0700,0.0700,0.0700,0.0700,0,0
D,2013-09-20,0.0700,0.0700,0.0700,0.0700,0,0
D,2013-09-19,0.0700,0.0700,0.0700,0.0700,800,0
D,2013-09-18,0.0750,0.0750,0.0750,0.0750,0,0
D,2013-09-17,0.0750,0.0750,0.0750,0.0750,0,0
D,2013-09-13,0.0750,0.0750,0.0750,0.0750,0,0
D,2013-09-12,0.0750,0.0750,0.0750,0.0750,800,0
D,2013-09-11,0.0900,0.0900,0.0900,0.0900,0,0
D,2013-09-10,0.0900,0.0900,0.0900,0.0900,0,0
D,2013-09-09,0.0900,0.0900,0.0900,0.0900,0,0
D,2013-09-06,0.0900,0.0900,0.0900,0.0900,0,0
D,2013-09-05,0.0900,0.0900,0.0900,0.0900,0,0
D,2013-09-04,0.0700,0.0900,0.0700,0.0900,500,0
D,2013-09-03,0.0700,0.0700,0.0700,0.0700,1180,0
D,2013-09-02,0.0550,0.0550,0.0550,0.0550,0,0
D,2013-08-30,0.0550,0.0550,0.0550,0.0550,110,0
D,2013-08-29,0.0600,0.0600,0.0600,0.0600,500,0
D,2013-08-28,0.0550,0.0550,0.0550,0.0550,500,0
D,2013-08-27,0.0700,0.0700,0.0600,0.0600,1000,0
D,2013-08-26,0.0700,0.0700,0.0700,0.0700,2000,0
D,2013-08-23,0.0800,0.0800,0.0800,0.0800,600,0
D,2013-08-22,0.0700,0.0700,0.0700,0.0700,1000,0
D,2013-08-21,0.0800,0.0800,0.0800,0.0800,0,0
D,2013-08-20,0.0800,0.0800,0.0800,0.0800,400,0
D,2013-08-19,0.0950,0.0950,0.0950,0.0950,500,0
D,2013-08-16,0.1050,0.1050,0.1050,0.1050,0,0
D,2013-08-15,0.1050,0.1050,0.1050,0.1050,0,0
D,2013-08-14,0.1000,0.1050,0.1000,0.1050,2000,0
D,2013-08-13,0.0900,0.0900,0.0900,0.0900,0,0
D,2013-08-12,0.0900,0.0900,0.0900,0.0900,0,0
D,2013-08-07,0.0900,0.0900,0.0900,0.0900,180,0
D,2013-08-06,0.0900,0.0900,0.0900,0.0900,0,0
D,2013-08-05,0.0900,0.0900,0.0900,0.0900,200,0
D,2013-08-02,0.0950,0.0950,0.0950,0.0950,400,0
D,2013-08-01,0.0950,0.0950,0.0900,0.0900,1580,0
D,2013-07-31,0.0900,0.0900,0.0850,0.0850,1500,0
D,2013-07-30,0.1000,0.1000,0.1000,0.1000,0,0
D,2013-07-29,0.1000,0.1000,0.1000,0.1000,400,0
D,2013-07-26,0.1150,0.1150,0.1150,0.1150,300,0
D,2013-07-25,0.1200,0.1200,0.1200,0.1200,0,0
D,2013-07-24,0.1300,0.1300,0.1200,0.1200,1290,0
D,2013-07-23,0.1250,0.1250,0.1250,0.1250,700,0
D,2013-07-22,0.1300,0.1300,0.1300,0.1300,0,0
D,2013-07-19,0.1350,0.1350,0.1300,0.1300,600,0
D,2013-07-18,0.1250,0.1350,0.1250,0.1350,2490,0
D,2013-07-17,0.1150,0.1200,0.1150,0.1200,407,0
D,2013-07-16,0.1200,0.1200,0.1200,0.1200,610,0
D,2013-07-15,0.1100,0.1100,0.1100,0.1100,300,0
D,2013-07-12,0.1150,0.1150,0.1150,0.1150,0,0
D,2013-07-11,0.1150,0.1150,0.1150,0.1150,400,0
D,2013-07-10,0.1150,0.1150,0.1150,0.1150,529,0
D,2013-07-09,0.1200,0.1200,0.1200,0.1200,300,0
D,2013-07-08,0.1250,0.1250,0.1250,0.1250,0,0
D,2013-07-05,0.1200,0.1250,0.1200,0.1250,1061,0
D,2013-07-04,0.1150,0.1150,0.1150,0.1150,901,0
D,2013-07-03,0.1050,0.1150,0.1050,0.1150,600,0
D,2013-07-02,0.1000,0.1000,0.0900,0.0950,900,0
D,2013-07-01,0.1050,0.1050,0.0950,0.1000,300,0
D,2013-06-28,0.1050,0.1050,0.1050,0.1050,1000,0
D,2013-06-27,0.1050,0.1100,0.1050,0.1100,1100,0
D,2013-06-26,0.0950,0.1000,0.0950,0.0950,3570,0
D,2013-06-25,0.0900,0.0900,0.0900,0.0900,1060,0
D,2013-06-24,0.1050,0.1050,0.0900,0.0900,1590,0
D,2013-06-21,0.1050,0.1050,0.1050,0.1050,900,0
D,2013-06-20,0.1150,0.1150,0.1000,0.1150,7670,0
D,2013-06-19,0.1200,0.1200,0.1200,0.1200,1660,0
D,2013-06-18,0.1200,0.1250,0.1150,0.1150,1090,0
D,2013-06-17,0.1200,0.1200,0.1100,0.1100,1400,0
D,2013-06-14,0.1300,0.1350,0.1250,0.1250,3670,0
D,2013-06-13,0.1450,0.1450,0.1200,0.1200,9023,0
D,2013-06-12,0.1650,0.1650,0.1500,0.1550,5748,0
D,2013-06-11,0.1600,0.1600,0.1450,0.1600,2400,0
D,2013-06-10,0.1700,0.1900,0.1700,0.1900,2970,0
D,2013-06-07,0.1600,0.1750,0.1600,0.1650,3967,0
D,2013-06-06,0.1650,0.1650,0.1550,0.1550,2314,0
D,2013-06-05,0.1650,0.1650,0.1650,0.1650,1800,0
D,2013-06-04,0.1700,0.1700,0.1700,0.1700,1450,0
D,2013-06-03,0.1700,0.1700,0.1650,0.1650,3500,0
D,2013-05-31,0.1950,0.1950,0.1850,0.1850,3100,0
D,2013-05-30,0.1850,0.1850,0.1800,0.1800,8950,0
D,2013-05-29,0.1900,0.1900,0.1900,0.1900,2500,0
D,2013-05-28,0.1750,0.1900,0.1750,0.1850,5878,0
D,2013-05-27,0.1950,0.1950,0.1550,0.1650,20600,0
D,2013-05-23,0.1750,0.1750,0.1550,0.1550,6500,0
D,2013-05-22,0.1900,0.1900,0.1750,0.1750,2100,0
D,2013-05-21,0.2050,0.2100,0.1900,0.1950,4731,0
D,2013-05-20,0.1700,0.1750,0.1700,0.1750,2270,0
D,2013-05-17,0.1550,0.1550,0.1550,0.1550,1000,0
D,2013-05-16,0.1550,0.1550,0.1550,0.1550,300,0
D,2013-05-15,0.1600,0.1650,0.1600,0.1650,2600,0
D,2013-05-14,0.1700,0.1700,0.1500,0.1500,1891,0
D,2013-05-13,0.1500,0.1700,0.1500,0.1700,2172,0
D,2013-05-10,0.1350,0.1550,0.1350,0.1450,8892,0
D,2013-05-09,0.1200,0.1200,0.1200,0.1200,300,0
D,2013-05-08,0.1200,0.1200,0.1200,0.1200,100,0
D,2013-05-07,0.1250,0.1250,0.1250,0.1250,550,0
D,2013-05-06,0.0850,0.1050,0.0850,0.1050,3780,0
D,2013-05-03,0.0650,0.0650,0.0650,0.0650,0,0
D,2013-05-02,0.0650,0.0650,0.0650,0.0650,300,0
D,2013-04-30,0.0650,0.0650,0.0650,0.0650,2000,0
D,2013-04-29,0.0650,0.0650,0.0650,0.0650,0,0
D,2013-04-26,0.0650,0.0650,0.0650,0.0650,300,0
D,2013-04-25,0.0700,0.0700,0.0700,0.0700,0,0
D,2013-04-24,0.0700,0.0700,0.0700,0.0700,0,0
D,2013-04-23,0.0700,0.0700,0.0700,0.0700,150,0
D,2013-04-22,0.0750,0.0750,0.0750,0.0750,500,0
D,2013-04-19,0.0850,0.0850,0.0850,0.0850,0,0
D,2013-04-18,0.0850,0.0850,0.0850,0.0850,0,0
D,2013-04-17,0.0850,0.0850,0.0850,0.0850,150,0
D,2013-04-16,0.0850,0.0850,0.0850,0.0850,400,0
D,2013-04-15,0.1000,0.1000,0.1000,0.1000,0,0
D,2013-04-12,0.1000,0.1000,0.1000,0.1000,0,0
D,2013-04-11,0.1000,0.1000,0.1000,0.1000,100,0
D,2013-04-10,0.0900,0.0900,0.0900,0.0900,1640,0
D,2013-04-09,0.1000,0.1000,0.0950,0.0950,2290,0
D,2013-04-08,0.0900,0.0900,0.0900,0.0900,0,0
D,2013-04-05,0.0950,0.1000,0.0900,0.0900,1300,0
D,2013-04-04,0.0800,0.0800,0.0800,0.0800,800,0
D,2013-04-03,0.0750,0.0750,0.0750,0.0750,300,0
D,2013-04-02,0.0750,0.0750,0.0750,0.0750,0,0
D,2013-04-01,0.0750,0.0750,0.0750,0.0750,0,0
D,2013-03-29,0.0800,0.0800,0.0750,0.0750,4620,0
D,2013-03-28,0.0850,0.0850,0.0800,0.0800,4000,0
D,2013-03-27,0.0900,0.0900,0.0900,0.0900,1352,0
D,2013-03-26,0.0900,0.0900,0.0900,0.0900,1748,0
D,2013-03-25,0.0800,0.0800,0.0800,0.0800,2080,0
D,2013-03-22,0.0950,0.1050,0.0800,0.0800,15350,0
D,2013-03-21,0.0750,0.0900,0.0750,0.0850,10100,0
D,2013-03-20,0.0700,0.0700,0.0700,0.0700,6200,0
D,2013-03-19,0.0750,0.0750,0.0750,0.0750,0,0
D,2013-03-18,0.0750,0.0750,0.0750,0.0750,0,0
D,2013-03-15,0.0750,0.0750,0.0750,0.0750,0,0
D,2013-03-14,0.0750,0.0750,0.0750,0.0750,250,0
D,2013-03-13,0.0650,0.0650,0.0650,0.0650,250,0
D,2013-03-12,0.0850,0.0850,0.0850,0.0850,0,0
D,2013-03-11,0.0850,0.0850,0.0850,0.0850,0,0
D,2013-03-08,0.0850,0.0850,0.0850,0.0850,0,0
D,2013-03-07,0.0850,0.0850,0.0850,0.0850,150,0
D,2013-03-06,0.0850,0.0850,0.0850,0.0850,300,0
D,2013-03-05,0.0800,0.0800,0.0800,0.0800,100,0
D,2013-03-04,0.0700,0.0700,0.0700,0.0700,0,0
D,2013-03-01,0.0650,0.0700,0.0650,0.0700,518,0
D,2013-02-28,0.0550,0.0550,0.0550,0.0550,501,0
D,2013-02-27,0.0600,0.0600,0.0600,0.0600,0,0
D,2013-02-26,0.0600,0.0600,0.0600,0.0600,0,0
D,2013-02-25,0.0550,0.0600,0.0550,0.0600,1001,0
D,2013-02-22,0.0600,0.0600,0.0600,0.0600,200,0
D,2013-02-21,0.0550,0.0550,0.0550,0.0550,0,0
D,2013-02-20,0.0550,0.0550,0.0550,0.0550,0,0
D,2013-02-19,0.0550,0.0550,0.0550,0.0550,20,0
D,2013-02-18,0.0550,0.0600,0.0500,0.0600,912,0
D,2013-02-15,0.0600,0.0600,0.0600,0.0600,300,0
D,2013-02-14,0.0650,0.0650,0.0650,0.0650,100,0
D,2013-02-13,0.0650,0.0650,0.0650,0.0650,0,0
D,2013-02-08,0.0650,0.0650,0.0650,0.0650,630,0
D,2013-02-07,0.1500,0.1500,0.1500,0.1500,0,0
D,2013-02-06,0.1500,0.1500,0.1500,0.1500,0,0
D,2013-02-05,0.1500,0.1500,0.1500,0.1500,0,0
D,2013-02-04,0.1500,0.1500,0.1500,0.1500,0,0
