D,2014-10-14,3.1100,3.1200,3.0900,3.1000,1168,0
D,2014-10-13,3.1400,3.1500,3.1100,3.1100,102,0
D,2014-10-10,3.1100,3.1200,3.1100,3.1200,830,0
D,2014-10-09,3.1100,3.1100,3.1100,3.1100,0,0
D,2014-10-08,3.1100,3.1500,3.1100,3.1100,757,0
D,2014-10-07,3.2300,3.2300,3.2000,3.2000,675,0
D,2014-10-03,3.2400,3.2400,3.2200,3.2200,466,0
D,2014-10-02,3.2400,3.2500,3.2300,3.2300,492,0
D,2014-10-01,3.2600,3.2700,3.2600,3.2600,468,0
D,2014-09-30,3.2600,3.2600,3.2600,3.2600,225,0
D,2014-09-29,3.2800,3.2800,3.2500,3.2500,862,0
D,2014-09-26,3.3300,3.3300,3.2700,3.2700,854,0
D,2014-09-25,3.3200,3.3300,3.3000,3.3200,1472,0
D,2014-09-24,3.2900,3.3100,3.2900,3.2900,260,0
D,2014-09-23,3.3000,3.3000,3.2700,3.2900,315,0
D,2014-09-22,3.2600,3.3200,3.2600,3.3200,628,0
D,2014-09-19,3.2900,3.3000,3.2900,3.3000,150,0
D,2014-09-18,3.2300,3.2900,3.2300,3.2900,820,0
D,2014-09-17,3.2500,3.2900,3.2200,3.2900,365,0
D,2014-09-15,3.3000,3.3000,3.2800,3.2800,756,0
D,2014-09-12,3.2900,3.3000,3.2900,3.2900,260,0
D,2014-09-11,3.3100,3.3100,3.2900,3.2900,65,0
D,2014-09-10,3.3000,3.3300,3.3000,3.3300,990,0
D,2014-09-09,3.2600,3.3000,3.2600,3.3000,531,0
D,2014-09-08,3.2500,3.3000,3.2300,3.2400,236,0
D,2014-09-05,3.2800,3.3000,3.2800,3.3000,160,0
D,2014-09-04,3.2300,3.2800,3.2300,3.2800,191,0
D,2014-09-03,3.2300,3.2800,3.2300,3.2800,158,0
D,2014-09-02,3.2000,3.2000,3.2000,3.2000,6,0
D,2014-08-29,3.2700,3.2700,3.2100,3.2100,195,0
D,2014-08-28,3.3000,3.3000,3.3000,3.3000,672,0
D,2014-08-27,3.3100,3.3100,3.3100,3.3100,80,0
D,2014-08-26,3.2900,3.3100,3.2900,3.3100,318,0
D,2014-08-25,3.2900,3.3000,3.2900,3.2900,150,0
D,2014-08-22,3.3300,3.3400,3.2800,3.3300,1079,0
D,2014-08-21,3.3300,3.3500,3.3300,3.3500,266,0
D,2014-08-20,3.3600,3.3600,3.3500,3.3500,560,0
D,2014-08-19,3.3500,3.3500,3.3500,3.3500,389,0
D,2014-08-18,3.3400,3.3700,3.3000,3.3700,1338,0
D,2014-08-15,3.2700,3.3200,3.2700,3.3100,821,0
D,2014-08-14,3.2400,3.2800,3.2400,3.2800,1390,0
D,2014-08-13,3.0100,3.2100,3.0100,3.2100,3055,0
D,2014-08-12,3.2000,3.2100,3.2000,3.2100,465,0
D,2014-08-11,3.2000,3.2000,3.2000,3.2000,100,0
D,2014-08-08,3.2200,3.2200,3.1800,3.2200,770,0
D,2014-08-07,3.2500,3.2600,3.2200,3.2600,317,0
D,2014-08-06,3.2600,3.2700,3.2400,3.2500,765,0
D,2014-08-05,3.3300,3.3300,3.2600,3.2600,938,0
D,2014-08-04,3.3500,3.3500,3.3100,3.3300,520,0
D,2014-08-01,3.3000,3.3700,3.3000,3.3600,327,0
D,2014-07-31,3.3400,3.3600,3.3300,3.3300,407,0
D,2014-07-30,3.3100,3.3500,3.3100,3.3300,130,0
D,2014-07-25,3.3000,3.3100,3.2900,3.3100,130,0
D,2014-07-24,3.2900,3.3300,3.2900,3.3000,752,0
D,2014-07-23,3.3000,3.3300,3.2800,3.3300,348,0
D,2014-07-22,3.3000,3.3000,3.2900,3.2900,162,0
D,2014-07-21,3.3100,3.3100,3.2900,3.2900,68,0
D,2014-07-18,3.3200,3.3600,3.3200,3.3600,90,0
D,2014-07-17,3.3200,3.3200,3.3200,3.3200,130,0
D,2014-07-16,3.3000,3.3100,3.3000,3.3100,80,0
D,2014-07-14,3.3200,3.3400,3.2900,3.2900,760,0
D,2014-07-11,3.3300,3.3600,3.3300,3.3300,245,0
D,2014-07-10,3.3800,3.3800,3.3500,3.3600,150,0
D,2014-07-09,3.3500,3.3700,3.3500,3.3700,90,0
D,2014-07-08,3.3500,3.3500,3.3000,3.3500,249,0
D,2014-07-07,3.4300,3.4300,3.3700,3.3800,435,0
D,2014-07-04,3.3900,3.4300,3.3900,3.4300,267,0
D,2014-07-03,3.3700,3.3800,3.3700,3.3800,255,0
D,2014-07-02,3.3500,3.3800,3.3500,3.3500,181,0
D,2014-07-01,3.3600,3.3800,3.3500,3.3800,287,0
D,2014-06-30,3.4200,3.4300,3.3800,3.3800,490,0
D,2014-06-27,3.3500,3.4100,3.3500,3.4100,358,0
D,2014-06-26,3.2600,3.3300,3.2500,3.3300,409,0
D,2014-06-25,3.2400,3.2500,3.2400,3.2500,478,0
D,2014-06-24,3.2400,3.2400,3.2400,3.2400,195,0
D,2014-06-23,3.2400,3.2400,3.2100,3.2300,169,0
D,2014-06-20,3.2400,3.2400,3.2300,3.2300,80,0
D,2014-06-19,3.2300,3.2400,3.2300,3.2400,138,0
D,2014-06-18,3.2300,3.2400,3.2300,3.2400,107,0
D,2014-06-17,3.2200,3.2500,3.2200,3.2500,215,0
D,2014-06-16,3.2400,3.2400,3.2300,3.2300,190,0
D,2014-06-13,3.2400,3.2400,3.2400,3.2400,65,0
D,2014-06-12,3.2400,3.2400,3.2400,3.2400,70,0
D,2014-06-11,3.2600,3.2700,3.2400,3.2500,369,0
D,2014-06-10,3.2800,3.2800,3.2700,3.2700,401,0
D,2014-06-09,3.2900,3.3000,3.2700,3.2900,944,0
D,2014-06-06,3.3100,3.3100,3.3000,3.3000,247,0
D,2014-06-05,3.3200,3.3200,3.3200,3.3200,10,0
D,2014-06-04,3.3200,3.3200,3.3100,3.3200,64,0
D,2014-06-03,3.3000,3.3100,3.2900,3.3100,1912,0
D,2014-06-02,3.3500,3.3500,3.3500,3.3500,15,0
D,2014-05-30,3.3400,3.3500,3.3400,3.3400,135,0
D,2014-05-29,3.3400,3.3400,3.3400,3.3400,109,0
D,2014-05-28,3.3200,3.3400,3.3200,3.3400,63,0
D,2014-05-27,3.3500,3.3500,3.3300,3.3300,190,0
D,2014-05-26,3.4000,3.4000,3.3700,3.3800,372,0
D,2014-05-23,3.4200,3.4200,3.4000,3.4000,280,0
D,2014-05-22,3.4200,3.4200,3.4200,3.4200,50,0
D,2014-05-21,3.4600,3.4600,3.4200,3.4200,944,0
D,2014-05-20,3.5000,3.5000,3.4500,3.4600,540,0
D,2014-05-19,3.5000,3.5000,3.4600,3.4900,369,0
D,2014-05-16,3.4900,3.4900,3.4600,3.4800,180,0
D,2014-05-15,3.4800,3.5300,3.4700,3.4700,423,0
D,2014-05-14,3.4800,3.4800,3.4700,3.4700,460,0
D,2014-05-12,3.4800,3.5000,3.4800,3.4800,146,0
D,2014-05-09,3.5600,3.5600,3.5000,3.5300,452,0
D,2014-05-08,3.5600,3.6400,3.5600,3.5600,1333,0
D,2014-05-07,3.4900,3.4900,3.4700,3.4800,75,0
D,2014-05-06,3.5300,3.5300,3.4900,3.4900,475,0
D,2014-05-05,3.5500,3.5600,3.5400,3.5400,390,0
D,2014-05-02,3.5400,3.5700,3.5400,3.5500,150,0
D,2014-04-30,3.5300,3.5300,3.5300,3.5300,140,0
D,2014-04-29,3.5900,3.5900,3.5000,3.5300,415,0
D,2014-04-28,3.6200,3.6200,3.6000,3.6000,386,0
D,2014-04-25,3.6500,3.6500,3.6300,3.6300,819,0
D,2014-04-24,3.6300,3.6300,3.6300,3.6300,17,0
D,2014-04-23,3.5700,3.6200,3.5700,3.6100,252,0
D,2014-04-22,3.6500,3.6500,3.5200,3.5700,514,0
D,2014-04-21,3.7000,3.7000,3.6600,3.6600,142,0
D,2014-04-18,3.7000,3.7800,3.6900,3.7100,1433,0
D,2014-04-17,3.5700,3.7000,3.5700,3.6700,1346,0
D,2014-04-16,3.5600,3.5800,3.5500,3.5800,146,0
D,2014-04-15,3.5500,3.6000,3.5500,3.5800,350,0
D,2014-04-14,3.5300,3.5800,3.5100,3.5500,221,0
D,2014-04-11,3.5600,3.5600,3.5000,3.5300,429,0
D,2014-04-10,3.5300,3.6400,3.5000,3.5300,2025,0
D,2014-04-09,3.4200,3.5500,3.4200,3.5300,1161,0
D,2014-04-08,3.4500,3.4500,3.4200,3.4200,473,0
D,2014-04-07,3.4300,3.4800,3.4200,3.4500,1875,0
D,2014-04-04,3.4000,3.4300,3.4000,3.4300,780,0
D,2014-04-03,3.4100,3.4100,3.3500,3.4100,510,0
D,2014-04-02,3.4100,3.4500,3.4000,3.4100,690,0
D,2014-04-01,3.3000,3.4000,3.3000,3.3900,1748,0
D,2014-03-31,3.2200,3.2700,3.2200,3.2600,497,0
D,2014-03-28,3.2500,3.3000,3.2200,3.2200,685,0
D,2014-03-27,3.1900,3.2000,3.1800,3.2000,765,0
D,2014-03-26,3.1400,3.1900,3.1400,3.1600,1105,0
D,2014-03-25,3.1200,3.1300,3.1000,3.1200,162,0
D,2014-03-24,3.1000,3.1600,3.1000,3.1200,985,0
D,2014-03-21,3.0600,3.1000,3.0600,3.1000,328,0
D,2014-03-20,3.0800,3.0900,3.0800,3.0900,172,0
D,2014-03-19,3.0200,3.0800,3.0200,3.0800,360,0
D,2014-03-18,3.0600,3.0600,3.0600,3.0600,50,0
D,2014-03-17,3.0300,3.1200,3.0000,3.0500,270,0
D,2014-03-14,3.0900,3.1000,3.0900,3.1000,42,0
D,2014-03-13,3.1000,3.1200,3.1000,3.1000,184,0
D,2014-03-12,3.1000,3.1000,3.0800,3.1000,470,0
D,2014-03-11,3.1000,3.1100,3.1000,3.1000,683,0
D,2014-03-10,3.1000,3.1000,3.0900,3.1000,90,0
D,2014-03-07,3.1000,3.1100,3.0900,3.0900,509,0
D,2014-03-06,3.1200,3.1200,3.0900,3.1000,803,0
D,2014-03-05,3.0300,3.1300,3.0300,3.1300,1449,0
D,2014-03-04,3.0300,3.0300,3.0000,3.0300,681,0
D,2014-03-03,2.9100,3.0300,2.9100,3.0300,2589,0
D,2014-02-28,2.8700,2.8800,2.8600,2.8600,90,0
D,2014-02-27,2.8800,2.8800,2.8800,2.8800,109,0
D,2014-02-26,2.8800,2.8800,2.8500,2.8800,272,0
D,2014-02-25,2.8700,2.8700,2.8700,2.8700,100,0
D,2014-02-24,2.8300,2.9000,2.8300,2.8800,268,0
D,2014-02-21,2.8700,2.8700,2.8700,2.8700,50,0
D,2014-02-20,2.8200,2.8800,2.8200,2.8600,190,0
D,2014-02-19,2.8000,2.8200,2.8000,2.8200,120,0
D,2014-02-18,2.8000,2.8000,2.8000,2.8000,210,0
D,2014-02-17,2.7600,2.8000,2.7500,2.8000,350,0
D,2014-02-14,2.7400,2.7500,2.7400,2.7500,120,0
D,2014-02-13,2.7400,2.7400,2.7400,2.7400,50,0
D,2014-02-12,2.7400,2.7400,2.7300,2.7300,205,0
D,2014-02-11,2.7400,2.7600,2.7300,2.7400,110,0
D,2014-02-10,2.7400,2.8100,2.7400,2.8100,30,0
D,2014-02-07,2.7400,2.7400,2.7200,2.7200,201,0
D,2014-02-06,2.7300,2.7300,2.7300,2.7300,0,0
D,2014-02-05,2.7300,2.7300,2.7300,2.7300,0,0
D,2014-02-04,2.7100,2.7300,2.7100,2.7300,70,0
D,2014-01-30,2.7200,2.7200,2.7100,2.7100,32,0
D,2014-01-29,2.7300,2.7300,2.7300,2.7300,0,0
D,2014-01-28,2.7000,2.7300,2.6900,2.7300,141,0
D,2014-01-27,2.7000,2.7000,2.7000,2.7000,105,0
D,2014-01-24,2.7300,2.7500,2.7200,2.7200,380,0
D,2014-01-23,2.7400,2.7400,2.7400,2.7400,219,0
D,2014-01-22,2.7300,2.7700,2.7300,2.7700,222,0
D,2014-01-21,2.7200,2.7400,2.7100,2.7300,466,0
D,2014-01-20,2.7200,2.7200,2.7100,2.7200,314,0
D,2014-01-16,2.7100,2.7100,2.7000,2.7100,195,0
D,2014-01-15,2.7100,2.7100,2.7000,2.7100,280,0
D,2014-01-13,2.6900,2.7100,2.6900,2.7000,305,0
D,2014-01-10,2.6900,2.7200,2.6800,2.7000,586,0
D,2014-01-09,2.7000,2.7100,2.6900,2.7000,410,0
D,2014-01-08,2.7000,2.7200,2.7000,2.7000,340,0
D,2014-01-07,2.7300,2.7300,2.7000,2.7000,675,0
D,2014-01-06,2.7300,2.7300,2.7300,2.7300,20,0
D,2014-01-03,2.7300,2.7300,2.7300,2.7300,100,0
D,2014-01-02,2.7300,2.7300,2.7300,2.7300,105,0
D,2013-12-31,2.7100,2.7300,2.7100,2.7300,90,0
D,2013-12-30,2.7100,2.7300,2.6900,2.7200,275,0
D,2013-12-27,2.7100,2.7300,2.7100,2.7100,260,0
D,2013-12-26,2.7200,2.7300,2.7200,2.7200,210,0
D,2013-12-24,2.7300,2.7300,2.7300,2.7300,150,0
D,2013-12-23,2.7200,2.7200,2.7200,2.7200,50,0
D,2013-12-20,2.7200,2.7300,2.7200,2.7300,130,0
D,2013-12-19,2.7200,2.7300,2.7200,2.7200,200,0
D,2013-12-18,2.7200,2.7200,2.7200,2.7200,0,0
D,2013-12-17,2.7400,2.7400,2.7200,2.7200,45,0
D,2013-12-16,2.7500,2.7500,2.7200,2.7200,128,0
D,2013-12-13,2.7000,2.7500,2.7000,2.7500,183,0
D,2013-12-12,2.8000,2.8000,2.7600,2.7700,200,0
D,2013-12-11,2.8000,2.8000,2.7900,2.7900,192,0
D,2013-12-10,2.8000,2.8000,2.7900,2.7900,90,0
D,2013-12-09,2.7900,2.8000,2.7900,2.7900,140,0
D,2013-12-06,2.7900,2.7900,2.7800,2.7900,424,0
D,2013-12-05,2.8000,2.8000,2.7900,2.7900,120,0
D,2013-12-04,2.8000,2.8000,2.8000,2.8000,124,0
D,2013-12-03,2.8000,2.8000,2.7800,2.7900,235,0
D,2013-12-02,2.7900,2.8000,2.7900,2.8000,40,0
D,2013-11-29,2.7800,2.7800,2.7800,2.7800,0,0
D,2013-11-28,2.8200,2.8200,2.7800,2.7800,158,0
D,2013-11-27,2.8000,2.8100,2.8000,2.8100,50,0
D,2013-11-26,2.8200,2.8300,2.8000,2.8000,240,0
D,2013-11-25,2.8300,2.8300,2.8100,2.8300,299,0
D,2013-11-22,2.8400,2.8500,2.8000,2.8000,275,0
D,2013-11-21,2.8500,2.8500,2.8400,2.8400,115,0
D,2013-11-20,2.8700,2.8700,2.8500,2.8600,250,0
D,2013-11-19,2.8900,2.8900,2.8700,2.8700,150,0
D,2013-11-18,2.9000,2.9000,2.8800,2.9000,335,0
D,2013-11-15,2.8900,2.9000,2.8800,2.9000,465,0
D,2013-11-14,2.9500,2.9700,2.9500,2.9500,120,0
D,2013-11-13,2.9100,2.9500,2.8100,2.9300,1649,0
D,2013-11-12,2.9500,2.9800,2.9500,2.9700,200,0
D,2013-11-11,2.9500,3.0000,2.9500,3.0000,571,0
D,2013-11-08,2.9200,2.9400,2.9200,2.9400,188,0
D,2013-11-07,2.9400,2.9400,2.9200,2.9200,80,0
D,2013-11-06,2.8600,2.9500,2.8600,2.9500,225,0
D,2013-11-04,2.9300,2.9300,2.9200,2.9200,295,0
D,2013-11-01,2.9300,2.9300,2.9300,2.9300,10,0
D,2013-10-31,3.0000,3.0000,2.9200,2.9300,245,0
D,2013-10-30,2.8500,3.0000,2.8500,3.0000,725,0
D,2013-10-29,2.7600,2.8100,2.7600,2.8100,140,0
D,2013-10-28,2.7000,2.7500,2.6800,2.7500,670,0
D,2013-10-25,2.7000,2.7000,2.6800,2.6800,440,0
D,2013-10-24,2.7100,2.7100,2.6800,2.6800,710,0
D,2013-10-23,2.7200,2.7200,2.6900,2.7200,205,0
D,2013-10-22,2.7200,2.7300,2.7100,2.7100,150,0
D,2013-10-21,2.7300,2.7400,2.6900,2.6900,681,0
D,2013-10-18,2.7300,2.7300,2.7300,2.7300,20,0
D,2013-10-17,2.7500,2.7600,2.7300,2.7600,360,0
D,2013-10-16,2.7300,2.7500,2.7300,2.7400,70,0
D,2013-10-14,2.8000,2.8000,2.7300,2.7300,60,0
D,2013-10-11,2.6900,2.7600,2.6900,2.7600,46,0
D,2013-10-10,2.7200,2.7200,2.7200,2.7200,80,0
D,2013-10-09,2.7100,2.7100,2.7100,2.7100,10,0
D,2013-10-08,2.6900,2.7500,2.6900,2.7500,70,0
D,2013-10-07,2.7100,2.7100,2.7000,2.7100,172,0
D,2013-10-04,2.7300,2.7300,2.6800,2.6800,149,0
D,2013-10-03,2.7200,2.7200,2.6600,2.6600,290,0
D,2013-10-02,2.7000,2.7400,2.7000,2.7100,285,0
D,2013-10-01,2.6900,2.7400,2.6900,2.7400,470,0
D,2013-09-30,2.7500,2.7500,2.6900,2.6900,1235,0
D,2013-09-27,2.8200,2.8200,2.7500,2.7800,2143,0
D,2013-09-26,2.8600,2.8600,2.8400,2.8400,636,0
D,2013-09-25,2.8700,2.8800,2.8400,2.8600,172,0
D,2013-09-24,2.8600,2.8600,2.8600,2.8600,115,0
D,2013-09-23,2.8400,2.8600,2.8400,2.8600,80,0
D,2013-09-20,3.0200,3.0200,3.0200,3.0200,0,0
D,2013-09-19,2.8700,3.0200,2.8700,3.0200,53,0
D,2013-09-18,2.8700,2.8700,2.8500,2.8600,255,0
D,2013-09-17,2.8700,2.8700,2.8700,2.8700,90,0
D,2013-09-13,2.8700,2.8700,2.8700,2.8700,20,0
D,2013-09-12,2.9200,2.9200,2.8700,2.8700,40,0
D,2013-09-11,2.9000,2.9300,2.8500,2.8500,179,0
D,2013-09-10,2.8000,2.8900,2.8000,2.8900,380,0
D,2013-09-09,2.7800,2.8000,2.7800,2.8000,50,0
D,2013-09-06,2.8000,2.8000,2.7500,2.7800,300,0
D,2013-09-05,2.8300,2.8300,2.8000,2.8000,289,0
D,2013-09-04,2.7400,2.8000,2.7400,2.8000,370,0
D,2013-09-03,2.7400,2.7800,2.7400,2.7500,255,0
D,2013-09-02,2.8000,2.8000,2.7200,2.7200,270,0
D,2013-08-30,2.7800,2.7900,2.7100,2.7200,234,0
D,2013-08-29,2.7900,2.7900,2.7100,2.7100,190,0
D,2013-08-28,2.7700,2.7700,2.7000,2.7200,625,0
D,2013-08-27,2.8600,2.8600,2.7900,2.8000,828,0
D,2013-08-26,2.8700,2.9200,2.8600,2.8700,369,0
D,2013-08-23,2.9000,2.9000,2.8700,2.8700,341,0
D,2013-08-22,2.8900,2.8900,2.8600,2.8700,557,0
D,2013-08-21,2.8800,2.9500,2.8800,2.8800,855,0
D,2013-08-20,2.9600,2.9600,2.8900,2.8900,1067,0
D,2013-08-19,2.9900,2.9900,2.9500,2.9600,1123,0
D,2013-08-16,3.0000,3.0000,2.9500,2.9800,1440,0
D,2013-08-15,3.0600,3.0600,2.9900,2.9900,888,0
D,2013-08-14,3.0300,3.0600,3.0300,3.0400,314,0
D,2013-08-13,3.0200,3.0700,3.0200,3.0300,443,0
D,2013-08-12,3.1900,3.1900,2.9500,3.0200,2400,0
D,2013-08-07,3.2100,3.2500,3.1900,3.2200,1458,0
D,2013-08-06,3.2400,3.3600,3.2400,3.3600,292,0
D,2013-08-05,3.3500,3.3600,3.3500,3.3600,40,0
D,2013-08-02,3.3000,3.3800,3.3000,3.3800,265,0
D,2013-08-01,3.2600,3.2600,3.2600,3.2600,10,0
D,2013-07-31,3.3000,3.3000,3.2400,3.2400,120,0
D,2013-07-30,3.3400,3.3500,3.3300,3.3500,96,0
D,2013-07-29,3.3400,3.3600,3.3400,3.3600,235,0
D,2013-07-26,3.3500,3.3500,3.3500,3.3500,153,0
D,2013-07-25,3.3500,3.3500,3.3500,3.3500,50,0
D,2013-07-24,3.3500,3.3700,3.3100,3.3500,120,0
D,2013-07-23,3.4000,3.4000,3.3500,3.3500,150,0
D,2013-07-22,3.4000,3.4000,3.3800,3.3800,181,0
D,2013-07-19,3.4000,3.4000,3.3500,3.3500,280,0
D,2013-07-18,3.3800,3.4000,3.3500,3.4000,539,0
D,2013-07-17,3.3000,3.3100,3.3000,3.3000,123,0
D,2013-07-16,3.3000,3.3500,3.3000,3.3500,155,0
D,2013-07-15,3.3500,3.3500,3.3500,3.3500,55,0
D,2013-07-12,3.3000,3.3000,3.3000,3.3000,50,0
D,2013-07-11,3.3100,3.3300,3.3000,3.3100,95,0
D,2013-07-10,3.3000,3.3100,3.2700,3.3000,159,0
D,2013-07-09,3.3000,3.3000,3.3000,3.3000,10,0
D,2013-07-08,3.3000,3.3100,3.3000,3.3000,103,0
D,2013-07-05,3.2900,3.3000,3.2900,3.3000,40,0
D,2013-07-04,3.2400,3.2400,3.2400,3.2400,60,0
D,2013-07-03,3.2400,3.2400,3.2400,3.2400,10,0
D,2013-07-02,3.2400,3.2400,3.2400,3.2400,73,0
D,2013-07-01,3.2500,3.2500,3.2400,3.2400,90,0
D,2013-06-28,3.1900,3.2500,3.1900,3.2500,85,0
D,2013-06-27,3.2100,3.2200,3.1900,3.1900,240,0
D,2013-06-26,3.1800,3.2100,3.1800,3.1900,135,0
D,2013-06-25,3.1900,3.1900,3.1700,3.1800,200,0
D,2013-06-24,3.2400,3.2400,3.1900,3.1900,230,0
D,2013-06-21,3.2700,3.2700,3.2300,3.2400,215,0
D,2013-06-20,3.3100,3.3100,3.3100,3.3100,70,0
D,2013-06-19,3.3100,3.3500,3.3100,3.3200,80,0
D,2013-06-18,3.3100,3.3500,3.3100,3.3500,239,0
D,2013-06-17,3.3200,3.3600,3.3000,3.3200,427,0
D,2013-06-14,3.3300,3.3500,3.3200,3.3500,184,0
D,2013-06-13,3.3000,3.3100,3.2000,3.3000,460,0
D,2013-06-12,3.3400,3.3400,3.3100,3.3100,35,0
D,2013-06-11,3.3500,3.3500,3.3400,3.3400,150,0
D,2013-06-10,3.3600,3.4000,3.3500,3.3600,432,0
D,2013-06-07,3.3200,3.3500,3.3200,3.3500,222,0
D,2013-06-06,3.3600,3.3600,3.3400,3.3500,608,0
D,2013-06-05,3.3500,3.3800,3.3500,3.3600,453,0
D,2013-06-04,3.3500,3.3500,3.3500,3.3500,40,0
D,2013-06-03,3.4200,3.4300,3.4000,3.4000,320,0
D,2013-05-31,3.4300,3.4300,3.4300,3.4300,30,0
D,2013-05-30,3.4500,3.4600,3.4300,3.4300,351,0
D,2013-05-29,3.4400,3.4500,3.4400,3.4500,334,0
D,2013-05-28,3.4600,3.4600,3.4300,3.4400,252,0
D,2013-05-27,3.3800,3.4600,3.3700,3.4600,620,0
D,2013-05-23,3.4000,3.4000,3.3600,3.3600,685,0
D,2013-05-22,3.3800,3.4000,3.3700,3.3700,965,0
D,2013-05-21,3.3600,3.3800,3.3400,3.3600,609,0
D,2013-05-20,3.3200,3.3700,3.3200,3.3600,716,0
D,2013-05-17,3.3000,3.3000,3.2800,3.3000,324,0
D,2013-05-16,3.3600,3.3600,3.3000,3.3000,585,0
D,2013-05-15,3.3600,3.3600,3.3200,3.3400,420,0
D,2013-05-14,3.4000,3.4200,3.3400,3.3500,830,0
D,2013-05-13,3.2800,3.4800,3.2800,3.4000,2819,0
D,2013-05-10,3.0600,3.1400,3.0600,3.1400,622,0
D,2013-05-09,3.0200,3.0400,3.0200,3.0400,430,0
D,2013-05-08,3.0200,3.0300,3.0000,3.0000,780,0
D,2013-05-07,2.9800,3.0000,2.9800,3.0000,770,0
D,2013-05-06,3.0000,3.0000,2.9300,2.9500,222,0
D,2013-05-03,2.8800,2.9000,2.8600,2.8700,595,0
D,2013-05-02,2.9000,2.9000,2.8800,2.8800,339,0
D,2013-04-30,2.9000,2.9500,2.8800,2.9100,425,0
D,2013-04-29,3.0000,3.0000,2.9600,2.9600,390,0
D,2013-04-26,3.0100,3.0100,3.0000,3.0100,624,0
D,2013-04-25,3.0300,3.0300,3.0100,3.0100,1960,0
D,2013-04-24,3.0200,3.0300,3.0100,3.0300,410,0
D,2013-04-23,3.0100,3.0300,3.0000,3.0000,340,0
D,2013-04-22,3.1000,3.1000,3.0000,3.0000,225,0
D,2013-04-19,3.1600,3.1600,3.1500,3.1500,295,0
D,2013-04-18,3.2000,3.2000,3.2000,3.2000,568,0
D,2013-04-17,3.2000,3.2100,3.2000,3.2100,170,0
D,2013-04-16,3.2600,3.2600,3.2000,3.2000,50,0
D,2013-04-15,3.2200,3.2200,3.2000,3.2000,350,0
D,2013-04-12,3.2500,3.2500,3.2100,3.2200,340,0
D,2013-04-11,3.2200,3.2600,3.2200,3.2300,580,0
D,2013-04-10,3.2300,3.2400,3.2100,3.2100,220,0
D,2013-04-09,3.2300,3.2400,3.2300,3.2300,155,0
D,2013-04-08,3.1600,3.2200,3.1600,3.2200,776,0
D,2013-04-05,3.1600,3.1600,3.1200,3.1200,680,0
D,2013-04-04,3.1000,3.2000,3.1000,3.1600,325,0
D,2013-04-03,3.2800,3.2800,3.0700,3.1900,1505,0
D,2013-04-02,3.2000,3.3000,3.1800,3.3000,2534,0
D,2013-04-01,3.0500,3.1000,3.0500,3.1000,230,0
D,2013-03-29,3.0200,3.0200,2.9900,3.0000,291,0
D,2013-03-28,2.9900,3.0100,2.9800,3.0100,330,0
D,2013-03-27,3.0300,3.0400,2.9900,3.0200,508,0
D,2013-03-26,3.0200,3.0300,3.0200,3.0300,87,0
D,2013-03-25,3.0300,3.0300,3.0200,3.0300,250,0
D,2013-03-22,3.0200,3.0300,3.0200,3.0300,299,0
D,2013-03-21,3.0100,3.0100,3.0000,3.0100,555,0
D,2013-03-20,3.0000,3.0100,3.0000,3.0000,315,0
D,2013-03-19,3.0500,3.0600,2.9800,3.0000,826,0
D,2013-03-18,2.8900,3.0800,2.8900,2.9800,1240,0
D,2013-03-15,2.8800,2.8800,2.8400,2.8400,711,0
D,2013-03-14,2.8800,2.8800,2.8200,2.8400,410,0
D,2013-03-13,2.9000,2.9000,2.8700,2.8800,580,0
D,2013-03-12,2.9100,2.9500,2.8900,2.9000,2330,0
D,2013-03-11,2.9500,2.9500,2.9100,2.9100,557,0
D,2013-03-08,2.9800,3.0000,2.9500,2.9500,294,0
D,2013-03-07,2.9900,2.9900,2.9200,2.9200,870,0
D,2013-03-06,3.0000,3.0200,2.9800,2.9800,412,0
D,2013-03-05,3.0200,3.0200,3.0000,3.0000,360,0
D,2013-03-04,3.0200,3.0300,3.0100,3.0300,155,0
D,2013-03-01,3.0300,3.0400,3.0300,3.0400,220,0
D,2013-02-28,3.0400,3.0400,3.0100,3.0300,942,0
D,2013-02-27,3.1100,3.1200,3.0100,3.0300,770,0
D,2013-02-26,3.1400,3.1400,3.1300,3.1300,66,0
D,2013-02-25,3.1500,3.1500,3.1500,3.1500,30,0
D,2013-02-22,3.1600,3.1600,3.1500,3.1500,140,0
D,2013-02-21,3.1600,3.1600,3.1500,3.1600,154,0
D,2013-02-20,3.1800,3.1800,3.1700,3.1700,139,0
D,2013-02-19,3.1800,3.1800,3.1800,3.1800,10,0
D,2013-02-18,3.2000,3.2000,3.1800,3.1800,60,0
D,2013-02-15,3.2000,3.2000,3.2000,3.2000,0,0
D,2013-02-14,3.2000,3.2000,3.2000,3.2000,10,0
D,2013-02-13,3.2000,3.2000,3.2000,3.2000,0,0
D,2013-02-08,3.1400,3.2000,3.1400,3.2000,25,0
D,2013-02-07,3.1500,3.1500,3.1500,3.1500,0,0
D,2013-02-06,3.1500,3.1600,3.1500,3.1500,165,0
D,2013-02-05,3.1500,3.1500,3.1300,3.1300,145,0
D,2013-02-04,3.1200,3.1200,3.1200,3.1200,170,0
D,2013-01-31,3.1200,3.1900,3.0800,3.1100,335,0
D,2013-01-30,3.1200,3.1200,3.1200,3.1200,10,0
D,2013-01-29,3.2300,3.2300,3.2200,3.2200,110,0
D,2013-01-25,3.2300,3.2300,3.2300,3.2300,50,0
D,2013-01-23,3.2400,3.2500,3.2100,3.2500,158,0
D,2013-01-22,3.2200,3.2500,3.2100,3.2300,188,0
D,2013-01-21,3.4000,3.4000,3.3000,3.3000,180,0
D,2013-01-18,3.4000,3.4200,3.3800,3.4200,370,0
D,2013-01-17,3.4300,3.4300,3.4000,3.4000,160,0
D,2013-01-16,3.4000,3.4000,3.4000,3.4000,90,0
D,2013-01-15,3.4000,3.4300,3.4000,3.4100,311,0
D,2013-01-14,3.3600,3.4000,3.3600,3.4000,460,0
D,2013-01-11,3.3200,3.3800,3.3200,3.3800,100,0
D,2013-01-10,3.3000,3.3100,3.2900,3.2900,90,0
D,2013-01-09,3.2900,3.2900,3.2900,3.2900,35,0
D,2013-01-08,3.4000,3.4000,3.3700,3.3700,310,0
D,2013-01-07,3.4400,3.4400,3.4100,3.4100,120,0
D,2013-01-04,3.2400,3.3400,3.2400,3.3400,490,0
D,2013-01-03,3.2200,3.2400,3.2100,3.2400,459,0
D,2013-01-02,3.1400,3.1900,3.1400,3.1900,325,0
D,2012-12-31,3.1300,3.1600,3.1300,3.1400,173,0
D,2012-12-28,3.1300,3.1400,3.1300,3.1400,110,0
D,2012-12-27,3.1000,3.1300,3.1000,3.1300,120,0
D,2012-12-26,3.1100,3.1100,3.1000,3.1000,55,0
D,2012-12-24,3.1300,3.1400,3.1300,3.1300,155,0
D,2012-12-21,3.1100,3.1100,3.1100,3.1100,40,0
D,2012-12-20,3.1200,3.1400,3.1200,3.1300,225,0
D,2012-12-19,3.1200,3.1400,3.1200,3.1300,320,0
D,2012-12-18,3.1200,3.1200,3.1100,3.1200,175,0
D,2012-12-17,3.1000,3.1000,3.1000,3.1000,40,0
D,2012-12-14,3.1100,3.1300,3.1100,3.1300,98,0
D,2012-12-13,3.1100,3.1300,3.1100,3.1300,177,0
D,2012-12-12,3.0800,3.1100,3.0800,3.0800,366,0
D,2012-12-11,3.0300,3.0500,3.0300,3.0500,100,0
D,2012-12-10,3.0300,3.0300,3.0300,3.0300,30,0
D,2012-12-07,3.0200,3.0200,3.0100,3.0200,312,0
D,2012-12-06,3.0400,3.0400,3.0200,3.0200,280,0
D,2012-12-05,3.0500,3.0500,3.0300,3.0300,310,0
D,2012-12-04,3.0500,3.0500,3.0500,3.0500,120,0
D,2012-12-03,3.0200,3.0500,3.0200,3.0500,50,0
D,2012-11-30,3.0600,3.0600,3.0600,3.0600,0,0
D,2012-11-29,3.0400,3.0600,3.0000,3.0600,526,0
D,2012-11-28,3.0400,3.0400,3.0200,3.0300,87,0
D,2012-11-27,3.0400,3.0400,3.0400,3.0400,30,0
D,2012-11-26,3.0600,3.0600,3.0400,3.0400,130,0
D,2012-11-23,3.0600,3.1000,3.0500,3.0600,139,0
D,2012-11-22,3.0700,3.0800,3.0600,3.0600,147,0
D,2012-11-21,3.0700,3.1000,3.0700,3.0700,76,0
D,2012-11-20,3.0700,3.1000,3.0600,3.1000,130,0
D,2012-11-19,3.0800,3.0800,3.0700,3.0700,59,0
D,2012-11-16,3.1100,3.1200,3.0800,3.0800,286,0
D,2012-11-14,3.1200,3.1200,3.1200,3.1200,30,0
D,2012-11-12,3.1200,3.1300,3.1100,3.1100,170,0
D,2012-11-09,3.1500,3.1500,3.1100,3.1200,425,0
D,2012-11-08,3.1900,3.2000,3.1700,3.1700,158,0
D,2012-11-07,3.1900,3.2400,3.1800,3.1900,584,0
D,2012-11-06,3.2000,3.2100,3.1900,3.2100,110,0
D,2012-11-05,3.1900,3.2000,3.1800,3.1800,124,0
D,2012-11-02,3.2500,3.2500,3.2500,3.2500,10,0
D,2012-11-01,3.1900,3.2200,3.1900,3.2200,102,0
D,2012-10-31,3.2000,3.2000,3.2000,3.2000,110,0
D,2012-10-30,3.2000,3.2000,3.2000,3.2000,150,0
D,2012-10-29,3.2200,3.2200,3.1800,3.2000,275,0
D,2012-10-25,3.2300,3.2400,3.2100,3.2200,1290,0
D,2012-10-24,3.2000,3.2100,3.2000,3.2000,81,0
D,2012-10-23,3.1800,3.2000,3.1800,3.2000,312,0
D,2012-10-22,3.2000,3.2000,3.2000,3.2000,50,0
D,2012-10-19,3.2200,3.2200,3.1800,3.1800,90,0
D,2012-10-18,3.2000,3.2200,3.2000,3.2200,118,0
D,2012-10-17,3.1800,3.2000,3.1800,3.2000,90,0
D,2012-10-16,3.1800,3.2000,3.1800,3.2000,15,0
D,2012-10-15,3.2000,3.2000,3.1900,3.1900,90,0
D,2012-10-12,3.2000,3.2200,3.2000,3.2000,176,0
D,2012-10-11,3.2100,3.2200,3.2100,3.2200,151,0
D,2012-10-10,3.2100,3.2100,3.2000,3.2100,90,0
D,2012-10-09,3.2300,3.2300,3.2000,3.2000,70,0
D,2012-10-08,3.2200,3.2300,3.2200,3.2200,457,0
D,2012-10-05,3.2400,3.2400,3.2000,3.2200,490,0
D,2012-10-04,3.2200,3.2300,3.2200,3.2200,200,0
D,2012-10-03,3.2200,3.2200,3.2000,3.2100,139,0
D,2012-05-03,4.2700,4.2700,4.2700,4.2700,131,0
D,2012-05-02,4.2800,4.3000,4.2700,4.2700,563,0
