D,2014-10-14,1.8000,1.8000,1.8000,1.8000,50,0
D,2014-10-13,1.8100,1.8100,1.8100,1.8100,0,0
D,2014-10-10,1.8000,1.8100,1.7900,1.8100,177,0
D,2014-10-09,1.8200,1.8200,1.8200,1.8200,0,0
D,2014-10-08,1.8100,1.8200,1.8100,1.8200,282,0
D,2014-10-07,1.8100,1.8100,1.8100,1.8100,70,0
D,2014-10-03,1.8400,1.8400,1.8400,1.8400,0,0
D,2014-10-02,1.8200,1.8400,1.8200,1.8400,110,0
D,2014-10-01,1.8900,1.8900,1.8900,1.8900,0,0
D,2014-09-30,1.8900,1.8900,1.8900,1.8900,30,0
D,2014-09-29,1.8200,1.8200,1.8200,1.8200,10,0
D,2014-09-26,1.8400,1.8400,1.8400,1.8400,45,0
D,2014-09-25,1.8300,1.8300,1.8300,1.8300,50,0
D,2014-09-24,1.8500,1.8500,1.8400,1.8400,279,0
D,2014-09-23,1.8500,1.8500,1.8500,1.8500,50,0
D,2014-09-22,1.8600,1.8800,1.8500,1.8600,150,0
D,2014-09-19,1.8600,1.8600,1.8600,1.8600,43,0
D,2014-09-18,1.8400,1.8500,1.8400,1.8500,344,0
D,2014-09-17,1.8500,1.8500,1.8300,1.8400,260,0
D,2014-09-15,1.8500,1.8500,1.8500,1.8500,0,0
D,2014-09-12,1.8500,1.8500,1.8500,1.8500,180,0
D,2014-09-11,1.8500,1.8700,1.8400,1.8700,156,0
D,2014-09-10,1.8400,1.8700,1.8400,1.8700,62,0
D,2014-09-09,1.8500,1.8600,1.8400,1.8500,120,0
D,2014-09-08,1.8600,1.8900,1.8500,1.8500,536,0
D,2014-09-05,1.8500,1.8500,1.8500,1.8500,118,0
D,2014-09-04,1.8500,1.8500,1.8500,1.8500,20,0
D,2014-09-03,1.8500,1.8500,1.8500,1.8500,50,0
D,2014-09-02,1.8600,1.8700,1.8600,1.8700,100,0
D,2014-08-29,1.8900,1.8900,1.8900,1.8900,0,0
D,2014-08-28,1.8600,1.8900,1.8600,1.8900,195,0
D,2014-08-27,1.8700,1.8700,1.8700,1.8700,210,0
D,2014-08-26,1.8700,1.8700,1.8700,1.8700,95,0
D,2014-08-25,1.8600,1.8700,1.8600,1.8600,190,0
D,2014-08-22,1.8700,1.8700,1.8600,1.8600,171,0
D,2014-08-21,1.8900,1.8900,1.8500,1.8700,162,0
D,2014-08-20,1.9000,1.9000,1.8900,1.8900,46,0
D,2014-08-19,1.9200,1.9200,1.9200,1.9200,150,0
D,2014-08-18,1.9400,1.9400,1.9200,1.9200,200,0
D,2014-08-15,1.9200,1.9500,1.9200,1.9300,90,0
D,2014-08-14,1.9200,1.9200,1.9200,1.9200,0,0
D,2014-08-13,1.9200,1.9200,1.9100,1.9200,80,0
D,2014-08-12,1.9400,1.9400,1.9200,1.9200,140,0
D,2014-08-11,1.9500,1.9500,1.9400,1.9400,225,0
D,2014-08-08,1.9500,1.9600,1.9100,1.9600,192,0
D,2014-08-07,1.9500,2.0000,1.9500,1.9900,904,0
D,2014-08-06,1.9100,1.9100,1.9100,1.9100,10,0
D,2014-08-05,1.9100,2.0000,1.9000,2.0000,941,0
D,2014-08-04,1.9000,1.9000,1.8900,1.8900,107,0
D,2014-08-01,1.9100,1.9100,1.9100,1.9100,150,0
D,2014-07-31,1.9000,1.9100,1.9000,1.9100,233,0
D,2014-07-30,1.9100,1.9100,1.9000,1.9000,120,0
D,2014-07-25,1.9100,1.9200,1.9100,1.9200,92,0
D,2014-07-24,1.9000,1.9000,1.9000,1.9000,110,0
D,2014-07-23,1.9100,1.9100,1.9100,1.9100,0,0
D,2014-07-22,1.9200,1.9200,1.9100,1.9100,130,0
D,2014-07-21,1.9400,1.9400,1.9400,1.9400,20,0
D,2014-07-18,1.9200,1.9200,1.9100,1.9100,182,0
D,2014-07-17,1.9300,1.9400,1.9100,1.9200,117,0
D,2014-07-16,1.9300,1.9300,1.9100,1.9100,38,0
D,2014-07-14,1.9200,1.9200,1.9200,1.9200,0,0
D,2014-07-11,1.9300,1.9300,1.9200,1.9200,112,0
D,2014-07-10,1.9200,1.9400,1.9200,1.9400,110,0
D,2014-07-09,1.9300,1.9300,1.9200,1.9200,193,0
D,2014-07-08,1.9400,1.9400,1.9100,1.9100,100,0
D,2014-07-07,1.9200,1.9400,1.9200,1.9200,81,0
D,2014-07-04,1.9000,1.9000,1.9000,1.9000,58,0
D,2014-07-03,1.9000,1.9100,1.9000,1.9100,55,0
D,2014-07-02,1.9200,1.9200,1.9000,1.9000,172,0
D,2014-07-01,1.9500,1.9500,1.9500,1.9500,50,0
D,2014-06-30,1.9200,1.9400,1.9200,1.9400,160,0
D,2014-06-27,1.9400,1.9400,1.9300,1.9400,79,0
D,2014-06-26,1.9100,1.9100,1.9100,1.9100,2,0
D,2014-06-25,1.9000,1.9900,1.9000,1.9600,154,0
D,2014-06-24,1.9100,1.9100,1.9100,1.9100,229,0
D,2014-06-23,1.9500,1.9500,1.9100,1.9100,212,0
D,2014-06-20,1.9600,1.9600,1.9400,1.9400,117,0
D,2014-06-19,2.0000,2.0000,1.9800,1.9800,295,0
D,2014-06-18,2.0900,2.1000,2.0800,2.0900,703,0
D,2014-06-17,2.1100,2.1100,2.0700,2.0700,130,0
D,2014-06-16,2.1200,2.1200,2.1100,2.1200,270,0
D,2014-06-13,2.0900,2.1200,2.0500,2.1000,2150,0
D,2014-06-12,2.0400,2.0400,2.0200,2.0400,601,0
D,2014-06-11,2.0300,2.0300,2.0300,2.0300,41,0
D,2014-06-10,2.0400,2.0400,2.0400,2.0400,147,0
D,2014-06-09,2.0500,2.0500,2.0400,2.0400,120,0
D,2014-06-06,2.0400,2.0400,2.0300,2.0300,40,0
D,2014-06-05,2.0200,2.0500,2.0200,2.0500,410,0
D,2014-06-04,2.0300,2.0300,2.0200,2.0300,250,0
D,2014-06-03,2.0400,2.0400,2.0400,2.0400,0,0
D,2014-06-02,2.0300,2.0400,2.0200,2.0400,90,0
D,2014-05-30,2.0500,2.0500,2.0400,2.0400,65,0
D,2014-05-29,2.0400,2.0400,2.0400,2.0400,51,0
D,2014-05-28,2.0500,2.0800,2.0000,2.0300,684,0
D,2014-05-27,2.0200,2.0300,2.0200,2.0300,176,0
D,2014-05-26,2.0200,2.0300,2.0200,2.0200,366,0
D,2014-05-23,2.0200,2.0200,2.0200,2.0200,285,0
D,2014-05-22,2.0300,2.0300,2.0100,2.0100,100,0
D,2014-05-21,2.0400,2.0400,2.0200,2.0300,615,0
D,2014-05-20,2.0500,2.0500,2.0500,2.0500,50,0
D,2014-05-19,2.0400,2.0500,2.0400,2.0500,114,0
D,2014-05-16,2.0500,2.0500,2.0300,2.0300,510,0
D,2014-05-15,2.0500,2.0500,2.0200,2.0200,150,0
D,2014-05-14,2.0500,2.0500,2.0300,2.0500,200,0
D,2014-05-12,2.0300,2.0500,2.0300,2.0500,263,0
D,2014-05-09,2.0300,2.0300,2.0300,2.0300,100,0
D,2014-05-08,2.0300,2.0600,2.0300,2.0600,230,0
D,2014-05-07,2.0400,2.0400,2.0100,2.0200,290,0
D,2014-05-06,2.0400,2.0500,2.0400,2.0400,210,0
D,2014-05-05,2.0600,2.0600,2.0400,2.0500,320,0
D,2014-05-02,2.0500,2.0500,2.0500,2.0500,37,0
D,2014-04-30,2.0400,2.0500,2.0400,2.0500,550,0
D,2014-04-29,2.0400,2.0400,2.0300,2.0300,650,0
D,2014-04-28,2.0500,2.0600,2.0400,2.0400,777,0
D,2014-04-25,2.0500,2.0500,2.0400,2.0500,180,0
D,2014-04-24,2.0400,2.0500,2.0400,2.0500,290,0
D,2014-04-23,2.0600,2.0600,2.0600,2.0600,150,0
D,2014-04-22,2.0700,2.0800,2.0600,2.0600,274,0
D,2014-04-21,2.0700,2.0700,2.0500,2.0600,60,0
D,2014-04-18,2.0600,2.0600,2.0500,2.0500,259,0
D,2014-04-17,2.0700,2.0700,2.0600,2.0600,191,0
D,2014-04-16,2.0700,2.0800,2.0700,2.0700,309,0
D,2014-04-15,2.0600,2.0700,2.0600,2.0600,565,0
D,2014-04-14,2.0600,2.0600,2.0600,2.0600,60,0
D,2014-04-11,2.0700,2.0700,2.0600,2.0600,260,0
D,2014-04-10,2.0700,2.0700,2.0700,2.0700,50,0
D,2014-04-09,2.0700,2.0900,2.0600,2.0900,668,0
D,2014-04-08,2.0600,2.0700,2.0600,2.0700,282,0
D,2014-04-07,2.0600,2.0700,2.0600,2.0700,205,0
D,2014-04-04,2.0500,2.0600,2.0400,2.0600,445,0
D,2014-04-03,2.0800,2.0800,2.0600,2.0700,205,0
D,2014-04-02,2.0800,2.0900,2.0600,2.0800,606,0
D,2014-04-01,2.0500,2.0600,2.0300,2.0500,770,0
D,2014-03-31,2.0100,2.0100,2.0100,2.0100,220,0
D,2014-03-28,2.0200,2.0200,2.0100,2.0100,220,0
D,2014-03-27,2.0300,2.0300,2.0200,2.0200,160,0
D,2014-03-26,2.0300,2.0500,2.0300,2.0500,197,0
D,2014-03-25,2.0300,2.0300,2.0300,2.0300,50,0
D,2014-03-24,2.0200,2.0200,2.0000,2.0000,100,0
D,2014-03-21,2.0500,2.0500,2.0500,2.0500,290,0
D,2014-03-20,2.0100,2.0300,2.0000,2.0200,249,0
D,2014-03-19,2.0000,2.0200,2.0000,2.0200,335,0
D,2014-03-18,2.0200,2.0200,2.0100,2.0200,229,0
D,2014-03-17,2.0100,2.0400,2.0000,2.0400,550,0
D,2014-03-14,2.0300,2.0300,2.0000,2.0000,460,0
D,2014-03-13,2.0900,2.0900,2.0900,2.0900,10,0
D,2014-03-12,2.0400,2.0400,2.0300,2.0300,225,0
D,2014-03-11,2.0300,2.0400,2.0300,2.0400,190,0
D,2014-03-10,2.0300,2.0400,2.0300,2.0400,220,0
D,2014-03-07,2.0400,2.0400,2.0200,2.0300,335,0
D,2014-03-06,2.0500,2.0700,2.0400,2.0400,657,0
D,2014-03-05,2.0200,2.1000,2.0200,2.1000,700,0
D,2014-03-04,1.9900,2.0200,1.9900,2.0200,933,0
D,2014-03-03,2.1800,2.1800,1.9100,2.0400,2331,0
D,2014-02-28,2.2000,2.2400,2.2000,2.2400,780,0
D,2014-02-27,2.2000,2.2400,2.2000,2.2400,850,0
D,2014-02-26,2.2000,2.2000,2.2000,2.2000,299,0
D,2014-02-25,2.2100,2.2400,2.2100,2.2400,200,0
D,2014-02-24,2.1900,2.2200,2.1900,2.2100,326,0
D,2014-02-21,2.1900,2.2100,2.1900,2.2000,380,0
D,2014-02-20,2.1900,2.2000,2.1900,2.2000,250,0
D,2014-02-19,2.2000,2.2000,2.1900,2.1900,230,0
D,2014-02-18,2.2000,2.2000,2.2000,2.2000,370,0
D,2014-02-17,2.2000,2.2200,2.2000,2.2000,130,0
D,2014-02-14,2.1900,2.2100,2.1900,2.2100,100,0
D,2014-02-13,2.2000,2.2000,2.1900,2.1900,230,0
D,2014-02-12,2.1900,2.2000,2.1900,2.1900,140,0
D,2014-02-11,2.2000,2.2000,2.1900,2.1900,180,0
D,2014-02-10,2.2000,2.2000,2.1800,2.1800,90,0
D,2014-02-07,2.1700,2.1900,2.1700,2.1800,250,0
D,2014-02-06,2.1700,2.1800,2.1700,2.1800,100,0
D,2014-02-05,2.1800,2.1800,2.1800,2.1800,0,0
D,2014-02-04,2.1600,2.1800,2.1600,2.1800,120,0
D,2014-01-30,2.1800,2.1800,2.1600,2.1600,60,0
D,2014-01-29,2.1800,2.1800,2.1800,2.1800,50,0
D,2014-01-28,2.1700,2.1700,2.1700,2.1700,0,0
D,2014-01-27,2.1900,2.1900,2.1700,2.1700,150,0
D,2014-01-24,2.1900,2.1900,2.1900,2.1900,10,0
D,2014-01-23,2.1900,2.1900,2.1900,2.1900,50,0
D,2014-01-22,2.2000,2.2000,2.2000,2.2000,30,0
D,2014-01-21,2.2200,2.2200,2.2100,2.2100,65,0
D,2014-01-20,2.2300,2.2300,2.2000,2.2000,117,0
D,2014-01-16,2.2300,2.2300,2.2300,2.2300,0,0
D,2014-01-15,2.2300,2.2300,2.2200,2.2300,153,0
D,2014-01-13,2.2500,2.2500,2.2300,2.2300,120,0
D,2014-01-10,2.2100,2.2500,2.2100,2.2400,120,0
D,2014-01-09,2.2200,2.2500,2.2200,2.2500,90,0
D,2014-01-08,2.2300,2.2700,2.2100,2.2700,410,0
D,2014-01-07,2.2300,2.2300,2.2300,2.2300,15,0
D,2014-01-06,2.2700,2.2700,2.1600,2.1800,180,0
D,2014-01-03,2.1500,2.2700,2.1500,2.2700,125,0
D,2014-01-02,2.1500,2.1700,2.1500,2.1600,70,0
D,2013-12-31,2.1500,2.1500,2.1400,2.1400,70,0
D,2013-12-30,2.1500,2.1600,2.1500,2.1600,160,0
D,2013-12-27,2.1200,2.2000,2.1200,2.2000,110,0
D,2013-12-26,2.1400,2.1400,2.1400,2.1400,0,0
D,2013-12-24,2.1400,2.1400,2.1400,2.1400,0,0
D,2013-12-23,2.1400,2.1400,2.1400,2.1400,40,0
D,2013-12-20,2.1300,2.1400,2.1300,2.1400,118,0
D,2013-12-19,2.1300,2.1300,2.1300,2.1300,100,0
D,2013-12-18,2.1300,2.1400,2.1300,2.1400,292,0
D,2013-12-17,2.1300,2.1300,2.1200,2.1300,450,0
D,2013-12-16,2.1400,2.1400,2.1200,2.1200,200,0
D,2013-12-13,2.1800,2.1800,2.1500,2.1800,320,0
D,2013-12-12,2.2000,2.2000,2.1500,2.1800,210,0
D,2013-12-11,2.2500,2.2500,2.1800,2.1800,470,0
D,2013-12-10,2.1700,2.1700,2.1700,2.1700,0,0
D,2013-12-09,2.1700,2.1700,2.1700,2.1700,0,0
D,2013-12-06,2.1700,2.1700,2.1700,2.1700,40,0
D,2013-12-05,2.1800,2.1800,2.1800,2.1800,0,0
D,2013-12-04,2.1800,2.1800,2.1800,2.1800,1050,0
D,2013-12-03,2.1800,2.1800,2.1800,2.1800,35,0
D,2013-12-02,2.1800,2.1800,2.1800,2.1800,0,0
D,2013-11-29,2.1800,2.1800,2.1800,2.1800,10,0
D,2013-11-28,2.2000,2.2000,2.1800,2.2000,280,0
D,2013-11-27,2.1400,2.1400,2.1400,2.1400,0,0
D,2013-11-26,2.2100,2.2100,2.1400,2.1400,240,0
D,2013-11-25,2.2000,2.2000,2.2000,2.2000,10,0
D,2013-11-22,2.2100,2.2100,2.2100,2.2100,0,0
D,2013-11-21,2.2100,2.2100,2.2100,2.2100,0,0
D,2013-11-20,2.2100,2.2100,2.2100,2.2100,110,0
D,2013-11-19,2.2100,2.2100,2.2100,2.2100,0,0
D,2013-11-18,2.2000,2.2100,2.2000,2.2100,20,0
D,2013-11-15,2.1600,2.1600,2.1600,2.1600,5,0
D,2013-11-14,2.2000,2.2200,2.2000,2.2200,118,0
D,2013-11-13,2.1900,2.1900,2.1900,2.1900,0,0
D,2013-11-12,2.2000,2.2000,2.1800,2.1900,150,0
D,2013-11-11,2.2100,2.2100,2.2100,2.2100,0,0
D,2013-11-08,2.2300,2.2300,2.2100,2.2100,20,0
D,2013-11-07,2.2200,2.2300,2.2200,2.2300,40,0
D,2013-11-06,2.2400,2.2400,2.2000,2.2000,210,0
D,2013-11-04,2.2300,2.2300,2.2300,2.2300,0,0
D,2013-11-01,2.2000,2.2300,2.2000,2.2300,60,0
D,2013-10-31,2.1800,2.2000,2.1800,2.2000,90,0
D,2013-10-30,2.2000,2.2000,2.1800,2.1800,211,0
D,2013-10-29,2.2000,2.2000,2.2000,2.2000,20,0
D,2013-10-28,2.1800,2.1800,2.1800,2.1800,60,0
D,2013-10-25,2.2100,2.2100,2.2100,2.2100,7,0
D,2013-10-24,2.2200,2.2200,2.2200,2.2200,10,0
D,2013-10-23,2.2300,2.2300,2.2300,2.2300,0,0
D,2013-10-22,2.2300,2.2300,2.2300,2.2300,0,0
D,2013-10-21,2.2200,2.2300,2.2100,2.2300,304,0
D,2013-10-18,2.2200,2.2300,2.2200,2.2300,60,0
D,2013-10-17,2.1800,2.1900,2.1800,2.1900,80,0
D,2013-10-16,2.1800,2.1800,2.1800,2.1800,0,0
D,2013-10-14,2.1700,2.1800,2.1700,2.1800,35,0
D,2013-10-11,2.1900,2.1900,2.1900,2.1900,70,0
D,2013-10-10,2.2000,2.2000,2.1900,2.1900,120,0
D,2013-10-09,2.1900,2.1900,2.1900,2.1900,210,0
D,2013-10-08,2.1900,2.1900,2.1900,2.1900,0,0
D,2013-10-07,2.1900,2.1900,2.1900,2.1900,10,0
D,2013-10-04,2.1900,2.1900,2.1800,2.1800,150,0
D,2013-10-03,2.1900,2.1900,2.1900,2.1900,120,0
D,2013-10-02,2.2100,2.2100,2.2100,2.2100,0,0
D,2013-10-01,2.2000,2.2100,2.2000,2.2100,150,0
D,2013-09-30,2.2100,2.2200,2.2100,2.2200,60,0
D,2013-09-27,2.2200,2.2200,2.1900,2.2000,63,0
D,2013-09-26,2.1800,2.1800,2.1700,2.1700,190,0
D,2013-09-25,2.2000,2.2000,2.1800,2.1800,90,0
D,2013-09-24,2.2000,2.2000,2.2000,2.2000,30,0
D,2013-09-23,2.1600,2.1800,2.1600,2.1800,70,0
D,2013-09-20,2.2000,2.2000,2.1800,2.1800,110,0
D,2013-09-19,2.1800,2.1900,2.1800,2.1800,113,0
D,2013-09-18,2.1900,2.1900,2.1900,2.1900,70,0
D,2013-09-17,2.2000,2.2000,2.1800,2.1800,57,0
D,2013-09-13,2.1800,2.1900,2.1800,2.1900,95,0
D,2013-09-12,2.2000,2.2000,2.1800,2.1800,150,0
D,2013-09-11,2.1600,2.1600,2.1600,2.1600,60,0
D,2013-09-10,2.1600,2.1800,2.1600,2.1600,130,0
D,2013-09-09,2.1600,2.1600,2.1500,2.1600,40,0
D,2013-09-06,2.1600,2.1600,2.1600,2.1600,0,0
D,2013-09-05,2.1600,2.1600,2.1600,2.1600,21,0
D,2013-09-04,2.1500,2.1500,2.1300,2.1400,120,0
D,2013-09-03,2.1300,2.1800,2.1300,2.1800,180,0
D,2013-09-02,2.1500,2.1500,2.1500,2.1500,50,0
D,2013-08-30,2.1800,2.1800,2.1800,2.1800,0,0
D,2013-08-29,2.1700,2.2300,2.1500,2.1800,930,0
D,2013-08-28,2.1100,2.1500,2.1100,2.1100,455,0
D,2013-08-27,2.1400,2.1400,2.1000,2.1400,1124,0
D,2013-08-26,2.1400,2.1500,2.1400,2.1500,295,0
D,2013-08-23,2.1300,2.1500,2.1300,2.1300,122,0
D,2013-08-22,2.1500,2.1500,2.1200,2.1300,634,0
D,2013-08-21,2.1300,2.1500,2.1200,2.1500,120,0
D,2013-08-20,2.1500,2.1500,2.1100,2.1500,140,0
D,2013-08-19,2.1800,2.1800,2.1700,2.1700,35,0
D,2013-08-16,2.1700,2.1700,2.1700,2.1700,20,0
D,2013-08-15,2.1500,2.1800,2.1500,2.1600,150,0
D,2013-08-14,2.1200,2.1500,2.1200,2.1500,360,0
D,2013-08-13,2.1400,2.1400,2.1200,2.1200,149,0
D,2013-08-12,2.1100,2.1300,2.0500,2.1100,804,0
D,2013-08-07,2.1200,2.1300,2.1200,2.1200,40,0
D,2013-08-06,2.1400,2.1400,2.1000,2.1200,297,0
D,2013-08-05,2.1500,2.1500,2.1300,2.1400,85,0
D,2013-08-02,2.1600,2.1600,2.1300,2.1400,163,0
D,2013-08-01,2.1500,2.1500,2.1500,2.1500,100,0
D,2013-07-31,2.1300,2.1300,2.1200,2.1200,135,0
D,2013-07-30,2.1500,2.1600,2.1500,2.1500,285,0
D,2013-07-29,2.1600,2.1600,2.1600,2.1600,25,0
D,2013-07-26,2.1800,2.1900,2.1800,2.1800,113,0
D,2013-07-25,2.1600,2.1700,2.1500,2.1700,240,0
D,2013-07-24,2.1700,2.1800,2.1600,2.1700,385,0
D,2013-07-23,2.1800,2.1800,2.1500,2.1700,155,0
D,2013-07-22,2.1900,2.1900,2.1800,2.1800,80,0
D,2013-07-19,2.1900,2.1900,2.1900,2.1900,40,0
D,2013-07-18,2.1900,2.1900,2.1800,2.1800,265,0
D,2013-07-17,2.1900,2.2000,2.1900,2.2000,115,0
D,2013-07-16,2.2000,2.2000,2.1900,2.1900,402,0
D,2013-07-15,2.2000,2.2000,2.1900,2.1900,120,0
D,2013-07-12,2.1900,2.2000,2.1900,2.2000,230,0
D,2013-07-11,2.2100,2.2100,2.2000,2.2000,165,0
D,2013-07-10,2.2000,2.2100,2.2000,2.2100,430,0
D,2013-07-09,2.1900,2.2000,2.1800,2.1800,363,0
D,2013-07-08,2.1900,2.1900,2.1900,2.1900,129,0
D,2013-07-05,2.1900,2.2100,2.1900,2.1900,210,0
D,2013-07-04,2.1900,2.2200,2.1900,2.2000,400,0
D,2013-07-03,2.1900,2.1900,2.1800,2.1800,330,0
D,2013-07-02,2.2000,2.2000,2.1800,2.1800,90,0
D,2013-07-01,2.1800,2.2000,2.1800,2.2000,110,0
D,2013-06-28,2.1700,2.1800,2.1700,2.1800,245,0
D,2013-06-27,2.1800,2.1800,2.1700,2.1700,145,0
D,2013-06-26,2.1700,2.1800,2.1600,2.1800,230,0
D,2013-06-25,2.1800,2.1800,2.1600,2.1600,312,0
D,2013-06-24,2.1800,2.1800,2.1700,2.1700,91,0
D,2013-06-21,2.1800,2.2500,2.1800,2.2300,276,0
D,2013-06-20,2.3300,2.3300,2.1800,2.2100,547,0
D,2013-06-19,2.4800,2.4900,2.4700,2.4800,1702,0
D,2013-06-18,2.4900,2.4900,2.4600,2.4700,1282,0
D,2013-06-17,2.4900,2.5000,2.4800,2.4900,1212,0
D,2013-06-14,2.4800,2.4900,2.4700,2.4800,355,0
D,2013-06-13,2.4700,2.4800,2.4600,2.4800,520,0
D,2013-06-12,2.5000,2.5100,2.4700,2.4900,307,0
D,2013-06-11,2.5200,2.5200,2.4900,2.5100,435,0
D,2013-06-10,2.5000,2.5200,2.5000,2.5100,1019,0
D,2013-06-07,2.5000,2.5100,2.4700,2.5000,1155,0
D,2013-06-06,2.5000,2.5000,2.4500,2.4600,471,0
D,2013-06-05,2.4900,2.4900,2.4900,2.4900,125,0
D,2013-06-04,2.5000,2.5000,2.4800,2.5000,441,0
D,2013-06-03,2.4700,2.5200,2.4700,2.5000,1291,0
D,2013-05-31,2.4300,2.4600,2.4300,2.4600,1083,0
D,2013-05-30,2.4100,2.4200,2.4100,2.4200,410,0
D,2013-05-29,2.4100,2.4300,2.4100,2.4100,645,0
D,2013-05-28,2.3800,2.4000,2.3800,2.4000,350,0
D,2013-05-27,2.4000,2.4000,2.3800,2.3900,570,0
D,2013-05-23,2.4000,2.4000,2.3800,2.4000,567,0
D,2013-05-22,2.4000,2.4200,2.4000,2.4000,716,0
D,2013-05-21,2.4000,2.4200,2.3900,2.4200,1172,0
D,2013-05-20,2.3800,2.4100,2.3800,2.4000,1335,0
D,2013-05-17,2.3500,2.3800,2.3500,2.3700,430,0
D,2013-05-16,2.3800,2.3800,2.3300,2.3400,450,0
D,2013-05-15,2.3800,2.3900,2.3600,2.3800,310,0
D,2013-05-14,2.3900,2.4000,2.3600,2.3600,422,0
D,2013-05-13,2.3200,2.4000,2.3200,2.3900,1918,0
D,2013-05-10,2.3000,2.3100,2.2900,2.3000,596,0
D,2013-05-09,2.3000,2.3100,2.2900,2.3100,680,0
D,2013-05-08,2.3000,2.3000,2.2700,2.3000,87,0
D,2013-05-07,2.2900,2.3000,2.2800,2.3000,360,0
D,2013-05-06,2.2900,2.2900,2.2700,2.2900,165,0
D,2013-05-03,2.2300,2.2500,2.2000,2.2100,500,0
D,2013-05-02,2.2400,2.2400,2.2000,2.2000,166,0
D,2013-04-30,2.2600,2.2600,2.1600,2.1700,1320,0
D,2013-04-29,2.2600,2.2600,2.2600,2.2600,200,0
D,2013-04-26,2.2700,2.2700,2.2600,2.2600,180,0
D,2013-04-25,2.2800,2.2800,2.2600,2.2600,162,0
D,2013-04-24,2.2700,2.2800,2.2700,2.2800,147,0
D,2013-04-23,2.2700,2.2700,2.2600,2.2700,478,0
D,2013-04-22,2.2800,2.2800,2.2600,2.2600,473,0
D,2013-04-19,2.2800,2.2900,2.2700,2.2700,1495,0
D,2013-04-18,2.2700,2.2700,2.2600,2.2700,300,0
D,2013-04-17,2.2600,2.2700,2.2500,2.2700,806,0
D,2013-04-16,2.2400,2.2500,2.2400,2.2500,879,0
D,2013-04-15,2.2500,2.2600,2.2500,2.2500,1405,0
D,2013-04-12,2.2500,2.2500,2.2300,2.2400,628,0
D,2013-04-11,2.2600,2.2600,2.2300,2.2600,1140,0
D,2013-04-10,2.2700,2.3100,2.2400,2.2500,4196,0
D,2013-04-09,2.1800,2.2200,2.1800,2.2200,1394,0
D,2013-04-08,2.1500,2.2000,2.1500,2.2000,572,0
D,2013-04-05,2.1300,2.1500,2.1200,2.1500,556,0
D,2013-04-04,2.1300,2.1500,2.1000,2.1100,140,0
D,2013-04-03,2.1100,2.1500,2.0600,2.1200,1104,0
D,2013-04-02,2.1000,2.1000,2.1000,2.1000,240,0
D,2013-04-01,2.1000,2.1000,2.0800,2.0800,293,0
D,2013-03-29,2.1200,2.1300,2.1000,2.1000,729,0
D,2013-03-28,2.1800,2.1800,2.1400,2.1400,83,0
D,2013-03-27,2.1500,2.1500,2.1300,2.1500,216,0
D,2013-03-26,2.1500,2.1700,2.1000,2.1500,415,0
D,2013-03-25,2.1500,2.1800,2.1500,2.1800,86,0
D,2013-03-22,2.1500,2.1500,2.1500,2.1500,0,0
D,2013-03-21,2.1800,2.1800,2.1500,2.1500,300,0
D,2013-03-20,2.1200,2.1900,2.1200,2.1900,31,0
D,2013-03-19,2.1600,2.1900,2.1600,2.1900,116,0
D,2013-03-18,2.1600,2.1900,2.1600,2.1900,71,0
D,2013-03-15,2.2000,2.2000,2.1400,2.1900,243,0
D,2013-03-14,2.1800,2.1800,2.1700,2.1700,64,0
D,2013-03-13,2.1700,2.2000,2.1700,2.1800,349,0
D,2013-03-12,2.1300,2.1700,2.1300,2.1700,122,0
D,2013-03-11,2.1300,2.1500,2.1300,2.1500,47,0
D,2013-03-08,2.1400,2.1400,2.1400,2.1400,50,0
D,2013-03-07,2.1500,2.1500,2.1500,2.1500,61,0
D,2013-03-06,2.1000,2.1500,2.1000,2.1500,129,0
D,2013-03-05,2.1200,2.1200,2.0900,2.1200,291,0
D,2013-03-04,2.1000,2.1000,2.1000,2.1000,0,0
D,2013-03-01,2.0800,2.1000,2.0800,2.1000,272,0
D,2013-02-28,2.0700,2.0900,2.0700,2.0900,641,0
D,2013-02-27,2.0800,2.0800,2.0800,2.0800,79,0
D,2013-02-26,2.0500,2.0700,2.0500,2.0700,195,0
D,2013-02-25,2.0500,2.0600,2.0400,2.0500,194,0
D,2013-02-22,2.0500,2.0500,2.0400,2.0400,166,0
D,2013-02-21,2.0500,2.0600,2.0500,2.0600,220,0
D,2013-02-20,2.0400,2.0800,2.0400,2.0500,172,0
D,2013-02-19,2.0400,2.0500,2.0400,2.0400,173,0
D,2013-02-18,2.0800,2.0800,2.0500,2.0500,60,0
D,2013-02-15,2.0800,2.0800,2.0800,2.0800,159,0
D,2013-02-14,2.0600,2.0800,2.0600,2.0800,140,0
D,2013-02-13,2.0600,2.0600,2.0400,2.0400,40,0
D,2013-02-08,2.0400,2.0400,2.0300,2.0300,30,0
D,2013-02-07,2.0400,2.0600,2.0400,2.0400,156,0
D,2013-02-06,2.0600,2.0600,2.0300,2.0500,190,0
D,2013-02-05,2.0400,2.0400,2.0400,2.0400,124,0
D,2013-02-04,2.0600,2.0600,2.0500,2.0500,205,0
D,2013-01-31,2.0600,2.0600,2.0600,2.0600,142,0
D,2013-01-30,2.0700,2.0700,2.0700,2.0700,50,0
D,2013-01-29,2.0600,2.0800,2.0600,2.0800,138,0
D,2013-01-25,2.0700,2.0800,2.0700,2.0800,330,0
D,2013-01-23,2.0900,2.1000,2.0600,2.0600,110,0
D,2013-01-22,2.0500,2.0600,2.0500,2.0600,220,0
D,2013-01-21,2.1000,2.1000,2.0500,2.0600,647,0
D,2013-01-18,2.1000,2.1000,2.0800,2.1000,120,0
D,2013-01-17,2.0900,2.1000,2.0800,2.1000,204,0
D,2013-01-16,2.1000,2.1000,2.1000,2.1000,10,0
D,2013-01-15,2.1000,2.1000,2.1000,2.1000,10,0
D,2013-01-14,2.1100,2.1100,2.1100,2.1100,0,0
D,2013-01-11,2.1100,2.1100,2.1100,2.1100,250,0
D,2013-01-10,2.1100,2.1100,2.1000,2.1000,53,0
D,2013-01-09,2.1000,2.1100,2.1000,2.1100,50,0
D,2013-01-08,2.0800,2.0900,2.0600,2.0900,210,0
D,2013-01-07,2.0800,2.0800,2.0800,2.0800,30,0
D,2013-01-04,2.0800,2.0800,2.0800,2.0800,250,0
D,2013-01-03,2.1100,2.1100,2.0600,2.0800,360,0
D,2013-01-02,2.0500,2.0600,2.0500,2.0600,260,0
D,2012-12-31,2.0600,2.0600,2.0600,2.0600,100,0
D,2012-12-28,2.0700,2.0700,2.0500,2.0700,107,0
D,2012-12-27,2.0700,2.0700,2.0600,2.0600,100,0
D,2012-12-26,2.0700,2.0700,2.0700,2.0700,30,0
D,2012-12-24,2.0700,2.0700,2.0700,2.0700,50,0
D,2012-12-21,2.0500,2.0500,2.0500,2.0500,100,0
D,2012-12-20,2.0600,2.0600,2.0600,2.0600,191,0
D,2012-12-19,2.0500,2.0500,2.0500,2.0500,0,0
D,2012-12-18,2.0500,2.0500,2.0500,2.0500,59,0
D,2012-12-17,2.0500,2.0500,2.0500,2.0500,10,0
D,2012-12-14,2.0700,2.0700,2.0500,2.0500,100,0
D,2012-12-13,2.0500,2.0500,2.0500,2.0500,253,0
D,2012-12-12,2.0600,2.0600,2.0600,2.0600,20,0
D,2012-12-11,2.0600,2.0700,2.0600,2.0600,130,0
D,2012-12-10,2.0600,2.0600,2.0600,2.0600,0,0
D,2012-12-07,2.0600,2.0600,2.0600,2.0600,5,0
D,2012-12-06,2.0300,2.0300,2.0300,2.0300,0,0
D,2012-12-05,2.0300,2.0300,2.0300,2.0300,60,0
D,2012-12-04,2.0600,2.0600,2.0200,2.0200,150,0
D,2012-12-03,2.0600,2.0600,2.0600,2.0600,0,0
D,2012-11-30,2.0500,2.0600,2.0500,2.0600,135,0
D,2012-11-29,2.0500,2.0600,2.0400,2.0600,207,0
D,2012-11-28,2.0700,2.0700,2.0700,2.0700,0,0
D,2012-11-27,2.0700,2.0700,2.0700,2.0700,230,0
D,2012-11-26,2.0800,2.0900,2.0500,2.0800,613,0
D,2012-11-23,2.1000,2.1000,2.0500,2.0900,1181,0
D,2012-11-22,2.1000,2.1000,2.1000,2.1000,10,0
D,2012-11-21,2.1000,2.1900,2.1000,2.1900,130,0
D,2012-11-20,2.0900,2.1000,2.0900,2.1000,88,0
D,2012-11-19,2.0800,2.1000,2.0800,2.1000,113,0
D,2012-11-16,2.0900,2.0900,2.0900,2.0900,60,0
D,2012-11-14,2.1100,2.1100,2.0900,2.0900,554,0
D,2012-11-12,2.1000,2.1000,2.1000,2.1000,0,0
D,2012-11-09,2.1000,2.1400,2.1000,2.1000,376,0
D,2012-11-08,2.1000,2.1200,2.1000,2.1200,62,0
D,2012-11-07,2.1200,2.1200,2.1200,2.1200,10,0
D,2012-11-06,2.1000,2.1000,2.1000,2.1000,80,0
D,2012-11-05,2.1000,2.1000,2.1000,2.1000,0,0
D,2012-11-02,2.1000,2.1000,2.1000,2.1000,50,0
D,2012-11-01,2.1000,2.1000,2.1000,2.1000,100,0
D,2012-10-31,2.1000,2.1000,2.1000,2.1000,220,0
D,2012-10-30,2.1000,2.1000,2.1000,2.1000,10,0
D,2012-10-29,2.1000,2.1000,2.0800,2.0800,285,0
D,2012-10-25,2.1000,2.1000,2.1000,2.1000,260,0
D,2012-10-24,2.1100,2.1100,2.1000,2.1000,40,0
D,2012-10-23,2.1100,2.1100,2.1000,2.1100,180,0
D,2012-10-22,2.1000,2.1000,2.1000,2.1000,80,0
D,2012-10-19,2.1000,2.1000,2.1000,2.1000,180,0
D,2012-10-18,2.1000,2.1200,2.1000,2.1000,142,0
D,2012-10-17,2.0800,2.1000,2.0800,2.1000,255,0
D,2012-10-16,2.0800,2.0800,2.0800,2.0800,0,0
D,2012-10-15,2.0800,2.0800,2.0800,2.0800,0,0
D,2012-10-12,2.0800,2.0800,2.0800,2.0800,0,0
D,2012-10-11,2.0800,2.0800,2.0800,2.0800,50,0
D,2012-10-10,2.0800,2.0800,2.0800,2.0800,0,0
D,2012-10-09,2.0700,2.0800,2.0700,2.0800,75,0
D,2012-10-08,2.0500,2.0500,2.0500,2.0500,0,0
D,2012-10-05,2.0500,2.0500,2.0500,2.0500,0,0
D,2012-10-04,2.1000,2.1000,2.0500,2.0500,120,0
D,2012-10-03,2.0900,2.1600,2.0900,2.1600,131,0
D,2012-05-03,2.3300,2.3500,2.3300,2.3500,209,0
D,2012-05-02,2.3400,2.3400,2.3300,2.3300,222,0
