D,2014-10-14,0.6900,0.7000,0.6900,0.7000,11890,0
D,2014-10-13,0.7000,0.7000,0.6950,0.6950,14345,0
D,2014-10-10,0.7000,0.7000,0.7000,0.7000,24197,0
D,2014-10-09,0.7000,0.7050,0.7000,0.7000,6707,0
D,2014-10-08,0.7000,0.7050,0.6900,0.7000,12117,0
D,2014-10-07,0.7050,0.7100,0.7000,0.7000,1390,0
D,2014-10-03,0.7100,0.7100,0.7050,0.7100,1479,0
D,2014-10-02,0.7150,0.7150,0.7000,0.7100,1710,0
D,2014-10-01,0.7100,0.7200,0.7100,0.7150,3950,0
D,2014-09-30,0.7200,0.7200,0.7150,0.7200,1554,0
D,2014-09-29,0.7150,0.7250,0.7150,0.7200,1433,0
D,2014-09-26,0.7100,0.7150,0.7100,0.7150,2588,0
D,2014-09-25,0.7100,0.7150,0.7050,0.7150,4436,0
D,2014-09-24,0.7150,0.7200,0.7100,0.7150,2443,0
D,2014-09-23,0.7050,0.7150,0.7050,0.7100,2940,0
D,2014-09-22,0.7200,0.7200,0.7100,0.7100,3295,0
D,2014-09-19,0.7150,0.7200,0.7150,0.7150,8857,0
D,2014-09-18,0.7050,0.7100,0.7050,0.7100,2305,0
D,2014-09-17,0.7000,0.7100,0.7000,0.7100,1750,0
D,2014-09-15,0.7200,0.7200,0.7000,0.7050,7629,0
D,2014-09-12,0.7250,0.7250,0.7150,0.7150,3184,0
D,2014-09-11,0.7150,0.7300,0.7150,0.7250,4732,0
D,2014-09-10,0.7500,0.7500,0.7000,0.7200,25650,0
D,2014-09-09,0.7550,0.7550,0.7350,0.7450,6000,0
D,2014-09-08,0.7900,0.7900,0.7450,0.7550,74212,0
D,2014-09-05,0.8000,0.8050,0.8000,0.8000,1983,0
D,2014-09-04,0.8050,0.8100,0.8000,0.8000,4295,0
D,2014-09-03,0.8050,0.8100,0.8000,0.8050,2275,0
D,2014-09-02,0.8000,0.8050,0.8000,0.8050,2201,0
D,2014-08-29,0.8000,0.8150,0.8000,0.8150,3576,0
D,2014-08-28,0.8050,0.8250,0.8050,0.8250,1307,0
D,2014-08-27,0.7950,0.8050,0.7950,0.8000,864,0
D,2014-08-26,0.8050,0.8050,0.7950,0.8000,3329,0
D,2014-08-25,0.7950,0.8050,0.7950,0.8050,2309,0
D,2014-08-22,0.8000,0.8000,0.7950,0.7950,4220,0
D,2014-08-21,0.8100,0.8100,0.7900,0.8000,3845,0
D,2014-08-20,0.8200,0.8200,0.8100,0.8100,6358,0
D,2014-08-19,0.8200,0.8250,0.8200,0.8250,2007,0
D,2014-08-18,0.8150,0.8250,0.8100,0.8150,10375,0
D,2014-08-15,0.8250,0.8300,0.8050,0.8100,7929,0
D,2014-08-14,0.7850,0.8300,0.7850,0.8250,26351,0
D,2014-08-13,0.7900,0.7900,0.7700,0.7800,9946,0
D,2014-08-12,0.7950,0.7950,0.7900,0.7900,3051,0
D,2014-08-11,0.8000,0.8000,0.7900,0.7950,1177,0
D,2014-08-08,0.8000,0.8000,0.7850,0.7900,10379,0
D,2014-08-07,0.8100,0.8150,0.8000,0.8000,7721,0
D,2014-08-06,0.8150,0.8150,0.8100,0.8100,3380,0
D,2014-08-05,0.8150,0.8200,0.8150,0.8200,2460,0
D,2014-08-04,0.8100,0.8200,0.8100,0.8200,3139,0
D,2014-08-01,0.8250,0.8300,0.8150,0.8150,5331,0
D,2014-07-31,0.8300,0.8350,0.8200,0.8200,4936,0
D,2014-07-30,0.8300,0.8300,0.8200,0.8200,3160,0
D,2014-07-25,0.8300,0.8300,0.8200,0.8200,3731,0
D,2014-07-24,0.8200,0.8300,0.8100,0.8200,12275,0
D,2014-07-23,0.8150,0.8250,0.8100,0.8100,8747,0
D,2014-07-22,0.8200,0.8250,0.8100,0.8200,5180,0
D,2014-07-21,0.8150,0.8250,0.8150,0.8200,2893,0
D,2014-07-18,0.8100,0.8200,0.8050,0.8100,20442,0
D,2014-07-17,0.8300,0.8350,0.8050,0.8150,11538,0
D,2014-07-16,0.8350,0.8350,0.8300,0.8300,7729,0
D,2014-07-14,0.8400,0.8450,0.8300,0.8350,7140,0
D,2014-07-11,0.8350,0.8450,0.8300,0.8350,1935,0
D,2014-07-10,0.8400,0.8400,0.8350,0.8350,5166,0
D,2014-07-09,0.8400,0.8450,0.8300,0.8400,6735,0
D,2014-07-08,0.8500,0.8550,0.8400,0.8450,2048,0
D,2014-07-07,0.8550,0.8550,0.8400,0.8500,963,0
D,2014-07-04,0.8550,0.8550,0.8500,0.8500,3657,0
D,2014-07-03,0.8500,0.8550,0.8500,0.8550,1347,0
D,2014-07-02,0.8400,0.8550,0.8400,0.8500,9519,0
D,2014-07-01,0.8500,0.8500,0.8350,0.8500,3239,0
D,2014-06-30,0.8350,0.8450,0.8300,0.8450,4886,0
D,2014-06-27,0.8400,0.8400,0.8300,0.8350,11383,0
D,2014-06-26,0.8250,0.8400,0.8250,0.8400,11373,0
D,2014-06-25,0.8500,0.8500,0.8200,0.8300,28139,0
D,2014-06-24,0.8700,0.8700,0.8500,0.8500,14771,0
D,2014-06-23,0.8750,0.8750,0.8500,0.8700,4645,0
D,2014-06-20,0.8750,0.8750,0.8750,0.8750,1781,0
D,2014-06-19,0.8750,0.8750,0.8750,0.8750,4239,0
D,2014-06-18,0.8800,0.8800,0.8700,0.8800,435,0
D,2014-06-17,0.8900,0.8900,0.8750,0.8800,800,0
D,2014-06-16,0.8750,0.8800,0.8700,0.8800,2133,0
D,2014-06-13,0.8800,0.8800,0.8600,0.8750,1664,0
D,2014-06-12,0.8700,0.8850,0.8700,0.8850,1641,0
D,2014-06-11,0.8700,0.8800,0.8700,0.8800,537,0
D,2014-06-10,0.8900,0.8900,0.8800,0.8800,272,0
D,2014-06-09,0.9000,0.9000,0.8850,0.8900,1469,0
D,2014-06-06,0.8900,0.9000,0.8850,0.9000,6146,0
D,2014-06-05,0.8850,0.8950,0.8800,0.8950,5891,0
D,2014-06-04,0.8750,0.9000,0.8650,0.8850,12587,0
D,2014-06-03,0.8700,0.8700,0.8600,0.8700,2523,0
D,2014-06-02,0.8650,0.8800,0.8600,0.8750,10860,0
D,2014-05-30,0.8450,0.8600,0.8450,0.8550,1638,0
D,2014-05-29,0.8500,0.8600,0.8500,0.8500,754,0
D,2014-05-28,0.8600,0.8600,0.8450,0.8500,401,0
D,2014-05-27,0.8550,0.8600,0.8550,0.8600,4363,0
D,2014-05-26,0.8650,0.8650,0.8500,0.8550,5685,0
D,2014-05-23,0.8600,0.8600,0.8450,0.8500,4534,0
D,2014-05-22,0.8450,0.8500,0.8450,0.8450,9179,0
D,2014-05-21,0.8650,0.8650,0.8450,0.8450,18940,0
D,2014-05-20,0.8650,0.8700,0.8600,0.8600,4190,0
D,2014-05-19,0.8450,0.8650,0.8450,0.8650,11147,0
D,2014-05-16,0.8500,0.8550,0.8400,0.8500,7536,0
D,2014-05-15,0.8700,0.8700,0.8400,0.8500,4198,0
D,2014-05-14,0.8650,0.8650,0.8600,0.8600,2147,0
D,2014-05-12,0.8700,0.8700,0.8650,0.8650,1037,0
D,2014-05-09,0.8650,0.8750,0.8650,0.8700,1070,0
D,2014-05-08,0.8550,0.8750,0.8500,0.8650,3846,0
D,2014-05-07,0.8500,0.8600,0.8500,0.8550,6245,0
D,2014-05-06,0.8550,0.8600,0.8500,0.8500,13980,0
D,2014-05-05,0.8600,0.8650,0.8550,0.8550,15087,0
D,2014-05-02,0.8650,0.8650,0.8500,0.8600,10144,0
D,2014-04-30,0.8700,0.8700,0.8650,0.8650,3453,0
D,2014-04-29,0.8750,0.8750,0.8500,0.8700,16141,0
D,2014-04-28,0.8800,0.8800,0.8700,0.8750,2947,0
D,2014-04-25,0.8800,0.8800,0.8700,0.8800,2162,0
D,2014-04-24,0.8950,0.8950,0.8800,0.8800,7958,0
D,2014-04-23,0.8600,0.8950,0.8600,0.8900,14181,0
D,2014-04-22,0.8600,0.8600,0.8600,0.8600,5113,0
D,2014-04-21,0.8550,0.8650,0.8550,0.8650,4820,0
D,2014-04-18,0.8700,0.8700,0.8500,0.8500,9445,0
D,2014-04-17,0.8750,0.8800,0.8600,0.8600,10150,0
D,2014-04-16,0.8350,0.8700,0.8350,0.8700,40058,0
D,2014-04-15,0.8400,0.8400,0.8350,0.8350,6244,0
D,2014-04-14,0.8500,0.8500,0.8400,0.8400,3304,0
D,2014-04-11,0.8500,0.8600,0.8450,0.8550,9543,0
D,2014-04-10,0.8500,0.8550,0.8450,0.8550,12289,0
D,2014-04-09,0.8450,0.8500,0.8400,0.8400,2242,0
D,2014-04-08,0.8550,0.8550,0.8450,0.8500,3885,0
D,2014-04-07,0.8300,0.8550,0.8250,0.8500,10988,0
D,2014-04-04,0.8450,0.8450,0.8350,0.8350,3994,0
D,2014-04-03,0.8450,0.8450,0.8400,0.8400,4161,0
D,2014-04-02,0.8550,0.8650,0.8500,0.8550,7661,0
D,2014-04-01,0.8450,0.8600,0.8400,0.8550,5316,0
D,2014-03-31,0.8550,0.8550,0.8400,0.8450,5152,0
D,2014-03-28,0.8550,0.8550,0.8450,0.8500,4064,0
D,2014-03-27,0.8600,0.8600,0.8500,0.8550,2915,0
D,2014-03-26,0.8650,0.8650,0.8600,0.8600,5611,0
D,2014-03-25,0.8450,0.8700,0.8450,0.8550,15247,0
D,2014-03-24,0.8600,0.8600,0.8350,0.8450,8403,0
D,2014-03-21,0.8700,0.8700,0.8500,0.8500,7801,0
D,2014-03-20,0.8800,0.8800,0.8650,0.8650,9963,0
D,2014-03-19,0.8350,0.8900,0.8350,0.8850,46000,0
D,2014-03-18,0.8350,0.8400,0.8300,0.8350,2871,0
D,2014-03-17,0.8300,0.8350,0.8250,0.8350,6645,0
D,2014-03-14,0.8300,0.8300,0.8200,0.8300,1727,0
D,2014-03-13,0.8300,0.8400,0.8250,0.8300,7112,0
D,2014-03-12,0.8350,0.8400,0.8300,0.8400,4165,0
D,2014-03-11,0.8250,0.8400,0.8200,0.8350,14830,0
D,2014-03-10,0.8200,0.8250,0.8200,0.8200,1234,0
D,2014-03-07,0.8200,0.8250,0.8200,0.8250,2392,0
D,2014-03-06,0.8100,0.8200,0.8100,0.8200,3517,0
D,2014-03-05,0.8150,0.8200,0.8050,0.8100,2346,0
D,2014-03-04,0.8150,0.8150,0.8050,0.8100,10998,0
D,2014-03-03,0.8200,0.8300,0.8150,0.8150,5849,0
D,2014-02-28,0.8250,0.8300,0.8250,0.8300,6194,0
D,2014-02-27,0.8350,0.8350,0.8250,0.8250,4656,0
D,2014-02-26,0.8300,0.8350,0.8250,0.8350,4985,0
D,2014-02-25,0.8350,0.8350,0.8250,0.8300,11579,0
D,2014-02-24,0.8150,0.8400,0.8150,0.8300,10086,0
D,2014-02-21,0.8150,0.8150,0.8050,0.8100,10801,0
D,2014-02-20,0.8150,0.8200,0.8100,0.8150,5043,0
D,2014-02-19,0.8250,0.8250,0.8150,0.8150,4930,0
D,2014-02-18,0.8250,0.8250,0.8200,0.8250,2178,0
D,2014-02-17,0.8300,0.8350,0.8200,0.8250,9684,0
D,2014-02-14,0.8350,0.8400,0.8300,0.8300,4609,0
D,2014-02-13,0.8200,0.8350,0.8200,0.8300,10269,0
D,2014-02-12,0.8300,0.8350,0.8200,0.8200,9833,0
D,2014-02-11,0.8350,0.8350,0.8150,0.8200,14780,0
D,2014-02-10,0.8300,0.8450,0.8300,0.8400,14326,0
D,2014-02-07,0.8450,0.8450,0.8250,0.8250,7334,0
D,2014-02-06,0.8400,0.8400,0.8300,0.8400,14293,0
D,2014-02-05,0.8450,0.8450,0.8300,0.8350,11791,0
D,2014-02-04,0.8000,0.8500,0.8000,0.8400,10507,0
D,2014-01-30,0.8350,0.8350,0.8250,0.8300,2355,0
D,2014-01-29,0.8400,0.8550,0.8350,0.8400,6136,0
D,2014-01-28,0.8100,0.8300,0.8100,0.8300,17275,0
D,2014-01-27,0.8300,0.8300,0.8050,0.8100,22778,0
D,2014-01-24,0.8100,0.8350,0.8000,0.8300,27473,0
D,2014-01-23,0.8000,0.8200,0.7950,0.8100,17835,0
D,2014-01-22,0.8250,0.8250,0.7900,0.7950,14050,0
D,2014-01-21,0.8400,0.8550,0.8250,0.8300,7340,0
D,2014-01-20,0.8650,0.8700,0.8350,0.8400,4316,0
D,2014-01-16,0.8500,0.9700,0.8500,0.8600,99110,0
D,2014-01-15,0.8700,0.8750,0.8500,0.8500,11258,0
D,2014-01-13,0.8150,0.8850,0.8150,0.8700,27717,0
D,2014-01-10,0.7900,0.8200,0.7900,0.8100,16092,0
D,2014-01-09,0.7850,0.7900,0.7800,0.7900,2519,0
D,2014-01-08,0.7800,0.7900,0.7800,0.7850,1614,0
D,2014-01-07,0.7800,0.7900,0.7750,0.7800,5021,0
D,2014-01-06,0.7700,0.7800,0.7600,0.7750,5642,0
D,2014-01-03,0.7550,0.7600,0.7500,0.7550,2431,0
D,2014-01-02,0.7450,0.7700,0.7450,0.7650,7423,0
D,2013-12-31,0.7500,0.7500,0.7400,0.7500,1963,0
D,2013-12-30,0.7600,0.7700,0.7450,0.7450,1784,0
D,2013-12-27,0.7400,0.7450,0.7400,0.7400,793,0
D,2013-12-26,0.7350,0.7450,0.7350,0.7400,585,0
D,2013-12-24,0.7350,0.7450,0.7350,0.7350,1737,0
D,2013-12-23,0.7500,0.7500,0.7350,0.7350,5346,0
D,2013-12-20,0.7500,0.7500,0.7350,0.7350,6820,0
D,2013-12-19,0.7400,0.7500,0.7400,0.7500,12665,0
D,2013-12-18,0.7450,0.7450,0.7350,0.7450,2180,0
D,2013-12-17,0.7500,0.7550,0.7500,0.7500,13396,0
D,2013-12-16,0.7550,0.7650,0.7200,0.7500,56984,0
D,2013-12-13,0.7450,0.7500,0.7450,0.7500,2496,0
D,2013-12-12,0.7450,0.7550,0.7350,0.7550,15427,0
D,2013-12-11,0.7500,0.7500,0.7450,0.7500,1036,0
D,2013-12-10,0.7400,0.7550,0.7400,0.7550,9146,0
D,2013-12-09,0.7400,0.7450,0.7300,0.7450,5377,0
D,2013-12-06,0.7400,0.7500,0.7400,0.7450,11530,0
D,2013-12-05,0.7200,0.7400,0.7150,0.7350,12537,0
D,2013-12-04,0.7100,0.7250,0.7100,0.7250,8758,0
D,2013-12-03,0.7050,0.7200,0.7050,0.7100,3643,0
D,2013-12-02,0.7050,0.7200,0.6950,0.7200,15867,0
D,2013-11-29,0.6950,0.7150,0.6950,0.7000,11571,0
D,2013-11-28,0.6800,0.6900,0.6800,0.6900,7243,0
D,2013-11-27,0.6750,0.6800,0.6750,0.6800,3654,0
D,2013-11-26,0.6600,0.6750,0.6600,0.6750,7937,0
D,2013-11-25,0.6600,0.6700,0.6600,0.6700,6806,0
D,2013-11-22,0.6550,0.6650,0.6550,0.6600,2311,0
D,2013-11-21,0.6700,0.6700,0.6500,0.6600,4898,0
D,2013-11-20,0.6500,0.6500,0.6450,0.6500,3242,0
D,2013-11-19,0.6500,0.6550,0.6450,0.6500,3302,0
D,2013-11-18,0.6350,0.6500,0.6350,0.6400,6573,0
D,2013-11-15,0.6400,0.6450,0.6350,0.6350,5318,0
D,2013-11-14,0.6450,0.6450,0.6400,0.6450,6055,0
D,2013-11-13,0.6500,0.6550,0.6450,0.6500,13413,0
D,2013-11-12,0.6650,0.6650,0.6550,0.6600,9539,0
D,2013-11-11,0.6800,0.6800,0.6700,0.6750,5524,0
D,2013-11-08,0.6500,0.6750,0.6500,0.6750,3252,0
D,2013-11-07,0.6550,0.6700,0.6500,0.6550,2385,0
D,2013-11-06,0.6500,0.6550,0.6450,0.6550,3475,0
D,2013-11-04,0.6650,0.6700,0.6400,0.6500,7231,0
D,2013-11-01,0.6750,0.6800,0.6650,0.6650,2676,0
D,2013-10-31,0.6850,0.6850,0.6700,0.6700,10534,0
D,2013-10-30,0.6900,0.6950,0.6800,0.6850,19310,0
D,2013-10-29,0.6900,0.7000,0.6850,0.6900,20298,0
D,2013-10-28,0.6950,0.7050,0.6900,0.6900,13948,0
D,2013-10-25,0.6650,0.6900,0.6650,0.6900,27873,0
D,2013-10-24,0.6650,0.6700,0.6650,0.6650,1287,0
D,2013-10-23,0.6650,0.6700,0.6650,0.6650,10531,0
D,2013-10-22,0.6650,0.6750,0.6650,0.6700,6748,0
D,2013-10-21,0.6600,0.6750,0.6600,0.6750,1568,0
D,2013-10-18,0.6600,0.6650,0.6550,0.6650,2041,0
D,2013-10-17,0.6650,0.6700,0.6600,0.6650,10037,0
D,2013-10-16,0.6600,0.6650,0.6550,0.6550,9491,0
D,2013-10-14,0.6550,0.6550,0.6450,0.6550,4914,0
D,2013-10-11,0.6500,0.6550,0.6450,0.6450,2591,0
D,2013-10-10,0.6550,0.6600,0.6500,0.6550,11220,0
D,2013-10-09,0.6600,0.6700,0.6500,0.6600,5952,0
D,2013-10-08,0.6650,0.6700,0.6600,0.6600,6945,0
D,2013-10-07,0.6750,0.6750,0.6600,0.6600,16984,0
D,2013-10-04,0.6450,0.6750,0.6450,0.6650,86166,0
D,2013-10-03,0.6400,0.6550,0.6350,0.6500,17387,0
D,2013-10-02,0.6300,0.6450,0.6250,0.6450,26149,0
D,2013-10-01,0.6350,0.6400,0.6350,0.6350,3898,0
D,2013-09-30,0.6400,0.6400,0.6300,0.6400,5437,0
D,2013-09-27,0.6350,0.6400,0.6250,0.6400,11910,0
D,2013-09-26,0.6550,0.6600,0.6450,0.6450,26093,0
D,2013-09-25,0.6550,0.6650,0.6450,0.6650,108020,0
D,2013-09-24,0.6350,0.6600,0.6250,0.6550,61812,0
D,2013-09-23,0.6200,0.6600,0.6150,0.6400,259849,0
D,2013-09-20,0.6150,0.6200,0.6150,0.6200,27490,0
D,2013-09-19,0.6150,0.6200,0.6100,0.6200,12593,0
D,2013-09-18,0.6050,0.6150,0.6050,0.6100,9444,0
D,2013-09-17,0.6050,0.6100,0.6050,0.6050,8232,0
D,2013-09-13,0.6050,0.6100,0.6000,0.6100,5797,0
D,2013-09-12,0.6050,0.6100,0.6000,0.6100,8440,0
D,2013-09-11,0.5950,0.6150,0.5950,0.6050,43450,0
D,2013-09-10,0.5900,0.5950,0.5850,0.5900,14328,0
D,2013-09-09,0.5750,0.5900,0.5700,0.5900,7109,0
D,2013-09-06,0.5700,0.5700,0.5650,0.5700,3410,0
D,2013-09-05,0.5700,0.5750,0.5650,0.5700,1916,0
D,2013-09-04,0.5650,0.5700,0.5600,0.5700,10105,0
D,2013-09-03,0.5700,0.5700,0.5650,0.5700,482,0
D,2013-09-02,0.5600,0.5700,0.5600,0.5650,2962,0
D,2013-08-30,0.5550,0.5700,0.5550,0.5650,7416,0
D,2013-08-29,0.5400,0.5550,0.5400,0.5550,3158,0
D,2013-08-28,0.5400,0.5450,0.5250,0.5400,12689,0
D,2013-08-27,0.5550,0.5550,0.5400,0.5500,11817,0
D,2013-08-26,0.5600,0.5650,0.5550,0.5550,3665,0
D,2013-08-23,0.5600,0.5650,0.5550,0.5650,3493,0
D,2013-08-22,0.5600,0.5600,0.5550,0.5600,18579,0
D,2013-08-21,0.5700,0.5750,0.5600,0.5650,1900,0
D,2013-08-20,0.5750,0.5850,0.5600,0.5700,15116,0
D,2013-08-19,0.5800,0.5800,0.5750,0.5750,1985,0
D,2013-08-16,0.5800,0.5800,0.5750,0.5800,1635,0
D,2013-08-15,0.5900,0.5900,0.5800,0.5800,3198,0
D,2013-08-14,0.5800,0.5950,0.5750,0.5900,6038,0
D,2013-08-13,0.5900,0.5900,0.5750,0.5800,6388,0
D,2013-08-12,0.5950,0.5950,0.5850,0.5900,2545,0
D,2013-08-07,0.6000,0.6000,0.5800,0.5900,6804,0
D,2013-08-06,0.5850,0.6150,0.5850,0.6000,36214,0
D,2013-08-05,0.5600,0.5900,0.5600,0.5750,63037,0
D,2013-08-02,0.5600,0.5650,0.5600,0.5600,11183,0
D,2013-08-01,0.5650,0.5650,0.5550,0.5600,3243,0
D,2013-07-31,0.5600,0.5600,0.5550,0.5550,9425,0
D,2013-07-30,0.5650,0.5650,0.5600,0.5650,2558,0
D,2013-07-29,0.5700,0.5700,0.5600,0.5600,4191,0
D,2013-07-26,0.5650,0.5650,0.5650,0.5650,1655,0
D,2013-07-25,0.5700,0.5700,0.5600,0.5650,1930,0
D,2013-07-24,0.5650,0.5700,0.5650,0.5700,3813,0
D,2013-07-23,0.5550,0.5600,0.5550,0.5600,6484,0
D,2013-07-22,0.5550,0.5550,0.5550,0.5550,7040,0
D,2013-07-19,0.5550,0.5550,0.5500,0.5550,3301,0
D,2013-07-18,0.5500,0.5600,0.5500,0.5500,3430,0
D,2013-07-17,0.5500,0.5600,0.5450,0.5500,1820,0
D,2013-07-16,0.5500,0.5550,0.5500,0.5500,4970,0
D,2013-07-15,0.5500,0.5500,0.5450,0.5450,1865,0
D,2013-07-12,0.5550,0.5550,0.5450,0.5500,4037,0
D,2013-07-11,0.5450,0.5550,0.5450,0.5500,1575,0
D,2013-07-10,0.5400,0.5400,0.5400,0.5400,214,0
D,2013-07-09,0.5400,0.5400,0.5400,0.5400,2092,0
D,2013-07-08,0.5400,0.5400,0.5350,0.5350,5022,0
D,2013-07-05,0.5400,0.5450,0.5350,0.5400,5917,0
D,2013-07-04,0.5350,0.5400,0.5350,0.5400,771,0
D,2013-07-03,0.5300,0.5450,0.5300,0.5300,4595,0
D,2013-07-02,0.5400,0.5450,0.5300,0.5300,5211,0
D,2013-07-01,0.5500,0.5550,0.5400,0.5500,5037,0
D,2013-06-28,0.5500,0.5550,0.5450,0.5500,6193,0
D,2013-06-27,0.5600,0.5600,0.5450,0.5500,7899,0
D,2013-06-26,0.5500,0.5550,0.5500,0.5550,3887,0
D,2013-06-25,0.5550,0.5600,0.5500,0.5500,5338,0
D,2013-06-24,0.5500,0.5700,0.5500,0.5600,8335,0
D,2013-06-21,0.5500,0.5500,0.5300,0.5450,17905,0
D,2013-06-20,0.5450,0.5500,0.5400,0.5500,2488,0
D,2013-06-19,0.5700,0.5700,0.5450,0.5550,7935,0
D,2013-06-18,0.5650,0.5700,0.5600,0.5650,5354,0
D,2013-06-17,0.5500,0.5700,0.5500,0.5600,7689,0
D,2013-06-14,0.5450,0.5500,0.5450,0.5500,14249,0
D,2013-06-13,0.5450,0.5500,0.5350,0.5400,13451,0
D,2013-06-12,0.5350,0.5450,0.5350,0.5450,6152,0
D,2013-06-11,0.5200,0.5400,0.5150,0.5350,12324,0
D,2013-06-10,0.5100,0.5200,0.5050,0.5200,2518,0
D,2013-06-07,0.5100,0.5100,0.5050,0.5100,2458,0
D,2013-06-06,0.5100,0.5100,0.5050,0.5100,3903,0
D,2013-06-05,0.5200,0.5200,0.5100,0.5150,2021,0
D,2013-06-04,0.5250,0.5250,0.5200,0.5200,2014,0
D,2013-06-03,0.5250,0.5250,0.5200,0.5250,1931,0
D,2013-05-31,0.5350,0.5350,0.5250,0.5300,3129,0
D,2013-05-30,0.5250,0.5300,0.5250,0.5300,1886,0
D,2013-05-29,0.5300,0.5350,0.5200,0.5200,3155,0
D,2013-05-28,0.5200,0.5350,0.5200,0.5300,4002,0
D,2013-05-27,0.5250,0.5250,0.5200,0.5200,1761,0
D,2013-05-23,0.5300,0.5300,0.5100,0.5100,13971,0
D,2013-05-22,0.5550,0.5550,0.5250,0.5250,7197,0
D,2013-05-21,0.5250,0.5600,0.5250,0.5500,13495,0
D,2013-05-20,0.5100,0.5250,0.5050,0.5200,7185,0
D,2013-05-17,0.5000,0.5050,0.5000,0.5000,1150,0
D,2013-05-16,0.5050,0.5050,0.5000,0.5000,3255,0
D,2013-05-15,0.5050,0.5050,0.5050,0.5050,2370,0
D,2013-05-14,0.5000,0.5050,0.5000,0.5050,8731,0
D,2013-05-13,0.4950,0.5000,0.4900,0.5000,3323,0
D,2013-05-10,0.4950,0.4950,0.4950,0.4950,3240,0
D,2013-05-09,0.4900,0.4950,0.4900,0.4900,2005,0
D,2013-05-08,0.4900,0.4950,0.4900,0.4900,5280,0
D,2013-05-07,0.4800,0.4900,0.4800,0.4900,8129,0
D,2013-05-06,0.4700,0.4800,0.4700,0.4800,462,0
D,2013-05-03,0.4650,0.4700,0.4650,0.4700,10861,0
D,2013-05-02,0.4700,0.4700,0.4650,0.4650,1655,0
D,2013-04-30,0.4750,0.4750,0.4750,0.4750,3302,0
D,2013-04-29,0.4800,0.4800,0.4750,0.4800,1223,0
D,2013-04-26,0.4800,0.4850,0.4800,0.4800,798,0
D,2013-04-25,0.4800,0.4850,0.4800,0.4800,338,0
D,2013-04-24,0.4850,0.4850,0.4750,0.4750,1947,0
D,2013-04-23,0.4800,0.4850,0.4800,0.4800,1950,0
D,2013-04-22,0.4900,0.4950,0.4800,0.4800,21272,0
D,2013-04-19,0.4850,0.4850,0.4800,0.4850,3091,0
D,2013-04-18,0.4800,0.4850,0.4800,0.4850,3119,0
D,2013-04-17,0.4800,0.4850,0.4800,0.4800,2837,0
D,2013-04-16,0.4800,0.4850,0.4750,0.4800,2610,0
D,2013-04-15,0.4800,0.4900,0.4800,0.4800,10353,0
D,2013-04-12,0.4650,0.4800,0.4650,0.4800,11746,0
D,2013-04-11,0.4600,0.4650,0.4600,0.4650,12178,0
D,2013-04-10,0.4700,0.4700,0.4650,0.4650,6098,0
D,2013-04-09,0.4600,0.4650,0.4600,0.4650,18008,0
D,2013-04-08,0.4600,0.4600,0.4600,0.4600,6340,0
D,2013-04-05,0.4600,0.4600,0.4600,0.4600,1285,0
D,2013-04-04,0.4600,0.4600,0.4600,0.4600,10830,0
D,2013-04-03,0.4550,0.4600,0.4550,0.4600,2365,0
D,2013-04-02,0.4550,0.4600,0.4550,0.4600,5020,0
D,2013-04-01,0.4600,0.4600,0.4600,0.4600,1028,0
D,2013-03-29,0.4600,0.4600,0.4600,0.4600,1828,0
D,2013-03-28,0.4600,0.4700,0.4550,0.4600,5259,0
D,2013-03-27,0.4550,0.4600,0.4550,0.4600,138,0
D,2013-03-26,0.4600,0.4600,0.4600,0.4600,366,0
D,2013-03-25,0.4600,0.4600,0.4600,0.4600,432,0
D,2013-03-22,0.4600,0.4600,0.4600,0.4600,11156,0
D,2013-03-21,0.4750,0.4750,0.4600,0.4600,10804,0
D,2013-03-20,0.4850,0.4900,0.4750,0.4750,8530,0
D,2013-03-19,0.4850,0.4850,0.4800,0.4800,2938,0
D,2013-03-18,0.4900,0.4900,0.4800,0.4850,1640,0
D,2013-03-15,0.4850,0.4900,0.4850,0.4900,1320,0
D,2013-03-14,0.4900,0.4900,0.4900,0.4900,3830,0
D,2013-03-13,0.4900,0.4950,0.4850,0.4900,7685,0
D,2013-03-12,0.4800,0.4850,0.4800,0.4850,5109,0
D,2013-03-11,0.4800,0.4950,0.4800,0.4800,12716,0
D,2013-03-08,0.4750,0.4800,0.4750,0.4750,2677,0
D,2013-03-07,0.4750,0.4750,0.4700,0.4750,2936,0
D,2013-03-06,0.4750,0.4800,0.4700,0.4750,1864,0
D,2013-03-05,0.4750,0.4750,0.4700,0.4750,670,0
D,2013-03-04,0.4750,0.4750,0.4700,0.4750,1940,0
D,2013-03-01,0.4700,0.4750,0.4700,0.4750,1527,0
D,2013-02-28,0.4650,0.4700,0.4650,0.4700,2157,0
D,2013-02-27,0.4600,0.4600,0.4600,0.4600,2465,0
D,2013-02-26,0.4600,0.4600,0.4550,0.4550,570,0
D,2013-02-25,0.4550,0.4550,0.4550,0.4550,2936,0
D,2013-02-22,0.4550,0.4600,0.4550,0.4550,1776,0
D,2013-02-21,0.4550,0.4550,0.4550,0.4550,8818,0
D,2013-02-20,0.4600,0.4600,0.4550,0.4550,2220,0
D,2013-02-19,0.4600,0.4600,0.4550,0.4600,700,0
D,2013-02-18,0.4600,0.4600,0.4600,0.4600,4258,0
D,2013-02-15,0.4600,0.4650,0.4600,0.4600,1405,0
D,2013-02-14,0.4650,0.4650,0.4550,0.4600,250,0
D,2013-02-13,0.4600,0.4650,0.4600,0.4650,150,0
D,2013-02-08,0.4600,0.4650,0.4600,0.4600,2650,0
D,2013-02-07,0.4600,0.4600,0.4600,0.4600,3200,0
D,2013-02-06,0.4650,0.4650,0.4600,0.4600,6047,0
D,2013-02-05,0.4600,0.4650,0.4600,0.4600,6160,0
D,2013-02-04,0.4500,0.4600,0.4500,0.4600,6331,0
D,2013-01-31,0.4450,0.4500,0.4450,0.4500,1390,0
D,2013-01-30,0.4500,0.4550,0.4400,0.4450,3800,0
D,2013-01-29,0.4550,0.4550,0.4500,0.4500,1400,0
D,2013-01-25,0.4600,0.4600,0.4550,0.4550,535,0
D,2013-01-23,0.4600,0.4650,0.4550,0.4600,1230,0
D,2013-01-22,0.4550,0.4550,0.4500,0.4550,4160,0
D,2013-01-21,0.4700,0.4700,0.4500,0.4600,10116,0
D,2013-01-18,0.4650,0.4700,0.4600,0.4700,1960,0
D,2013-01-17,0.4700,0.4750,0.4650,0.4650,3865,0
D,2013-01-16,0.4750,0.4750,0.4700,0.4700,2844,0
D,2013-01-15,0.4700,0.4800,0.4700,0.4750,2534,0
D,2013-01-14,0.4650,0.4800,0.4600,0.4750,15141,0
D,2013-01-11,0.4550,0.4650,0.4550,0.4600,3821,0
D,2013-01-10,0.4550,0.4650,0.4550,0.4550,1492,0
D,2013-01-09,0.4600,0.4600,0.4550,0.4550,4306,0
D,2013-01-08,0.4600,0.4600,0.4600,0.4600,4800,0
D,2013-01-07,0.4600,0.4600,0.4600,0.4600,3020,0
D,2013-01-04,0.4600,0.4700,0.4600,0.4600,5450,0
D,2013-01-03,0.4600,0.4700,0.4600,0.4650,5793,0
D,2013-01-02,0.4500,0.4600,0.4450,0.4550,4657,0
D,2012-12-31,0.4300,0.4550,0.4300,0.4450,28305,0
D,2012-12-28,0.4350,0.4400,0.4300,0.4300,31134,0
D,2012-12-27,0.4400,0.4400,0.4350,0.4350,36024,0
D,2012-12-26,0.4400,0.4450,0.4350,0.4350,25392,0
D,2012-12-24,0.4400,0.4500,0.4350,0.4350,48671,0
D,2012-12-21,0.4400,0.4450,0.4400,0.4400,40413,0
D,2012-12-20,0.4500,0.4500,0.4400,0.4450,40342,0
D,2012-12-19,0.4550,0.4600,0.4400,0.4450,56623,0
D,2012-12-18,0.4400,0.5050,0.4350,0.4500,232899,0
D,2012-12-17,0.4400,0.4400,0.4350,0.4350,8601,0
D,2012-12-14,0.4400,0.4400,0.4350,0.4350,53883,0
D,2012-12-13,0.4300,0.4400,0.4250,0.4350,16131,0
D,2012-12-12,0.4300,0.4400,0.4250,0.4350,53478,0
D,2012-12-11,0.4300,0.4300,0.4250,0.4300,1050,0
D,2012-12-10,0.4250,0.4300,0.4250,0.4250,19410,0
D,2012-12-07,0.4300,0.4300,0.4300,0.4300,1700,0
D,2012-12-06,0.4300,0.4300,0.4300,0.4300,930,0
D,2012-12-05,0.4350,0.4350,0.4200,0.4300,11132,0
D,2012-12-04,0.4350,0.4350,0.4350,0.4350,840,0
D,2012-12-03,0.4350,0.4400,0.4350,0.4350,8540,0
D,2012-11-30,0.4400,0.4400,0.4350,0.4400,1185,0
D,2012-11-29,0.4400,0.4400,0.4400,0.4400,0,0
D,2012-11-28,0.4400,0.4400,0.4400,0.4400,1500,0
D,2012-11-27,0.4350,0.4400,0.4350,0.4400,550,0
D,2012-11-26,0.4350,0.4400,0.4350,0.4400,2200,0
D,2012-11-23,0.4400,0.4400,0.4350,0.4350,10506,0
D,2012-11-22,0.4350,0.4400,0.4300,0.4400,2307,0
D,2012-11-21,0.4400,0.4400,0.4300,0.4350,11017,0
D,2012-11-20,0.4450,0.4450,0.4400,0.4400,4283,0
D,2012-11-19,0.4450,0.4450,0.4450,0.4450,730,0
D,2012-11-16,0.4450,0.4450,0.4400,0.4400,5464,0
D,2012-11-14,0.4450,0.4450,0.4400,0.4450,10508,0
D,2012-11-12,0.4450,0.4450,0.4400,0.4450,12384,0
D,2012-11-09,0.4450,0.4450,0.4400,0.4450,1120,0
D,2012-11-08,0.4400,0.4450,0.4400,0.4400,8018,0
D,2012-11-07,0.4400,0.4450,0.4400,0.4400,24530,0
D,2012-11-06,0.4450,0.4450,0.4450,0.4450,344,0
D,2012-11-05,0.4450,0.4450,0.4450,0.4450,7850,0
D,2012-11-02,0.4500,0.4500,0.4450,0.4450,11067,0
D,2012-11-01,0.4550,0.4550,0.4450,0.4500,10975,0
D,2012-10-31,0.4450,0.4450,0.4400,0.4400,5148,0
D,2012-10-30,0.4550,0.4550,0.4450,0.4450,12691,0
D,2012-10-29,0.4550,0.4550,0.4450,0.4500,12162,0
D,2012-10-25,0.4500,0.4500,0.4450,0.4500,2786,0
D,2012-10-24,0.4500,0.4500,0.4500,0.4500,1000,0
D,2012-10-23,0.4500,0.4500,0.4500,0.4500,3040,0
D,2012-10-22,0.4500,0.4500,0.4450,0.4500,388,0
D,2012-10-19,0.4500,0.4500,0.4500,0.4500,1065,0
D,2012-10-18,0.4500,0.4500,0.4500,0.4500,5300,0
D,2012-10-17,0.4450,0.4500,0.4400,0.4500,3875,0
D,2012-10-16,0.4450,0.4450,0.4450,0.4450,2490,0
D,2012-10-15,0.4500,0.4500,0.4450,0.4450,2903,0
D,2012-10-12,0.4500,0.4500,0.4500,0.4500,5780,0
D,2012-10-11,0.4500,0.4500,0.4450,0.4500,9898,0
D,2012-10-10,0.4500,0.4500,0.4500,0.4500,4900,0
D,2012-10-09,0.4550,0.4550,0.4500,0.4500,5340,0
D,2012-10-08,0.4500,0.4600,0.4500,0.4500,4890,0
D,2012-10-05,0.4500,0.4500,0.4500,0.4500,500,0
D,2012-10-04,0.4600,0.4600,0.4500,0.4500,13156,0
D,2012-10-03,0.4550,0.4550,0.4550,0.4550,370,0
D,2012-05-03,0.4950,0.4950,0.4900,0.4900,760,0
D,2012-05-02,0.4950,0.4950,0.4900,0.4900,311,0
