D,2014-10-14,0.3150,0.3500,0.3100,0.3400,68100,0
D,2014-10-13,0.3100,0.3300,0.3050,0.3150,59456,0
D,2014-10-10,0.2950,0.3000,0.2950,0.3000,18594,0
D,2014-10-09,0.3000,0.3050,0.3000,0.3050,22320,0
D,2014-10-08,0.3050,0.3050,0.2800,0.2900,41762,0
D,2014-10-07,0.3400,0.3400,0.3000,0.3100,37700,0
D,2014-10-03,0.3400,0.3450,0.3350,0.3400,14454,0
D,2014-10-02,0.3450,0.3450,0.3350,0.3400,19229,0
D,2014-10-01,0.3500,0.3550,0.3400,0.3500,23765,0
D,2014-09-30,0.3650,0.3650,0.3450,0.3450,57489,0
D,2014-09-29,0.3650,0.3700,0.3550,0.3650,29717,0
D,2014-09-26,0.3650,0.3800,0.3500,0.3650,36553,0
D,2014-09-25,0.3750,0.3900,0.3700,0.3700,64004,0
D,2014-09-24,0.3600,0.3950,0.3550,0.3850,265952,0
D,2014-09-23,0.3450,0.3600,0.3400,0.3550,31856,0
D,2014-09-22,0.3400,0.3550,0.3400,0.3500,47680,0
D,2014-09-19,0.3350,0.3500,0.3350,0.3350,58677,0
D,2014-09-18,0.3300,0.3300,0.3250,0.3300,15691,0
D,2014-09-17,0.3350,0.3350,0.3300,0.3300,5090,0
D,2014-09-15,0.3400,0.3400,0.3300,0.3350,9143,0
D,2014-09-12,0.3300,0.3500,0.3250,0.3350,61060,0
D,2014-09-11,0.3250,0.3300,0.3250,0.3300,7441,0
D,2014-09-10,0.3300,0.3300,0.3200,0.3250,8400,0
D,2014-09-09,0.3400,0.3450,0.3300,0.3300,26115,0
D,2014-09-08,0.3250,0.3400,0.3250,0.3400,46951,0
D,2014-09-05,0.3200,0.3250,0.3150,0.3250,8916,0
D,2014-09-04,0.3300,0.3300,0.3200,0.3200,19581,0
D,2014-09-03,0.3350,0.3350,0.3150,0.3250,41738,0
D,2014-09-02,0.3350,0.3500,0.3300,0.3300,39442,0
D,2014-08-29,0.3450,0.3450,0.3300,0.3350,20648,0
D,2014-08-28,0.3650,0.3650,0.3450,0.3450,30137,0
D,2014-08-27,0.3500,0.3700,0.3450,0.3600,166507,0
D,2014-08-26,0.3250,0.3550,0.3250,0.3450,132660,0
D,2014-08-25,0.3200,0.3300,0.3200,0.3250,27447,0
D,2014-08-22,0.3200,0.3200,0.3150,0.3200,13784,0
D,2014-08-21,0.3250,0.3250,0.3100,0.3200,13918,0
D,2014-08-20,0.3350,0.3600,0.3200,0.3200,183749,0
D,2014-08-19,0.3000,0.3200,0.3000,0.3200,39022,0
D,2014-08-18,0.3000,0.3000,0.2950,0.3000,4638,0
D,2014-08-15,0.3000,0.3000,0.3000,0.3000,3501,0
D,2014-08-14,0.3050,0.3100,0.3000,0.3050,9211,0
D,2014-08-13,0.2950,0.3050,0.2950,0.3050,9900,0
D,2014-08-12,0.2950,0.3000,0.2950,0.2950,5634,0
D,2014-08-11,0.3000,0.3050,0.2950,0.2950,6816,0
D,2014-08-08,0.3050,0.3050,0.2950,0.2950,18018,0
D,2014-08-07,0.3100,0.3100,0.3050,0.3050,3993,0
D,2014-08-06,0.3050,0.3250,0.3050,0.3050,16352,0
D,2014-08-05,0.3050,0.3050,0.3000,0.3000,4431,0
D,2014-08-04,0.3000,0.3100,0.3000,0.3050,9742,0
D,2014-08-01,0.3000,0.3050,0.3000,0.3000,6918,0
D,2014-07-31,0.3050,0.3100,0.2950,0.3100,25682,0
D,2014-07-30,0.3100,0.3100,0.3050,0.3050,10256,0
D,2014-07-25,0.3100,0.3150,0.3100,0.3100,9498,0
D,2014-07-24,0.3150,0.3150,0.3050,0.3100,8948,0
D,2014-07-23,0.3350,0.3400,0.3100,0.3150,51502,0
D,2014-07-22,0.3200,0.3350,0.3200,0.3300,65260,0
D,2014-07-21,0.3050,0.3200,0.3050,0.3150,39197,0
D,2014-07-18,0.2950,0.3000,0.2900,0.3000,3306,0
D,2014-07-17,0.2900,0.3050,0.2900,0.3000,23735,0
D,2014-07-16,0.2850,0.2900,0.2850,0.2900,9253,0
D,2014-07-14,0.2950,0.2950,0.2800,0.2850,14430,0
D,2014-07-11,0.3000,0.3000,0.2900,0.2950,7522,0
D,2014-07-10,0.3000,0.3050,0.2950,0.3000,7470,0
D,2014-07-09,0.3050,0.3050,0.3000,0.3050,11195,0
D,2014-07-08,0.3050,0.3100,0.3050,0.3100,10424,0
D,2014-07-07,0.3100,0.3100,0.3050,0.3050,7680,0
D,2014-07-04,0.3150,0.3150,0.3050,0.3150,8731,0
D,2014-07-03,0.3150,0.3200,0.3100,0.3150,11881,0
D,2014-07-02,0.3100,0.3250,0.3100,0.3100,31164,0
D,2014-07-01,0.3150,0.3150,0.3050,0.3100,10540,0
D,2014-06-30,0.3200,0.3250,0.3100,0.3150,20870,0
D,2014-06-27,0.3150,0.3250,0.3100,0.3150,29230,0
D,2014-06-26,0.3050,0.3200,0.3050,0.3150,19717,0
D,2014-06-25,0.3200,0.3200,0.3050,0.3050,20666,0
D,2014-06-24,0.3100,0.3250,0.3100,0.3150,37665,0
D,2014-06-23,0.3200,0.3200,0.3100,0.3100,18154,0
D,2014-06-20,0.3250,0.3250,0.3150,0.3200,27765,0
D,2014-06-19,0.3300,0.3350,0.3200,0.3200,114685,0
D,2014-06-18,0.3000,0.3250,0.3000,0.3200,189037,0
D,2014-06-17,0.2800,0.2950,0.2800,0.2950,22915,0
D,2014-06-16,0.2800,0.2800,0.2750,0.2800,9304,0
D,2014-06-13,0.2950,0.2950,0.2800,0.2850,12533,0
D,2014-06-12,0.3000,0.3100,0.2950,0.2950,64886,0
D,2014-06-11,0.2850,0.2900,0.2850,0.2900,11917,0
D,2014-06-10,0.2600,0.2900,0.2600,0.2850,23992,0
D,2014-06-09,0.2650,0.2650,0.2650,0.2650,1930,0
D,2014-06-06,0.2650,0.2700,0.2600,0.2650,592,0
D,2014-06-05,0.2650,0.2650,0.2650,0.2650,2530,0
D,2014-06-04,0.2650,0.2750,0.2600,0.2700,7055,0
D,2014-06-03,0.2700,0.2700,0.2600,0.2650,1971,0
D,2014-06-02,0.2750,0.2750,0.2700,0.2700,3071,0
D,2014-05-30,0.2800,0.2800,0.2750,0.2800,3757,0
D,2014-05-29,0.2800,0.2900,0.2750,0.2800,14171,0
D,2014-05-28,0.2750,0.2800,0.2750,0.2750,4355,0
D,2014-05-27,0.2700,0.2750,0.2700,0.2700,1060,0
D,2014-05-26,0.2750,0.2750,0.2700,0.2700,5856,0
D,2014-05-23,0.2750,0.2850,0.2700,0.2800,5395,0
D,2014-05-22,0.2800,0.2800,0.2750,0.2750,7770,0
D,2014-05-21,0.2800,0.2850,0.2800,0.2800,3290,0
D,2014-05-20,0.2900,0.2900,0.2750,0.2800,6975,0
D,2014-05-19,0.2850,0.2950,0.2850,0.2850,18963,0
D,2014-05-16,0.2750,0.2800,0.2700,0.2700,5165,0
D,2014-05-15,0.2750,0.2850,0.2700,0.2750,17991,0
D,2014-05-14,0.2800,0.2850,0.2750,0.2750,9378,0
D,2014-05-12,0.2950,0.2950,0.2800,0.2800,6330,0
D,2014-05-09,0.3000,0.3000,0.2800,0.2950,10959,0
D,2014-05-08,0.2950,0.3100,0.2950,0.3000,67556,0
D,2014-05-07,0.2650,0.2850,0.2650,0.2850,30689,0
D,2014-05-06,0.2500,0.2600,0.2400,0.2600,6407,0
D,2014-05-05,0.2400,0.2450,0.2400,0.2450,5253,0
D,2014-05-02,0.2450,0.2500,0.2400,0.2450,3792,0
D,2014-04-30,0.2400,0.2550,0.2400,0.2450,8421,0
D,2014-04-29,0.2650,0.2650,0.2350,0.2450,12360,0
D,2014-04-28,0.2750,0.2750,0.2650,0.2650,14559,0
D,2014-04-25,0.2750,0.2800,0.2700,0.2750,6706,0
D,2014-04-24,0.2750,0.2800,0.2700,0.2800,4130,0
D,2014-04-23,0.2900,0.2900,0.2750,0.2800,5610,0
D,2014-04-22,0.2850,0.2900,0.2850,0.2900,11826,0
D,2014-04-21,0.2950,0.2950,0.2850,0.2850,8332,0
D,2014-04-18,0.2800,0.2950,0.2800,0.2900,16721,0
D,2014-04-17,0.2900,0.2900,0.2800,0.2800,9618,0
D,2014-04-16,0.2750,0.2900,0.2700,0.2850,8609,0
D,2014-04-15,0.2750,0.2750,0.2650,0.2750,12437,0
D,2014-04-14,0.2900,0.2900,0.2750,0.2750,16930,0
D,2014-04-11,0.3000,0.3000,0.2900,0.2900,5982,0
D,2014-04-10,0.2950,0.3050,0.2900,0.3000,18893,0
D,2014-04-09,0.3150,0.3150,0.2900,0.2900,52939,0
D,2014-04-08,0.3200,0.3200,0.3100,0.3150,11649,0
D,2014-04-07,0.3250,0.3250,0.3150,0.3200,9024,0
D,2014-04-04,0.3300,0.3350,0.3200,0.3250,44536,0
D,2014-04-03,0.3050,0.3300,0.3050,0.3250,52473,0
D,2014-04-02,0.3050,0.3100,0.3000,0.3050,17235,0
D,2014-04-01,0.2950,0.3050,0.2950,0.3050,6118,0
D,2014-03-31,0.3050,0.3050,0.2950,0.3000,7591,0
D,2014-03-28,0.3100,0.3100,0.3000,0.3050,13865,0
D,2014-03-27,0.3000,0.3200,0.2950,0.3100,30234,0
D,2014-03-26,0.2900,0.3150,0.2900,0.3000,38145,0
D,2014-03-25,0.2800,0.2900,0.2800,0.2850,5497,0
D,2014-03-24,0.2850,0.2900,0.2800,0.2800,14510,0
D,2014-03-21,0.2950,0.2950,0.2850,0.2850,5767,0
D,2014-03-20,0.2850,0.3000,0.2850,0.2900,11803,0
D,2014-03-19,0.3050,0.3100,0.2800,0.2900,13221,0
D,2014-03-18,0.2650,0.3100,0.2600,0.3000,54955,0
D,2014-03-17,0.2700,0.2750,0.2600,0.2650,6920,0
D,2014-03-14,0.2750,0.2800,0.2600,0.2750,13268,0
D,2014-03-13,0.2850,0.3000,0.2800,0.2800,77325,0
D,2014-03-12,0.2300,0.2750,0.2250,0.2750,24478,0
D,2014-03-11,0.2300,0.2300,0.2250,0.2300,2105,0
D,2014-03-10,0.2250,0.2300,0.2200,0.2300,1903,0
D,2014-03-07,0.2400,0.2400,0.2300,0.2300,4263,0
D,2014-03-06,0.2400,0.2400,0.2400,0.2400,70,0
D,2014-03-05,0.2450,0.2450,0.2400,0.2450,3501,0
D,2014-03-04,0.2450,0.2450,0.2350,0.2450,1950,0
D,2014-03-03,0.2550,0.2550,0.2400,0.2400,5620,0
D,2014-02-28,0.2400,0.2600,0.2400,0.2500,13146,0
D,2014-02-27,0.2500,0.2500,0.2350,0.2400,10420,0
D,2014-02-26,0.2550,0.2550,0.2500,0.2500,9946,0
D,2014-02-25,0.2600,0.2800,0.2450,0.2650,16531,0
D,2014-02-24,0.2550,0.2550,0.2400,0.2550,7064,0
D,2014-02-21,0.2200,0.2750,0.2150,0.2600,9938,0
D,2014-02-20,0.2100,0.2150,0.2100,0.2150,3150,0
D,2014-02-19,0.2150,0.2200,0.1850,0.2100,4423,0
D,2014-02-18,0.2200,0.2250,0.2150,0.2250,4953,0
D,2014-02-17,0.2000,0.2400,0.2000,0.2300,8685,0
D,2014-02-14,0.1750,0.2000,0.1750,0.2000,5668,0
D,2014-02-13,0.1700,0.1750,0.1700,0.1750,2150,0
D,2014-02-12,0.1650,0.1700,0.1650,0.1700,2750,0
D,2014-02-11,0.1650,0.1650,0.1650,0.1650,510,0
D,2014-02-10,0.1650,0.1650,0.1650,0.1650,700,0
D,2014-02-07,0.1550,0.1550,0.1550,0.1550,0,0
D,2014-02-06,0.1550,0.1550,0.1550,0.1550,0,0
D,2014-02-05,0.1600,0.1600,0.1550,0.1550,85,0
D,2014-02-04,0.1550,0.1550,0.1550,0.1550,0,0
D,2014-01-30,0.1550,0.1550,0.1550,0.1550,0,0
D,2014-01-29,0.1550,0.1550,0.1550,0.1550,0,0
D,2014-01-28,0.1550,0.1550,0.1550,0.1550,0,0
D,2014-01-27,0.1550,0.1550,0.1550,0.1550,10,0
D,2014-01-24,0.1600,0.1600,0.1600,0.1600,400,0
D,2014-01-23,0.1600,0.1650,0.1600,0.1600,858,0
D,2014-01-22,0.1600,0.1600,0.1600,0.1600,501,0
D,2014-01-21,0.1600,0.1600,0.1600,0.1600,300,0
D,2014-01-20,0.1600,0.1600,0.1600,0.1600,20,0
D,2014-01-16,0.1600,0.1600,0.1600,0.1600,0,0
D,2014-01-15,0.1600,0.1600,0.1600,0.1600,400,0
D,2014-01-13,0.1550,0.1600,0.1550,0.1600,240,0
D,2014-01-10,0.1600,0.1600,0.1600,0.1600,200,0
D,2014-01-09,0.1600,0.1600,0.1600,0.1600,10,0
D,2014-01-08,0.1600,0.1650,0.1550,0.1650,1470,0
D,2014-01-07,0.1550,0.1600,0.1550,0.1550,1191,0
D,2014-01-06,0.1600,0.1600,0.1500,0.1500,185,0
D,2014-01-03,0.1600,0.1600,0.1600,0.1600,200,0
D,2014-01-02,0.1550,0.1750,0.1500,0.1750,2505,0
D,2013-12-31,0.1550,0.1550,0.1550,0.1550,0,0
D,2013-12-30,0.1550,0.1550,0.1550,0.1550,400,0
D,2013-12-27,0.1650,0.1650,0.1650,0.1650,200,0
D,2013-12-26,0.1650,0.1750,0.1650,0.1750,1004,0
D,2013-12-24,0.1650,0.1650,0.1650,0.1650,0,0
D,2013-12-23,0.1650,0.1650,0.1650,0.1650,0,0
D,2013-12-20,0.1650,0.1650,0.1650,0.1650,250,0
D,2013-12-19,0.1600,0.1650,0.1600,0.1650,2101,0
D,2013-12-18,0.1600,0.1600,0.1600,0.1600,700,0
D,2013-12-17,0.1600,0.1600,0.1600,0.1600,500,0
D,2013-12-16,0.1600,0.1650,0.1600,0.1650,103,0
D,2013-12-13,0.1600,0.1600,0.1600,0.1600,110,0
D,2013-12-12,0.1650,0.1650,0.1650,0.1650,0,0
D,2013-12-11,0.1650,0.1650,0.1650,0.1650,300,0
D,2013-12-10,0.1750,0.1750,0.1750,0.1750,0,0
D,2013-12-09,0.1750,0.1750,0.1750,0.1750,100,0
D,2013-12-06,0.1750,0.1750,0.1700,0.1700,1500,0
D,2013-12-05,0.1700,0.1750,0.1650,0.1750,3550,0
D,2013-12-04,0.1700,0.1700,0.1700,0.1700,0,0
D,2013-12-03,0.1700,0.1700,0.1700,0.1700,0,0
D,2013-12-02,0.1700,0.1700,0.1700,0.1700,200,0
D,2013-11-29,0.1800,0.1800,0.1800,0.1800,1318,0
D,2013-11-28,0.1800,0.1950,0.1750,0.1750,8540,0
D,2013-11-27,0.1700,0.1700,0.1700,0.1700,200,0
D,2013-11-26,0.1700,0.1700,0.1700,0.1700,200,0
D,2013-11-25,0.1800,0.1800,0.1800,0.1800,500,0
D,2013-11-22,0.1900,0.1950,0.1800,0.1800,20120,0
D,2013-11-21,0.1800,0.1800,0.1750,0.1750,4150,0
D,2013-11-20,0.1700,0.1750,0.1700,0.1750,4350,0
D,2013-11-19,0.1750,0.1750,0.1700,0.1750,1350,0
D,2013-11-18,0.1650,0.1650,0.1650,0.1650,1740,0
D,2013-11-15,0.1600,0.1600,0.1600,0.1600,250,0
D,2013-11-14,0.1600,0.1700,0.1600,0.1700,150,0
D,2013-11-13,0.1700,0.1700,0.1700,0.1700,30,0
D,2013-11-12,0.1750,0.1750,0.1750,0.1750,1600,0
D,2013-11-11,0.1700,0.1850,0.1700,0.1800,2465,0
D,2013-11-08,0.1600,0.1600,0.1600,0.1600,540,0
D,2013-11-07,0.1650,0.1650,0.1600,0.1600,400,0
D,2013-11-06,0.1600,0.1600,0.1550,0.1550,1000,0
D,2013-11-04,0.1550,0.1550,0.1500,0.1500,2230,0
D,2013-11-01,0.1650,0.1650,0.1650,0.1650,0,0
D,2013-10-31,0.1450,0.1650,0.1450,0.1650,850,0
D,2013-10-30,0.1550,0.1550,0.1500,0.1500,800,0
D,2013-10-29,0.1400,0.1550,0.1400,0.1550,2679,0
D,2013-10-28,0.1350,0.1400,0.1350,0.1400,824,0
D,2013-10-25,0.1400,0.1400,0.1400,0.1400,0,0
D,2013-10-24,0.1400,0.1400,0.1400,0.1400,1070,0
D,2013-10-23,0.1350,0.1350,0.1350,0.1350,500,0
D,2013-10-22,0.1400,0.1400,0.1400,0.1400,0,0
D,2013-10-21,0.1400,0.1400,0.1400,0.1400,0,0
D,2013-10-18,0.1400,0.1400,0.1400,0.1400,0,0
D,2013-10-17,0.1400,0.1400,0.1400,0.1400,0,0
D,2013-10-16,0.1400,0.1400,0.1400,0.1400,0,0
D,2013-10-14,0.1350,0.1400,0.1350,0.1400,580,0
D,2013-10-11,0.1350,0.1400,0.1350,0.1400,1150,0
D,2013-10-10,0.1300,0.1300,0.1300,0.1300,200,0
D,2013-10-09,0.1350,0.1350,0.1350,0.1350,400,0
D,2013-10-08,0.1350,0.1450,0.1350,0.1350,210,0
D,2013-10-07,0.1400,0.1400,0.1350,0.1400,3714,0
D,2013-10-04,0.1350,0.1350,0.1350,0.1350,0,0
D,2013-10-03,0.1350,0.1350,0.1350,0.1350,0,0
D,2013-10-02,0.1350,0.1350,0.1350,0.1350,0,0
D,2013-10-01,0.1350,0.1350,0.1350,0.1350,0,0
D,2013-09-30,0.1350,0.1350,0.1350,0.1350,200,0
D,2013-09-27,0.1300,0.1400,0.1300,0.1400,50,0
D,2013-09-26,0.1400,0.1400,0.1400,0.1400,0,0
D,2013-09-25,0.1400,0.1400,0.1400,0.1400,50,0
D,2013-09-24,0.1350,0.1450,0.1350,0.1400,1440,0
D,2013-09-23,0.1350,0.1350,0.1350,0.1350,0,0
D,2013-09-20,0.1300,0.1350,0.1300,0.1350,2900,0
D,2013-09-19,0.1400,0.1400,0.1300,0.1300,800,0
D,2013-09-18,0.1200,0.1200,0.1200,0.1200,150,0
D,2013-09-17,0.1400,0.1550,0.1400,0.1550,11,0
D,2013-09-13,0.1200,0.1200,0.1200,0.1200,50,0
D,2013-09-12,0.1200,0.1200,0.1200,0.1200,503,0
D,2013-09-11,0.1200,0.1200,0.1200,0.1200,0,0
D,2013-09-10,0.1200,0.1200,0.1200,0.1200,10,0
D,2013-09-09,0.1200,0.1200,0.1200,0.1200,0,0
D,2013-09-06,0.1200,0.1200,0.1200,0.1200,0,0
D,2013-09-05,0.1200,0.1200,0.1200,0.1200,480,0
D,2013-09-04,0.1100,0.1100,0.1100,0.1100,0,0
D,2013-09-03,0.1100,0.1100,0.1100,0.1100,0,0
D,2013-09-02,0.1100,0.1100,0.1100,0.1100,0,0
D,2013-08-30,0.1100,0.1100,0.1100,0.1100,10,0
D,2013-08-29,0.1100,0.1100,0.1100,0.1100,0,0
D,2013-08-28,0.1100,0.1100,0.1100,0.1100,40,0
D,2013-08-27,0.1150,0.1200,0.1100,0.1200,850,0
D,2013-08-26,0.1200,0.1200,0.1200,0.1200,0,0
D,2013-08-23,0.1200,0.1200,0.1200,0.1200,0,0
D,2013-08-22,0.1200,0.1200,0.1200,0.1200,850,0
D,2013-08-21,0.1200,0.1200,0.1200,0.1200,0,0
D,2013-08-20,0.1200,0.1200,0.1200,0.1200,0,0
D,2013-08-19,0.1200,0.1200,0.1200,0.1200,190,0
D,2013-08-16,0.1250,0.1250,0.1250,0.1250,200,0
D,2013-08-15,0.1200,0.1200,0.1200,0.1200,100,0
D,2013-08-14,0.1150,0.1150,0.1150,0.1150,0,0
D,2013-08-13,0.1150,0.1150,0.1150,0.1150,10,0
D,2013-08-12,0.1200,0.1200,0.1200,0.1200,0,0
D,2013-08-07,0.1200,0.1250,0.1200,0.1200,1400,0
D,2013-08-06,0.1250,0.1250,0.1250,0.1250,0,0
D,2013-08-05,0.1250,0.1250,0.1250,0.1250,0,0
D,2013-08-02,0.1250,0.1250,0.1250,0.1250,0,0
D,2013-08-01,0.1250,0.1250,0.1250,0.1250,30,0
D,2013-07-31,0.1150,0.1150,0.1150,0.1150,0,0
D,2013-07-30,0.1150,0.1150,0.1150,0.1150,0,0
D,2013-07-29,0.1150,0.1150,0.1150,0.1150,0,0
D,2013-07-26,0.1150,0.1150,0.1150,0.1150,0,0
D,2013-07-25,0.1150,0.1150,0.1150,0.1150,0,0
D,2013-07-24,0.1150,0.1150,0.1150,0.1150,0,0
D,2013-07-23,0.1150,0.1150,0.1150,0.1150,0,0
D,2013-07-22,0.1150,0.1150,0.1150,0.1150,30,0
D,2013-07-19,0.1250,0.1250,0.1250,0.1250,0,0
D,2013-07-18,0.1250,0.1250,0.1250,0.1250,0,0
D,2013-07-17,0.1250,0.1250,0.1250,0.1250,0,0
D,2013-07-16,0.1250,0.1250,0.1250,0.1250,0,0
D,2013-07-15,0.1250,0.1250,0.1250,0.1250,0,0
D,2013-07-12,0.1250,0.1250,0.1250,0.1250,0,0
D,2013-07-11,0.1250,0.1250,0.1250,0.1250,0,0
D,2013-07-10,0.1250,0.1250,0.1250,0.1250,0,0
D,2013-07-09,0.1250,0.1250,0.1250,0.1250,2090,0
D,2013-07-08,0.1350,0.1350,0.1350,0.1350,0,0
D,2013-07-05,0.1350,0.1350,0.1350,0.1350,0,0
D,2013-07-04,0.1350,0.1350,0.1350,0.1350,0,0
D,2013-07-03,0.1350,0.1350,0.1350,0.1350,0,0
D,2013-07-02,0.1350,0.1350,0.1350,0.1350,0,0
D,2013-07-01,0.1350,0.1350,0.1350,0.1350,0,0
D,2013-06-28,0.1350,0.1350,0.1350,0.1350,0,0
D,2013-06-27,0.1350,0.1350,0.1350,0.1350,0,0
D,2013-06-26,0.1350,0.1350,0.1350,0.1350,0,0
D,2013-06-25,0.1350,0.1350,0.1350,0.1350,0,0
D,2013-06-24,0.1350,0.1350,0.1350,0.1350,0,0
D,2013-06-21,0.1350,0.1350,0.1350,0.1350,2570,0
D,2013-06-20,0.1300,0.1300,0.1250,0.1250,2000,0
D,2013-06-19,0.1250,0.1250,0.1250,0.1250,0,0
D,2013-06-18,0.1250,0.1250,0.1250,0.1250,0,0
D,2013-06-17,0.1250,0.1250,0.1250,0.1250,0,0
D,2013-06-14,0.1250,0.1250,0.1250,0.1250,0,0
D,2013-06-13,0.1250,0.1450,0.1250,0.1250,380,0
D,2013-06-12,0.1300,0.1300,0.1250,0.1250,570,0
D,2013-06-11,0.1400,0.1400,0.1250,0.1350,40,0
D,2013-06-10,0.1300,0.1300,0.1300,0.1300,0,0
D,2013-06-07,0.1300,0.1300,0.1300,0.1300,70,0
D,2013-06-06,0.1300,0.1300,0.1300,0.1300,200,0
D,2013-06-05,0.1300,0.1300,0.1300,0.1300,10,0
D,2013-06-04,0.1250,0.1300,0.1250,0.1300,140,0
D,2013-06-03,0.1300,0.1300,0.1300,0.1300,1400,0
D,2013-05-31,0.1250,0.1350,0.1250,0.1350,3074,0
D,2013-05-30,0.1200,0.1200,0.1200,0.1200,200,0
D,2013-05-29,0.1200,0.1200,0.1200,0.1200,1110,0
D,2013-05-28,0.1300,0.1300,0.1300,0.1300,0,0
D,2013-05-27,0.1300,0.1300,0.1300,0.1300,1200,0
D,2013-05-23,0.1200,0.1200,0.1200,0.1200,900,0
D,2013-05-22,0.1200,0.1200,0.1200,0.1200,200,0
D,2013-05-21,0.1300,0.1300,0.1300,0.1300,0,0
D,2013-05-20,0.1300,0.1300,0.1300,0.1300,0,0
D,2013-05-17,0.1300,0.1300,0.1300,0.1300,500,0
D,2013-05-16,0.1200,0.1350,0.1200,0.1300,1903,0
D,2013-05-15,0.1200,0.1200,0.1200,0.1200,0,0
D,2013-05-14,0.1200,0.1200,0.1200,0.1200,0,0
D,2013-05-13,0.1150,0.1200,0.1150,0.1200,455,0
D,2013-05-10,0.1150,0.1150,0.1150,0.1150,3,0
D,2013-05-09,0.1150,0.1150,0.1150,0.1150,652,0
D,2013-05-08,0.1150,0.1150,0.1150,0.1150,500,0
D,2013-05-07,0.1150,0.1150,0.1150,0.1150,0,0
D,2013-05-06,0.1150,0.1150,0.1150,0.1150,0,0
D,2013-05-03,0.1150,0.1150,0.1150,0.1150,150,0
D,2013-05-02,0.1150,0.1150,0.1150,0.1150,0,0
D,2013-04-30,0.1150,0.1150,0.1150,0.1150,0,0
D,2013-04-29,0.1150,0.1150,0.1150,0.1150,0,0
D,2013-04-26,0.1150,0.1150,0.1150,0.1150,0,0
D,2013-04-25,0.1200,0.1200,0.1150,0.1150,252,0
D,2013-04-24,0.1150,0.1150,0.1150,0.1150,0,0
D,2013-04-23,0.1150,0.1150,0.1150,0.1150,2,0
D,2013-04-22,0.1150,0.1150,0.1150,0.1150,2,0
D,2013-04-19,0.1150,0.1150,0.1150,0.1150,1,0
D,2013-04-18,0.1150,0.1200,0.1100,0.1200,2230,0
D,2013-04-17,0.1200,0.1200,0.1200,0.1200,200,0
D,2013-04-16,0.1200,0.1200,0.1200,0.1200,0,0
D,2013-04-15,0.1200,0.1200,0.1200,0.1200,0,0
D,2013-04-12,0.1200,0.1200,0.1200,0.1200,250,0
D,2013-04-11,0.1150,0.1150,0.1150,0.1150,0,0
D,2013-04-10,0.1150,0.1150,0.1150,0.1150,2010,0
D,2013-04-09,0.1150,0.1150,0.1150,0.1150,0,0
D,2013-04-08,0.1150,0.1150,0.1150,0.1150,110,0
D,2013-04-05,0.1150,0.1150,0.1150,0.1150,100,0
D,2013-04-04,0.1200,0.1200,0.1200,0.1200,0,0
D,2013-04-03,0.1200,0.1200,0.1200,0.1200,500,0
D,2013-04-02,0.1150,0.1150,0.1150,0.1150,0,0
D,2013-04-01,0.1150,0.1150,0.1150,0.1150,10,0
D,2013-03-29,0.1150,0.1150,0.1150,0.1150,50,0
D,2013-03-28,0.1150,0.1150,0.1150,0.1150,310,0
D,2013-03-27,0.1150,0.1150,0.1150,0.1150,0,0
D,2013-03-26,0.1150,0.1150,0.1150,0.1150,0,0
D,2013-03-25,0.1150,0.1150,0.1150,0.1150,0,0
D,2013-03-22,0.1150,0.1150,0.1150,0.1150,60,0
D,2013-03-21,0.1150,0.1150,0.1150,0.1150,0,0
D,2013-03-20,0.1150,0.1150,0.1150,0.1150,20,0
D,2013-03-19,0.1150,0.1150,0.1150,0.1150,0,0
D,2013-03-18,0.1150,0.1150,0.1150,0.1150,0,0
D,2013-03-15,0.1150,0.1150,0.1150,0.1150,0,0
D,2013-03-14,0.1150,0.1150,0.1150,0.1150,100,0
D,2013-03-13,0.1150,0.1150,0.1150,0.1150,0,0
D,2013-03-12,0.1150,0.1150,0.1150,0.1150,0,0
D,2013-03-11,0.1150,0.1150,0.1150,0.1150,0,0
D,2013-03-08,0.1150,0.1150,0.1150,0.1150,0,0
D,2013-03-07,0.1150,0.1150,0.1150,0.1150,0,0
D,2013-03-06,0.1150,0.1150,0.1150,0.1150,0,0
D,2013-03-05,0.1150,0.1150,0.1150,0.1150,0,0
D,2013-03-04,0.1150,0.1150,0.1150,0.1150,30,0
D,2013-03-01,0.1300,0.1300,0.1300,0.1300,0,0
D,2013-02-28,0.1300,0.1300,0.1300,0.1300,0,0
D,2013-02-27,0.1300,0.1300,0.1300,0.1300,0,0
D,2013-02-26,0.1300,0.1300,0.1300,0.1300,0,0
D,2013-02-25,0.1300,0.1300,0.1300,0.1300,0,0
D,2013-02-22,0.1250,0.1300,0.1250,0.1300,1070,0
D,2013-02-21,0.1150,0.1150,0.1150,0.1150,0,0
D,2013-02-20,0.1150,0.1150,0.1150,0.1150,0,0
D,2013-02-19,0.1150,0.1150,0.1150,0.1150,0,0
D,2013-02-18,0.1250,0.1250,0.1150,0.1150,1050,0
D,2013-02-15,0.1250,0.1250,0.1250,0.1250,0,0
D,2013-02-14,0.1250,0.1250,0.1250,0.1250,0,0
D,2013-02-13,0.1250,0.1250,0.1250,0.1250,0,0
D,2013-02-08,0.1200,0.1250,0.1200,0.1250,3950,0
D,2013-02-07,0.1200,0.1200,0.1200,0.1200,200,0
D,2013-02-06,0.1200,0.1200,0.1150,0.1200,1980,0
D,2013-02-05,0.1200,0.1200,0.1200,0.1200,1720,0
D,2013-02-04,0.1200,0.1200,0.1200,0.1200,0,0
D,2013-01-31,0.1200,0.1200,0.1200,0.1200,250,0
D,2013-01-30,0.1150,0.1150,0.1150,0.1150,250,0
D,2013-01-29,0.1200,0.1300,0.1150,0.1150,4723,0
D,2013-01-25,0.1200,0.1200,0.1150,0.1150,1080,0
D,2013-01-23,0.1250,0.1250,0.1250,0.1250,0,0
D,2013-01-22,0.1250,0.1250,0.1250,0.1250,84,0
D,2013-01-21,0.1200,0.1300,0.1200,0.1200,2138,0
D,2013-01-18,0.1200,0.1200,0.1200,0.1200,100,0
D,2013-01-17,0.1300,0.1300,0.1300,0.1300,0,0
D,2013-01-16,0.1300,0.1300,0.1300,0.1300,0,0
D,2013-01-15,0.1200,0.1300,0.1200,0.1300,737,0
D,2013-01-14,0.1300,0.1300,0.1150,0.1250,600,0
D,2013-01-11,0.1150,0.1350,0.1150,0.1250,1801,0
D,2013-01-10,0.1350,0.1350,0.1350,0.1350,85,0
D,2013-01-09,0.1300,0.1300,0.1150,0.1200,2618,0
D,2013-01-08,0.1150,0.1300,0.1150,0.1250,5950,0
D,2013-01-07,0.1150,0.1150,0.1150,0.1150,200,0
D,2013-01-04,0.1100,0.1150,0.1100,0.1150,1410,0
D,2013-01-03,0.1200,0.1200,0.1200,0.1200,0,0
D,2013-01-02,0.1150,0.1200,0.1150,0.1200,1150,0
D,2012-12-31,0.1100,0.1100,0.1100,0.1100,250,0
D,2012-12-28,0.1100,0.1100,0.1100,0.1100,101,0
D,2012-12-27,0.1100,0.1100,0.1100,0.1100,0,0
D,2012-12-26,0.1100,0.1100,0.1100,0.1100,1000,0
D,2012-12-24,0.1200,0.1200,0.1200,0.1200,0,0
D,2012-12-21,0.1200,0.1200,0.1200,0.1200,0,0
D,2012-12-20,0.1200,0.1200,0.1200,0.1200,0,0
D,2012-12-19,0.1200,0.1200,0.1200,0.1200,0,0
D,2012-12-18,0.1200,0.1200,0.1200,0.1200,0,0
D,2012-12-17,0.1200,0.1200,0.1200,0.1200,210,0
D,2012-12-14,0.1150,0.1150,0.1150,0.1150,0,0
D,2012-12-13,0.1150,0.1150,0.1150,0.1150,300,0
D,2012-12-12,0.1200,0.1200,0.1200,0.1200,0,0
D,2012-12-11,0.1200,0.1200,0.1200,0.1200,0,0
D,2012-12-10,0.1200,0.1200,0.1200,0.1200,0,0
D,2012-12-07,0.1200,0.1200,0.1200,0.1200,0,0
D,2012-12-06,0.1200,0.1200,0.1200,0.1200,2,0
D,2012-12-05,0.1150,0.1150,0.1150,0.1150,370,0
D,2012-12-04,0.1150,0.1150,0.1150,0.1150,0,0
D,2012-12-03,0.1250,0.1250,0.1150,0.1150,30,0
D,2012-11-30,0.1200,0.1200,0.1200,0.1200,0,0
D,2012-11-29,0.1200,0.1200,0.1200,0.1200,0,0
D,2012-11-28,0.1200,0.1200,0.1200,0.1200,0,0
D,2012-11-27,0.1200,0.1200,0.1200,0.1200,0,0
D,2012-11-26,0.1200,0.1200,0.1200,0.1200,500,0
D,2012-11-23,0.1200,0.1200,0.1200,0.1200,0,0
D,2012-11-22,0.1200,0.1200,0.1150,0.1200,400,0
D,2012-11-21,0.1200,0.1200,0.1200,0.1200,2300,0
D,2012-11-20,0.1200,0.1200,0.1150,0.1150,530,0
D,2012-11-19,0.1150,0.1150,0.1150,0.1150,0,0
D,2012-11-16,0.1200,0.1200,0.1150,0.1150,650,0
D,2012-11-14,0.1200,0.1200,0.1200,0.1200,0,0
D,2012-11-12,0.1200,0.1200,0.1200,0.1200,0,0
D,2012-11-09,0.1200,0.1200,0.1150,0.1200,2323,0
D,2012-11-08,0.1200,0.1200,0.1200,0.1200,300,0
D,2012-11-07,0.1200,0.1200,0.1200,0.1200,0,0
D,2012-11-06,0.1250,0.1250,0.1200,0.1200,1400,0
D,2012-11-05,0.1200,0.1200,0.1200,0.1200,200,0
D,2012-11-02,0.1200,0.1200,0.1200,0.1200,700,0
D,2012-11-01,0.1200,0.1200,0.1200,0.1200,197,0
D,2012-10-31,0.1200,0.1200,0.1200,0.1200,1883,0
D,2012-10-30,0.1200,0.1200,0.1200,0.1200,300,0
D,2012-10-29,0.1200,0.1200,0.1200,0.1200,100,0
D,2012-10-25,0.1200,0.1200,0.1150,0.1200,1079,0
D,2012-10-24,0.1200,0.1200,0.1200,0.1200,1300,0
D,2012-10-23,0.1200,0.1200,0.1200,0.1200,300,0
D,2012-10-22,0.1200,0.1200,0.1200,0.1200,100,0
D,2012-10-19,0.1150,0.1250,0.1150,0.1250,700,0
D,2012-10-18,0.1200,0.1200,0.1200,0.1200,1000,0
D,2012-10-17,0.1250,0.1250,0.1200,0.1200,2000,0
D,2012-10-16,0.1250,0.1250,0.1250,0.1250,0,0
D,2012-10-15,0.1250,0.1250,0.1250,0.1250,0,0
D,2012-10-12,0.1250,0.1250,0.1250,0.1250,340,0
D,2012-10-11,0.1250,0.1250,0.1250,0.1250,400,0
D,2012-10-10,0.1250,0.1250,0.1250,0.1250,1000,0
D,2012-10-09,0.1250,0.1250,0.1250,0.1250,480,0
D,2012-10-08,0.1250,0.1250,0.1250,0.1250,0,0
D,2012-10-05,0.1200,0.1250,0.1200,0.1250,2787,0
D,2012-10-04,0.1150,0.1200,0.1150,0.1150,719,0
D,2012-10-03,0.1150,0.1200,0.1150,0.1200,1906,0
D,2012-05-03,0.1250,0.1250,0.1200,0.1250,1870,0
D,2012-05-02,0.1200,0.1250,0.1200,0.1250,110,0
