D,2014-08-29,0.0450,0.0450,0.0450,0.0450,0,0
D,2014-08-28,0.0450,0.0450,0.0450,0.0450,0,0
D,2014-08-27,0.0450,0.0450,0.0450,0.0450,0,0
D,2014-08-26,0.0450,0.0450,0.0450,0.0450,0,0
D,2014-08-25,0.0450,0.0450,0.0450,0.0450,0,0
D,2014-08-22,0.0650,0.0650,0.0450,0.0450,1642,0
D,2014-08-21,0.0800,0.0800,0.0800,0.0800,800,0
D,2014-08-20,0.1000,0.1000,0.1000,0.1000,0,0
D,2014-08-19,0.1000,0.1000,0.1000,0.1000,0,0
D,2014-08-18,0.1000,0.1000,0.1000,0.1000,0,0
D,2014-08-15,0.1000,0.1000,0.1000,0.1000,500,0
D,2014-08-14,0.1000,0.1000,0.1000,0.1000,0,0
D,2014-08-13,0.1000,0.1000,0.1000,0.1000,100,0
D,2014-08-12,0.0900,0.0900,0.0900,0.0900,0,0
D,2014-08-11,0.0900,0.0900,0.0900,0.0900,0,0
D,2014-08-08,0.0900,0.0900,0.0850,0.0900,2000,0
D,2014-08-07,0.1000,0.1000,0.1000,0.1000,0,0
D,2014-08-06,0.1000,0.1000,0.1000,0.1000,0,0
D,2014-08-05,0.1000,0.1000,0.1000,0.1000,0,0
D,2014-08-04,0.1000,0.1000,0.1000,0.1000,0,0
D,2014-08-01,0.1000,0.1000,0.1000,0.1000,0,0
D,2014-07-31,0.1000,0.1000,0.1000,0.1000,0,0
D,2014-07-30,0.1000,0.1000,0.1000,0.1000,0,0
D,2014-07-25,0.1000,0.1000,0.1000,0.1000,0,0
D,2014-07-24,0.1000,0.1000,0.1000,0.1000,0,0
D,2014-07-23,0.1000,0.1000,0.1000,0.1000,135,0
D,2014-07-22,0.1000,0.1000,0.1000,0.1000,0,0
D,2014-07-21,0.1000,0.1000,0.1000,0.1000,0,0
D,2014-07-18,0.1000,0.1000,0.1000,0.1000,15,0
D,2014-07-17,0.0900,0.0900,0.0900,0.0900,0,0
D,2014-07-16,0.0900,0.0900,0.0900,0.0900,0,0
D,2014-07-14,0.0900,0.0900,0.0900,0.0900,209,0
D,2014-07-11,0.1000,0.1000,0.1000,0.1000,0,0
D,2014-07-10,0.1000,0.1000,0.1000,0.1000,0,0
D,2014-07-09,0.1000,0.1000,0.1000,0.1000,0,0
D,2014-07-08,0.1000,0.1000,0.1000,0.1000,800,0
D,2014-07-07,0.1150,0.1150,0.1150,0.1150,0,0
D,2014-07-04,0.1150,0.1150,0.1150,0.1150,0,0
D,2014-07-03,0.1150,0.1150,0.1150,0.1150,0,0
D,2014-07-02,0.1150,0.1150,0.1150,0.1150,0,0
D,2014-07-01,0.1150,0.1150,0.1150,0.1150,0,0
D,2014-06-30,0.1150,0.1150,0.1150,0.1150,0,0
D,2014-06-27,0.1150,0.1150,0.1150,0.1150,1300,0
D,2014-06-26,0.0950,0.0950,0.0950,0.0950,0,0
D,2014-06-25,0.0950,0.0950,0.0950,0.0950,300,0
D,2014-06-24,0.0900,0.0900,0.0900,0.0900,0,0
D,2014-06-23,0.0900,0.0900,0.0900,0.0900,0,0
D,2014-06-20,0.0900,0.0900,0.0900,0.0900,0,0
D,2014-06-19,0.0900,0.0900,0.0900,0.0900,875,0
D,2014-06-18,0.0950,0.0950,0.0950,0.0950,0,0
D,2014-06-17,0.0950,0.0950,0.0950,0.0950,100,0
D,2014-06-16,0.0950,0.0950,0.0950,0.0950,315,0
D,2014-06-13,0.0900,0.0900,0.0900,0.0900,0,0
D,2014-06-12,0.0900,0.0900,0.0900,0.0900,0,0
D,2014-06-11,0.0900,0.0900,0.0900,0.0900,0,0
D,2014-06-10,0.0900,0.0900,0.0900,0.0900,0,0
D,2014-06-09,0.0900,0.0900,0.0900,0.0900,0,0
D,2014-06-06,0.0900,0.0900,0.0900,0.0900,0,0
D,2014-06-05,0.0900,0.0900,0.0900,0.0900,210,0
D,2014-06-04,0.0950,0.0950,0.0950,0.0950,0,0
D,2014-06-03,0.0950,0.0950,0.0950,0.0950,0,0
D,2014-06-02,0.0950,0.0950,0.0950,0.0950,550,0
D,2014-05-30,0.1200,0.1200,0.0950,0.1000,2070,0
D,2014-05-29,0.1450,0.1450,0.1450,0.1450,0,0
D,2014-05-28,0.1450,0.1450,0.1450,0.1450,50,0
D,2014-05-27,0.1250,0.1350,0.1250,0.1350,488,0
D,2014-05-26,0.1300,0.1300,0.1300,0.1300,0,0
D,2014-05-23,0.1300,0.1300,0.1300,0.1300,30,0
D,2014-05-22,0.1250,0.1400,0.1250,0.1400,569,0
D,2014-05-21,0.1250,0.1250,0.1250,0.1250,1,0
D,2014-05-20,0.1000,0.1100,0.1000,0.1100,2439,0
D,2014-05-19,0.1100,0.1100,0.1000,0.1000,9508,0
D,2014-05-16,0.1150,0.1150,0.1100,0.1100,6234,0
D,2014-05-15,0.1150,0.1150,0.1150,0.1150,1,0
D,2014-05-14,0.1250,0.1250,0.1250,0.1250,430,0
D,2014-05-12,0.1300,0.1300,0.1300,0.1300,389,0
D,2014-05-09,0.1350,0.1350,0.1350,0.1350,0,0
D,2014-05-08,0.1350,0.1350,0.1350,0.1350,0,0
D,2014-05-07,0.1350,0.1350,0.1350,0.1350,300,0
D,2014-05-06,0.1300,0.1300,0.1300,0.1300,0,0
D,2014-05-05,0.1300,0.1300,0.1300,0.1300,0,0
D,2014-05-02,0.1300,0.1300,0.1300,0.1300,0,0
D,2014-04-30,0.1300,0.1300,0.1300,0.1300,0,0
D,2014-04-29,0.1300,0.1300,0.1300,0.1300,200,0
D,2014-04-28,0.1400,0.1400,0.1400,0.1400,0,0
D,2014-04-25,0.1400,0.1400,0.1400,0.1400,886,0
D,2014-04-24,0.1400,0.1400,0.1350,0.1350,2556,0
D,2014-04-23,0.1550,0.1600,0.1400,0.1400,4675,0
D,2014-04-22,0.1650,0.1650,0.1500,0.1550,3103,0
D,2014-04-21,0.1750,0.1750,0.1750,0.1750,1000,0
D,2014-04-18,0.1750,0.1750,0.1750,0.1750,378,0
D,2014-04-17,0.1700,0.1750,0.1700,0.1750,1493,0
D,2014-04-16,0.1750,0.1800,0.1750,0.1750,1192,0
D,2014-04-15,0.1900,0.1900,0.1900,0.1900,183,0
D,2014-04-14,0.1750,0.1750,0.1750,0.1750,2200,0
D,2014-04-11,0.1350,0.1350,0.1350,0.1350,0,0
D,2014-04-10,0.1350,0.1350,0.1350,0.1350,0,0
D,2014-04-09,0.1350,0.1350,0.1350,0.1350,0,0
D,2014-04-08,0.1350,0.1350,0.1350,0.1350,0,0
D,2014-04-07,0.1350,0.1350,0.1350,0.1350,300,0
D,2014-04-04,0.1600,0.1600,0.1600,0.1600,0,0
D,2014-04-03,0.1000,0.1650,0.1000,0.1600,1163,0
D,2014-04-02,0.1150,0.1150,0.1150,0.1150,0,0
D,2014-04-01,0.1150,0.1150,0.1150,0.1150,0,0
D,2014-03-31,0.1200,0.1200,0.1150,0.1150,2740,0
D,2014-03-28,0.1200,0.1200,0.1200,0.1200,420,0
D,2014-03-27,0.1100,0.1100,0.1100,0.1100,200,0
D,2014-03-26,0.0950,0.1000,0.0950,0.1000,3170,0
D,2014-03-25,0.0900,0.0950,0.0850,0.0950,4213,0
D,2014-03-24,0.1000,0.1000,0.1000,0.1000,200,0
D,2014-03-21,0.1400,0.1400,0.1400,0.1400,0,0
D,2014-03-20,0.1400,0.1400,0.1400,0.1400,0,0
D,2014-03-19,0.1400,0.1400,0.1400,0.1400,600,0
D,2014-03-18,0.1000,0.1200,0.0950,0.1200,1360,0
D,2014-03-17,0.1050,0.1050,0.1000,0.1000,3179,0
D,2014-03-14,0.1050,0.1050,0.1050,0.1050,0,0
D,2014-03-13,0.1000,0.1050,0.1000,0.1050,4300,0
D,2014-03-12,0.0900,0.1000,0.0750,0.1000,1105,0
D,2014-03-11,0.0700,0.0700,0.0700,0.0700,0,0
D,2014-03-10,0.0700,0.0700,0.0700,0.0700,0,0
D,2014-03-07,0.0700,0.0700,0.0700,0.0700,0,0
D,2014-03-06,0.0700,0.0700,0.0700,0.0700,0,0
D,2014-03-05,0.0650,0.0700,0.0650,0.0700,1761,0
D,2014-03-04,0.0550,0.0550,0.0550,0.0550,339,0
D,2014-03-03,0.0450,0.0450,0.0450,0.0450,600,0
D,2014-02-28,0.0550,0.0550,0.0550,0.0550,0,0
D,2014-02-27,0.0500,0.0550,0.0500,0.0550,1475,0
D,2014-02-26,0.0450,0.0450,0.0450,0.0450,500,0
D,2014-02-25,0.0450,0.0450,0.0450,0.0450,0,0
D,2014-02-24,0.0450,0.0450,0.0450,0.0450,300,0
D,2014-02-21,0.0450,0.0450,0.0450,0.0450,500,0
D,2014-02-20,0.0450,0.0450,0.0450,0.0450,0,0
D,2014-02-19,0.0450,0.0450,0.0450,0.0450,0,0
D,2014-02-18,0.0450,0.0450,0.0450,0.0450,0,0
D,2014-02-17,0.0450,0.0450,0.0450,0.0450,0,0
D,2014-02-14,0.0450,0.0450,0.0450,0.0450,0,0
D,2014-02-13,0.0450,0.0450,0.0450,0.0450,0,0
D,2014-02-12,0.0450,0.0450,0.0450,0.0450,0,0
D,2014-02-11,0.0450,0.0450,0.0450,0.0450,0,0
D,2014-02-10,0.0450,0.0450,0.0450,0.0450,1000,0
D,2014-02-07,0.0450,0.0450,0.0450,0.0450,0,0
D,2014-02-06,0.0450,0.0450,0.0450,0.0450,0,0
D,2014-02-05,0.0450,0.0450,0.0450,0.0450,0,0
D,2014-02-04,0.0450,0.0450,0.0450,0.0450,0,0
D,2014-01-30,0.0450,0.0450,0.0450,0.0450,0,0
D,2014-01-29,0.0450,0.0450,0.0450,0.0450,0,0
D,2014-01-28,0.0450,0.0450,0.0450,0.0450,0,0
D,2014-01-27,0.0450,0.0450,0.0450,0.0450,225,0
D,2014-01-24,0.0700,0.0700,0.0700,0.0700,0,0
D,2014-01-23,0.0700,0.0700,0.0700,0.0700,0,0
D,2014-01-22,0.0700,0.0700,0.0700,0.0700,150,0
D,2014-01-21,0.0950,0.0950,0.0950,0.0950,0,0
D,2014-01-20,0.0950,0.0950,0.0950,0.0950,0,0
D,2014-01-16,0.0950,0.0950,0.0950,0.0950,0,0
D,2014-01-15,0.0950,0.0950,0.0950,0.0950,0,0
D,2014-01-13,0.0950,0.0950,0.0950,0.0950,0,0
D,2014-01-10,0.0950,0.0950,0.0950,0.0950,0,0
D,2014-01-09,0.0950,0.0950,0.0950,0.0950,0,0
D,2014-01-08,0.0950,0.0950,0.0950,0.0950,0,0
D,2014-01-07,0.0950,0.0950,0.0950,0.0950,0,0
D,2014-01-06,0.0950,0.0950,0.0950,0.0950,0,0
D,2014-01-03,0.0950,0.0950,0.0950,0.0950,0,0
D,2014-01-02,0.0950,0.0950,0.0950,0.0950,130,0
D,2013-12-31,0.0750,0.0750,0.0750,0.0750,0,0
D,2013-12-30,0.0750,0.0750,0.0750,0.0750,0,0
D,2013-12-27,0.0750,0.0750,0.0750,0.0750,30,0
D,2013-12-26,0.1000,0.1000,0.1000,0.1000,0,0
D,2013-12-24,0.1000,0.1000,0.1000,0.1000,0,0
D,2013-12-23,0.1000,0.1000,0.1000,0.1000,0,0
D,2013-12-20,0.1000,0.1000,0.1000,0.1000,0,0
D,2013-12-19,0.1000,0.1000,0.1000,0.1000,120,0
D,2013-12-18,0.0950,0.0950,0.0950,0.0950,0,0
D,2013-12-17,0.0950,0.0950,0.0950,0.0950,0,0
D,2013-12-16,0.0950,0.0950,0.0950,0.0950,0,0
D,2013-12-13,0.0950,0.0950,0.0950,0.0950,0,0
D,2013-12-12,0.0950,0.0950,0.0950,0.0950,0,0
D,2013-12-11,0.0950,0.0950,0.0950,0.0950,0,0
D,2013-12-10,0.0950,0.0950,0.0950,0.0950,0,0
D,2013-12-09,0.0950,0.0950,0.0950,0.0950,0,0
D,2013-12-06,0.0800,0.0950,0.0800,0.0950,1764,0
D,2013-12-05,0.0750,0.0750,0.0750,0.0750,456,0
D,2013-12-04,0.0750,0.0750,0.0750,0.0750,0,0
D,2013-12-03,0.0750,0.0750,0.0750,0.0750,500,0
D,2013-12-02,0.0850,0.0850,0.0850,0.0850,0,0
D,2013-11-29,0.0850,0.0850,0.0850,0.0850,130,0
D,2013-11-28,0.0800,0.0800,0.0800,0.0800,0,0
D,2013-11-27,0.0800,0.0800,0.0800,0.0800,0,0
D,2013-11-26,0.0700,0.0800,0.0700,0.0800,3699,0
D,2013-11-25,0.0600,0.0600,0.0600,0.0600,300,0
D,2013-11-22,0.0700,0.0700,0.0700,0.0700,500,0
D,2013-11-21,0.0700,0.0700,0.0700,0.0700,0,0
D,2013-11-20,0.0700,0.0700,0.0700,0.0700,0,0
D,2013-11-19,0.0700,0.0700,0.0650,0.0700,12499,0
D,2013-11-18,0.0600,0.0600,0.0600,0.0600,1000,0
D,2013-11-15,0.1500,0.1500,0.1500,0.1500,0,0
D,2013-11-14,0.1500,0.1500,0.1500,0.1500,0,0
D,2013-11-13,0.1500,0.1500,0.1500,0.1500,0,0
D,2013-11-12,0.1500,0.1500,0.1500,0.1500,0,0
D,2013-11-11,0.1500,0.1500,0.1500,0.1500,0,0
D,2013-11-08,0.1500,0.1500,0.1500,0.1500,0,0
D,2013-11-07,0.1500,0.1500,0.1500,0.1500,0,0
D,2013-11-06,0.1500,0.1500,0.1500,0.1500,0,0
D,2013-11-04,0.1500,0.1500,0.1500,0.1500,0,0
D,2013-11-01,0.1500,0.1500,0.1500,0.1500,0,0
D,2013-10-31,0.1500,0.1500,0.1500,0.1500,0,0
D,2013-10-30,0.1500,0.1500,0.1500,0.1500,0,0
D,2013-10-29,0.1500,0.1500,0.1500,0.1500,0,0
D,2013-10-28,0.1500,0.1500,0.1500,0.1500,0,0
D,2013-10-25,0.1500,0.1500,0.1500,0.1500,0,0
D,2013-10-24,0.1500,0.1500,0.1500,0.1500,0,0
D,2013-10-23,0.1500,0.1500,0.1500,0.1500,0,0
D,2013-10-22,0.1500,0.1500,0.1500,0.1500,0,0
D,2013-10-21,0.1500,0.1500,0.1500,0.1500,0,0
D,2013-10-18,0.1500,0.1500,0.1500,0.1500,0,0
D,2013-10-17,0.1500,0.1500,0.1500,0.1500,0,0
D,2013-10-16,0.1500,0.1500,0.1500,0.1500,0,0
D,2013-10-14,0.1500,0.1500,0.1500,0.1500,0,0
D,2013-10-11,0.1500,0.1500,0.1500,0.1500,0,0
D,2013-10-10,0.1500,0.1500,0.1500,0.1500,0,0
D,2013-10-09,0.1500,0.1500,0.1500,0.1500,0,0
D,2013-10-08,0.1500,0.1500,0.1500,0.1500,0,0
D,2013-10-07,0.1500,0.1500,0.1500,0.1500,0,0
D,2013-10-04,0.1500,0.1500,0.1500,0.1500,0,0
D,2013-10-03,0.1500,0.1500,0.1500,0.1500,0,0
D,2013-10-02,0.1500,0.1500,0.1500,0.1500,0,0
D,2013-10-01,0.1500,0.1500,0.1500,0.1500,0,0
D,2013-09-30,0.1500,0.1500,0.1500,0.1500,0,0
D,2013-09-27,0.1500,0.1500,0.1500,0.1500,0,0
D,2013-09-26,0.1500,0.1500,0.1500,0.1500,0,0
D,2013-09-25,0.1500,0.1500,0.1500,0.1500,0,0
D,2013-09-24,0.1500,0.1500,0.1500,0.1500,0,0
D,2013-09-23,0.1500,0.1500,0.1500,0.1500,0,0
D,2013-09-20,0.1500,0.1500,0.1500,0.1500,0,0
D,2013-09-19,0.1500,0.1500,0.1500,0.1500,0,0
D,2013-09-18,0.1500,0.1500,0.1500,0.1500,0,0
D,2013-09-17,0.1500,0.1500,0.1500,0.1500,0,0
D,2013-09-13,0.1500,0.1500,0.1500,0.1500,0,0
D,2013-09-12,0.1500,0.1500,0.1500,0.1500,0,0
D,2013-09-11,0.1500,0.1500,0.1500,0.1500,0,0
D,2013-09-10,0.1500,0.1500,0.1500,0.1500,0,0
D,2013-09-09,0.1500,0.1500,0.1500,0.1500,0,0
D,2013-09-06,0.1500,0.1500,0.1500,0.1500,0,0
D,2013-09-05,0.1500,0.1500,0.1500,0.1500,0,0
D,2013-09-04,0.1500,0.1500,0.1500,0.1500,0,0
D,2013-09-03,0.1500,0.1500,0.1500,0.1500,0,0
D,2013-09-02,0.1500,0.1500,0.1500,0.1500,0,0
D,2013-08-30,0.1500,0.1500,0.1500,0.1500,0,0
D,2013-08-29,0.1500,0.1500,0.1500,0.1500,0,0
D,2013-08-28,0.1500,0.1500,0.1500,0.1500,0,0
D,2013-08-27,0.1500,0.1500,0.1500,0.1500,0,0
D,2013-08-26,0.1500,0.1500,0.1500,0.1500,0,0
D,2013-08-23,0.1500,0.1500,0.1500,0.1500,0,0
D,2013-08-22,0.1500,0.1500,0.1500,0.1500,0,0
D,2013-08-21,0.1500,0.1500,0.1500,0.1500,0,0
D,2013-08-20,0.1500,0.1500,0.1500,0.1500,0,0
