D,2014-10-14,0.4800,0.4800,0.4750,0.4750,2239,0
D,2014-10-13,0.4850,0.4850,0.4800,0.4800,2800,0
D,2014-10-10,0.4800,0.4900,0.4800,0.4850,4110,0
D,2014-10-09,0.4900,0.4950,0.4850,0.4850,1258,0
D,2014-10-08,0.4800,0.4850,0.4800,0.4800,4582,0
D,2014-10-07,0.4900,0.5050,0.4850,0.4850,13306,0
D,2014-10-03,0.4900,0.4900,0.4850,0.4850,1181,0
D,2014-10-02,0.4900,0.4900,0.4800,0.4800,1799,0
D,2014-10-01,0.4900,0.4950,0.4850,0.4950,1879,0
D,2014-09-30,0.4950,0.4950,0.4900,0.4950,1268,0
D,2014-09-29,0.4900,0.5000,0.4900,0.4950,1300,0
D,2014-09-26,0.4900,0.4900,0.4850,0.4900,410,0
D,2014-09-25,0.4950,0.4950,0.4850,0.4850,863,0
D,2014-09-24,0.4950,0.4950,0.4900,0.4900,2520,0
D,2014-09-23,0.4950,0.4950,0.4900,0.4950,350,0
D,2014-09-22,0.4900,0.5050,0.4900,0.5000,4635,0
D,2014-09-19,0.4950,0.4950,0.4900,0.4900,3330,0
D,2014-09-18,0.4900,0.4950,0.4900,0.4900,1390,0
D,2014-09-17,0.5000,0.5000,0.4900,0.4950,2434,0
D,2014-09-15,0.5000,0.5100,0.5000,0.5000,1340,0
D,2014-09-12,0.5050,0.5100,0.5000,0.5050,6850,0
D,2014-09-11,0.5150,0.5150,0.5050,0.5050,1277,0
D,2014-09-10,0.5150,0.5150,0.5100,0.5150,1175,0
D,2014-09-09,0.5100,0.5100,0.5000,0.5100,2898,0
D,2014-09-08,0.5150,0.5150,0.5100,0.5100,1390,0
D,2014-09-05,0.5250,0.5250,0.5150,0.5150,3882,0
D,2014-09-04,0.5450,0.5450,0.5350,0.5400,4616,0
D,2014-09-03,0.5450,0.5500,0.5400,0.5450,17505,0
D,2014-09-02,0.5250,0.5350,0.5200,0.5350,4390,0
D,2014-08-29,0.5300,0.5300,0.5200,0.5250,2830,0
D,2014-08-28,0.5300,0.5300,0.5200,0.5300,2942,0
D,2014-08-27,0.5300,0.5350,0.5300,0.5300,2968,0
D,2014-08-26,0.5350,0.5350,0.5300,0.5350,450,0
D,2014-08-25,0.5350,0.5350,0.5300,0.5350,3808,0
D,2014-08-22,0.5300,0.5350,0.5200,0.5350,4304,0
D,2014-08-21,0.5300,0.5300,0.5250,0.5250,3678,0
D,2014-08-20,0.5350,0.5350,0.5250,0.5250,5198,0
D,2014-08-19,0.5400,0.5400,0.5300,0.5300,2240,0
D,2014-08-18,0.5400,0.5400,0.5300,0.5400,2569,0
D,2014-08-15,0.5350,0.5400,0.5350,0.5400,3897,0
D,2014-08-14,0.5350,0.5400,0.5300,0.5400,2394,0
D,2014-08-13,0.5300,0.5450,0.5250,0.5350,6612,0
D,2014-08-12,0.5300,0.5350,0.5250,0.5300,8226,0
D,2014-08-11,0.5400,0.5400,0.5300,0.5350,881,0
D,2014-08-08,0.5450,0.5500,0.5250,0.5400,12706,0
D,2014-08-07,0.5550,0.5550,0.5400,0.5450,12426,0
D,2014-08-06,0.5350,0.5650,0.5350,0.5500,40134,0
D,2014-08-05,0.5300,0.5350,0.5250,0.5350,3298,0
D,2014-08-04,0.5200,0.5250,0.5200,0.5250,2423,0
D,2014-08-01,0.5200,0.5250,0.5200,0.5200,8474,0
D,2014-07-31,0.5300,0.5300,0.5250,0.5250,2981,0
D,2014-07-30,0.5250,0.5300,0.5200,0.5250,2321,0
D,2014-07-25,0.5300,0.5300,0.5200,0.5250,2287,0
D,2014-07-24,0.5200,0.5300,0.5200,0.5300,2209,0
D,2014-07-23,0.5200,0.5200,0.5150,0.5200,2250,0
D,2014-07-22,0.5150,0.5300,0.5100,0.5250,7689,0
D,2014-07-21,0.5150,0.5200,0.5150,0.5150,1231,0
D,2014-07-18,0.5150,0.5200,0.5100,0.5150,3336,0
D,2014-07-17,0.5250,0.5250,0.5150,0.5150,4879,0
D,2014-07-16,0.5150,0.5350,0.5150,0.5250,10791,0
D,2014-07-14,0.5150,0.5250,0.5150,0.5150,3944,0
D,2014-07-11,0.5250,0.5250,0.5150,0.5200,3134,0
D,2014-07-10,0.5200,0.5300,0.5150,0.5250,11319,0
D,2014-07-09,0.5300,0.5300,0.5200,0.5200,6868,0
D,2014-07-08,0.5400,0.5400,0.5250,0.5300,9163,0
D,2014-07-07,0.5450,0.5450,0.5300,0.5400,8122,0
D,2014-07-04,0.5250,0.5500,0.5250,0.5450,57496,0
D,2014-07-03,0.5250,0.5300,0.5200,0.5200,8923,0
D,2014-07-02,0.5050,0.5200,0.5000,0.5200,19931,0
D,2014-07-01,0.5000,0.5050,0.4950,0.4950,1135,0
D,2014-06-30,0.4900,0.5000,0.4900,0.5000,545,0
D,2014-06-27,0.4900,0.4950,0.4900,0.4900,1738,0
D,2014-06-26,0.4900,0.4950,0.4900,0.4900,1350,0
D,2014-06-25,0.4850,0.4950,0.4850,0.4850,870,0
D,2014-06-24,0.4900,0.4900,0.4850,0.4850,2399,0
D,2014-06-23,0.4900,0.4900,0.4900,0.4900,1503,0
D,2014-06-20,0.4850,0.4850,0.4850,0.4850,10,0
D,2014-06-19,0.4950,0.4950,0.4850,0.4950,1199,0
D,2014-06-18,0.4850,0.4950,0.4850,0.4950,1422,0
D,2014-06-17,0.4850,0.4900,0.4850,0.4900,509,0
D,2014-06-16,0.4800,0.4900,0.4800,0.4850,846,0
D,2014-06-13,0.4850,0.4850,0.4850,0.4850,0,0
D,2014-06-12,0.4850,0.4900,0.4800,0.4850,1586,0
D,2014-06-11,0.4800,0.4800,0.4800,0.4800,0,0
D,2014-06-10,0.4800,0.4800,0.4800,0.4800,153,0
D,2014-06-09,0.4800,0.4850,0.4700,0.4850,1050,0
D,2014-06-06,0.4750,0.4800,0.4750,0.4800,181,0
D,2014-06-05,0.4850,0.4900,0.4750,0.4750,2927,0
D,2014-06-04,0.4750,0.4800,0.4750,0.4800,19,0
D,2014-06-03,0.4650,0.4650,0.4650,0.4650,30,0
D,2014-06-02,0.4750,0.4750,0.4600,0.4750,1723,0
D,2014-05-30,0.4850,0.5000,0.4800,0.4800,3720,0
D,2014-05-29,0.4800,0.4800,0.4750,0.4750,769,0
D,2014-05-28,0.4800,0.4900,0.4800,0.4800,1012,0
D,2014-05-27,0.4800,0.4800,0.4800,0.4800,820,0
D,2014-05-26,0.4800,0.4900,0.4800,0.4900,2766,0
D,2014-05-23,0.4850,0.4850,0.4800,0.4800,1168,0
D,2014-05-22,0.4900,0.4900,0.4850,0.4900,1460,0
D,2014-05-21,0.4950,0.4950,0.4900,0.4900,500,0
D,2014-05-20,0.4950,0.5000,0.4950,0.4950,3050,0
D,2014-05-19,0.4850,0.5000,0.4850,0.5000,1040,0
D,2014-05-16,0.4950,0.4950,0.4900,0.4950,1096,0
D,2014-05-15,0.4900,0.4950,0.4900,0.4900,211,0
D,2014-05-14,0.4850,0.4950,0.4850,0.4900,2211,0
D,2014-05-12,0.4900,0.4900,0.4900,0.4900,310,0
D,2014-05-09,0.4850,0.5000,0.4850,0.5000,1842,0
D,2014-05-08,0.4850,0.4900,0.4800,0.4850,2502,0
D,2014-05-07,0.4850,0.4950,0.4850,0.4900,2521,0
D,2014-05-06,0.5000,0.5000,0.4900,0.4900,1497,0
D,2014-05-05,0.4850,0.4900,0.4850,0.4900,1908,0
D,2014-05-02,0.4950,0.4950,0.4900,0.4900,1518,0
D,2014-04-30,0.4800,0.5050,0.4800,0.4950,6389,0
D,2014-04-29,0.4900,0.4900,0.4800,0.4800,4706,0
D,2014-04-28,0.4950,0.5000,0.4900,0.4900,2700,0
D,2014-04-25,0.5000,0.5050,0.4900,0.5000,3619,0
D,2014-04-24,0.5000,0.5000,0.4950,0.5000,2023,0
D,2014-04-23,0.5150,0.5150,0.5050,0.5050,3559,0
D,2014-04-22,0.5050,0.5150,0.5000,0.5150,9578,0
D,2014-04-21,0.4950,0.5000,0.4900,0.5000,2021,0
D,2014-04-18,0.4950,0.5050,0.4900,0.4950,4268,0
D,2014-04-17,0.4950,0.4950,0.4850,0.4900,1723,0
D,2014-04-16,0.4950,0.4950,0.4900,0.4950,2475,0
D,2014-04-15,0.4950,0.4950,0.4850,0.4950,1311,0
D,2014-04-14,0.5000,0.5000,0.4900,0.4900,1800,0
D,2014-04-11,0.4900,0.5050,0.4900,0.5000,11023,0
D,2014-04-10,0.5000,0.5050,0.4950,0.5000,6930,0
D,2014-04-09,0.5100,0.5100,0.5050,0.5050,3333,0
D,2014-04-08,0.5100,0.5150,0.5050,0.5100,3927,0
D,2014-04-07,0.5200,0.5300,0.5150,0.5150,33342,0
D,2014-04-04,0.5050,0.5250,0.5000,0.5150,21838,0
D,2014-04-03,0.4850,0.4950,0.4850,0.4950,5495,0
D,2014-04-02,0.4850,0.4950,0.4850,0.4900,1904,0
D,2014-04-01,0.4900,0.4900,0.4850,0.4850,3458,0
D,2014-03-31,0.5150,0.5150,0.4900,0.4950,6761,0
D,2014-03-28,0.4800,0.5200,0.4800,0.5150,32234,0
D,2014-03-27,0.4700,0.4800,0.4700,0.4800,150,0
D,2014-03-26,0.4750,0.4750,0.4700,0.4750,780,0
D,2014-03-25,0.4750,0.4750,0.4700,0.4700,550,0
D,2014-03-24,0.4700,0.4850,0.4700,0.4700,440,0
D,2014-03-21,0.4700,0.4700,0.4700,0.4700,0,0
D,2014-03-20,0.4700,0.4700,0.4700,0.4700,600,0
D,2014-03-19,0.4800,0.4800,0.4750,0.4750,288,0
D,2014-03-18,0.4700,0.4700,0.4700,0.4700,200,0
D,2014-03-17,0.4750,0.4850,0.4750,0.4850,104,0
D,2014-03-14,0.4800,0.4800,0.4800,0.4800,0,0
D,2014-03-13,0.4750,0.4800,0.4750,0.4800,226,0
D,2014-03-12,0.4800,0.4850,0.4750,0.4850,722,0
D,2014-03-11,0.4800,0.4850,0.4750,0.4850,1265,0
D,2014-03-10,0.4850,0.4850,0.4800,0.4850,263,0
D,2014-03-07,0.4900,0.4900,0.4850,0.4850,1329,0
D,2014-03-06,0.4800,0.4950,0.4800,0.4950,1566,0
D,2014-03-05,0.4750,0.4750,0.4750,0.4750,30,0
D,2014-03-04,0.4750,0.4850,0.4750,0.4850,166,0
D,2014-03-03,0.4800,0.4800,0.4800,0.4800,500,0
D,2014-02-28,0.4800,0.4900,0.4800,0.4850,360,0
D,2014-02-27,0.4800,0.4900,0.4750,0.4900,320,0
D,2014-02-26,0.4800,0.4800,0.4800,0.4800,50,0
D,2014-02-25,0.4900,0.4900,0.4800,0.4850,2105,0
D,2014-02-24,0.4850,0.4850,0.4850,0.4850,585,0
D,2014-02-21,0.4900,0.4950,0.4900,0.4950,1250,0
D,2014-02-20,0.5000,0.5000,0.4900,0.4900,1490,0
D,2014-02-19,0.4800,0.5000,0.4800,0.5000,3686,0
D,2014-02-18,0.4850,0.4900,0.4850,0.4850,460,0
D,2014-02-17,0.5000,0.5000,0.4900,0.5000,898,0
D,2014-02-14,0.4800,0.5050,0.4800,0.5050,7246,0
D,2014-02-13,0.4750,0.4850,0.4750,0.4750,1000,0
D,2014-02-12,0.4700,0.4750,0.4700,0.4750,250,0
D,2014-02-11,0.4700,0.4700,0.4700,0.4700,150,0
D,2014-02-10,0.4900,0.5000,0.4700,0.4850,1944,0
D,2014-02-07,0.4650,0.4700,0.4650,0.4650,508,0
D,2014-02-06,0.4650,0.4650,0.4650,0.4650,200,0
D,2014-02-05,0.4550,0.4600,0.4550,0.4600,580,0
D,2014-02-04,0.4550,0.4550,0.4550,0.4550,150,0
D,2014-01-30,0.4650,0.4700,0.4550,0.4550,313,0
D,2014-01-29,0.4650,0.4750,0.4650,0.4700,1050,0
D,2014-01-28,0.4500,0.4650,0.4500,0.4650,1195,0
D,2014-01-27,0.4600,0.4650,0.4550,0.4650,930,0
D,2014-01-24,0.4650,0.4700,0.4550,0.4550,371,0
D,2014-01-23,0.4650,0.4700,0.4600,0.4700,598,0
D,2014-01-22,0.4700,0.4700,0.4700,0.4700,50,0
D,2014-01-21,0.4650,0.4700,0.4650,0.4700,500,0
D,2014-01-20,0.4750,0.4750,0.4600,0.4600,1408,0
D,2014-01-16,0.4650,0.4750,0.4400,0.4700,1061,0
D,2014-01-15,0.4700,0.4700,0.4700,0.4700,300,0
D,2014-01-13,0.4750,0.4750,0.4700,0.4700,500,0
D,2014-01-10,0.4700,0.4750,0.4700,0.4750,905,0
D,2014-01-09,0.4700,0.4700,0.4700,0.4700,0,0
D,2014-01-08,0.4700,0.4700,0.4700,0.4700,30,0
D,2014-01-07,0.4650,0.4650,0.4650,0.4650,1,0
D,2014-01-06,0.4700,0.4700,0.4650,0.4650,900,0
D,2014-01-03,0.4700,0.4700,0.4700,0.4700,130,0
D,2014-01-02,0.4700,0.4700,0.4700,0.4700,70,0
D,2013-12-31,0.4700,0.4700,0.4700,0.4700,99,0
D,2013-12-30,0.4750,0.4850,0.4700,0.4850,21,0
D,2013-12-27,0.4850,0.4850,0.4850,0.4850,20,0
D,2013-12-26,0.4700,0.4700,0.4700,0.4700,96,0
D,2013-12-24,0.4650,0.4700,0.4650,0.4700,190,0
D,2013-12-23,0.4650,0.4900,0.4600,0.4650,681,0
D,2013-12-20,0.4850,0.4850,0.4850,0.4850,0,0
D,2013-12-19,0.4650,0.4850,0.4650,0.4850,1125,0
D,2013-12-18,0.4700,0.4750,0.4700,0.4700,1482,0
D,2013-12-17,0.4700,0.4700,0.4700,0.4700,0,0
D,2013-12-16,0.4750,0.4750,0.4650,0.4700,2189,0
D,2013-12-13,0.4750,0.4800,0.4750,0.4750,640,0
D,2013-12-12,0.4750,0.4750,0.4750,0.4750,0,0
D,2013-12-11,0.4750,0.4850,0.4750,0.4750,430,0
D,2013-12-10,0.4750,0.4900,0.4750,0.4750,111,0
D,2013-12-09,0.4850,0.4850,0.4800,0.4800,583,0
D,2013-12-06,0.4900,0.4900,0.4800,0.4800,140,0
D,2013-12-05,0.4800,0.4900,0.4800,0.4900,561,0
D,2013-12-04,0.4800,0.4900,0.4700,0.4750,419,0
D,2013-12-03,0.4800,0.4900,0.4800,0.4800,270,0
D,2013-12-02,0.4850,0.4950,0.4850,0.4950,401,0
D,2013-11-29,0.4900,0.4950,0.4900,0.4950,361,0
D,2013-11-28,0.4900,0.4950,0.4900,0.4950,1180,0
D,2013-11-27,0.4950,0.4950,0.4900,0.4950,1023,0
D,2013-11-26,0.4950,0.5000,0.4950,0.4950,61,0
D,2013-11-25,0.5000,0.5000,0.4900,0.4900,1113,0
D,2013-11-22,0.4950,0.5000,0.4850,0.5000,894,0
D,2013-11-21,0.4950,0.5100,0.4700,0.5100,3719,0
D,2013-11-20,0.5000,0.5000,0.4900,0.5000,1692,0
D,2013-11-19,0.5000,0.5000,0.5000,0.5000,720,0
D,2013-11-18,0.5000,0.5150,0.5000,0.5000,2349,0
D,2013-11-15,0.5050,0.5100,0.5000,0.5100,613,0
D,2013-11-14,0.5100,0.5100,0.5000,0.5000,3620,0
D,2013-11-13,0.5050,0.5100,0.5000,0.5100,878,0
D,2013-11-12,0.5100,0.5150,0.5050,0.5100,4801,0
D,2013-11-11,0.5200,0.5200,0.5100,0.5100,3283,0
D,2013-11-08,0.5150,0.5150,0.5100,0.5150,470,0
D,2013-11-07,0.5050,0.5150,0.5050,0.5100,6640,0
D,2013-11-06,0.5100,0.5150,0.5050,0.5050,11329,0
D,2013-11-04,0.5100,0.5300,0.5100,0.5150,7047,0
D,2013-11-01,0.5200,0.5200,0.5100,0.5150,1697,0
D,2013-10-31,0.5250,0.5250,0.5100,0.5200,2692,0
D,2013-10-30,0.5150,0.5350,0.5100,0.5250,19828,0
D,2013-10-29,0.5150,0.5250,0.5100,0.5100,10455,0
D,2013-10-28,0.5250,0.5250,0.5150,0.5250,4203,0
D,2013-10-25,0.5400,0.5400,0.5200,0.5350,9144,0
D,2013-10-24,0.5300,0.5550,0.5300,0.5350,66713,0
D,2013-10-23,0.5150,0.5400,0.5050,0.5250,33367,0
D,2013-10-22,0.4950,0.5150,0.4950,0.5100,3618,0
D,2013-10-21,0.4950,0.4950,0.4950,0.4950,470,0
D,2013-10-18,0.4950,0.4950,0.4950,0.4950,1619,0
D,2013-10-17,0.4900,0.5000,0.4900,0.4900,2830,0
D,2013-10-16,0.4900,0.4950,0.4900,0.4900,1663,0
D,2013-10-14,0.4900,0.5000,0.4900,0.4900,1453,0
D,2013-10-11,0.4900,0.4950,0.4900,0.4900,4952,0
D,2013-10-10,0.4900,0.4900,0.4850,0.4900,2631,0
D,2013-10-09,0.4850,0.4850,0.4850,0.4850,1250,0
D,2013-10-08,0.4800,0.4850,0.4800,0.4850,2604,0
D,2013-10-07,0.4850,0.4850,0.4800,0.4850,1901,0
D,2013-10-04,0.5000,0.5000,0.4850,0.4900,3089,0
D,2013-10-03,0.4750,0.4950,0.4700,0.4950,5831,0
D,2013-10-02,0.4650,0.4700,0.4650,0.4700,510,0
D,2013-10-01,0.4850,0.4850,0.4650,0.4650,699,0
D,2013-09-30,0.4650,0.4650,0.4600,0.4600,888,0
D,2013-09-27,0.4700,0.4700,0.4650,0.4700,1950,0
D,2013-09-26,0.4750,0.4750,0.4650,0.4650,961,0
D,2013-09-25,0.4750,0.4750,0.4650,0.4750,249,0
D,2013-09-24,0.4750,0.4900,0.4750,0.4900,1467,0
D,2013-09-23,0.4750,0.4850,0.4750,0.4750,2040,0
D,2013-09-20,0.4800,0.4800,0.4750,0.4750,808,0
D,2013-09-19,0.4650,0.4800,0.4650,0.4800,301,0
D,2013-09-18,0.4750,0.4750,0.4700,0.4700,483,0
D,2013-09-17,0.4600,0.4800,0.4600,0.4800,151,0
D,2013-09-13,0.4800,0.4800,0.4650,0.4700,1360,0
D,2013-09-12,0.4700,0.4700,0.4700,0.4700,900,0
D,2013-09-11,0.4650,0.4700,0.4650,0.4700,440,0
D,2013-09-10,0.4600,0.4700,0.4600,0.4700,400,0
D,2013-09-09,0.4700,0.4700,0.4700,0.4700,200,0
D,2013-09-06,0.4650,0.4650,0.4500,0.4500,230,0
D,2013-09-05,0.4550,0.4650,0.4550,0.4650,880,0
D,2013-09-04,0.4450,0.4700,0.4450,0.4600,410,0
D,2013-09-03,0.4500,0.4500,0.4450,0.4450,191,0
D,2013-09-02,0.4400,0.4600,0.4400,0.4400,631,0
D,2013-08-30,0.4500,0.4500,0.4400,0.4500,350,0
D,2013-08-29,0.4500,0.4550,0.4400,0.4550,659,0
D,2013-08-28,0.4300,0.4400,0.4300,0.4400,540,0
D,2013-08-27,0.4600,0.4600,0.4450,0.4500,3686,0
D,2013-08-26,0.4550,0.4700,0.4500,0.4650,1037,0
D,2013-08-23,0.4700,0.4750,0.4650,0.4650,1589,0
D,2013-08-22,0.4750,0.4750,0.4600,0.4600,1376,0
D,2013-08-21,0.4850,0.4850,0.4750,0.4800,1490,0
D,2013-08-20,0.4850,0.4900,0.4800,0.4850,1927,0
D,2013-08-19,0.5000,0.5000,0.4850,0.4900,1662,0
D,2013-08-16,0.4950,0.5000,0.4900,0.4950,1165,0
D,2013-08-15,0.5000,0.5000,0.4950,0.4950,350,0
D,2013-08-14,0.4950,0.5100,0.4950,0.5000,817,0
D,2013-08-13,0.5000,0.5000,0.4950,0.4950,298,0
D,2013-08-12,0.5000,0.5100,0.5000,0.5000,1181,0
D,2013-08-07,0.5000,0.5000,0.5000,0.5000,205,0
D,2013-08-06,0.4950,0.5000,0.4850,0.5000,551,0
D,2013-08-05,0.4900,0.5000,0.4900,0.4950,268,0
D,2013-08-02,0.4900,0.5100,0.4900,0.4950,5808,0
D,2013-08-01,0.4700,0.4850,0.4700,0.4850,716,0
D,2013-07-31,0.4900,0.4900,0.4700,0.4750,670,0
D,2013-07-30,0.4700,0.4800,0.4650,0.4750,1533,0
D,2013-07-29,0.4800,0.4800,0.4700,0.4700,3360,0
D,2013-07-26,0.4900,0.4900,0.4800,0.4850,3936,0
D,2013-07-25,0.4950,0.5050,0.4950,0.5000,2100,0
D,2013-07-24,0.5000,0.5050,0.5000,0.5000,1359,0
D,2013-07-23,0.5050,0.5100,0.4950,0.5000,5761,0
D,2013-07-22,0.5100,0.5200,0.5050,0.5200,4030,0
D,2013-07-19,0.5100,0.5200,0.5100,0.5200,10930,0
D,2013-07-18,0.5000,0.5100,0.5000,0.5100,2647,0
D,2013-07-17,0.5100,0.5100,0.5000,0.5000,6029,0
D,2013-07-16,0.5200,0.5200,0.5100,0.5150,4578,0
D,2013-07-15,0.4900,0.5300,0.4900,0.5250,23810,0
D,2013-07-12,0.4900,0.5000,0.4900,0.5000,2550,0
D,2013-07-11,0.4900,0.4950,0.4850,0.4850,2207,0
D,2013-07-10,0.4950,0.4950,0.4900,0.4900,3288,0
D,2013-07-09,0.4850,0.4950,0.4800,0.4900,7729,0
D,2013-07-08,0.4800,0.5000,0.4750,0.4800,7800,0
D,2013-07-05,0.4750,0.4850,0.4550,0.4800,4797,0
D,2013-07-04,0.4300,0.4600,0.4300,0.4600,200,0
D,2013-07-03,0.4350,0.4400,0.4350,0.4400,50,0
D,2013-07-02,0.4400,0.4450,0.4350,0.4350,721,0
D,2013-07-01,0.4350,0.4400,0.4300,0.4400,635,0
D,2013-06-28,0.4500,0.4500,0.4400,0.4400,230,0
D,2013-06-27,0.4450,0.4550,0.4400,0.4400,2140,0
D,2013-06-26,0.4400,0.4500,0.4400,0.4400,1361,0
D,2013-06-25,0.4550,0.4550,0.4350,0.4500,3923,0
D,2013-06-24,0.4650,0.4650,0.4450,0.4450,3946,0
D,2013-06-21,0.4500,0.4850,0.4500,0.4850,8099,0
D,2013-06-20,0.5000,0.5000,0.4600,0.4650,19480,0
D,2013-06-19,0.5100,0.5150,0.4950,0.5000,17578,0
D,2013-06-18,0.5350,0.5350,0.5050,0.5100,11656,0
D,2013-06-17,0.5450,0.5500,0.5350,0.5400,8365,0
D,2013-06-14,0.5250,0.5500,0.5250,0.5400,30730,0
D,2013-06-13,0.5250,0.5450,0.5100,0.5100,16311,0
D,2013-06-12,0.5050,0.5350,0.4900,0.5250,17431,0
D,2013-06-11,0.5250,0.5300,0.4900,0.4950,9094,0
D,2013-06-10,0.4500,0.5250,0.4500,0.5250,24301,0
D,2013-06-07,0.4400,0.4500,0.4400,0.4500,2020,0
D,2013-06-06,0.4500,0.4600,0.4350,0.4450,5321,0
D,2013-06-05,0.4550,0.4600,0.4550,0.4600,3393,0
D,2013-06-04,0.4750,0.4750,0.4450,0.4600,2958,0
D,2013-06-03,0.4650,0.4850,0.4400,0.4650,10020,0
D,2013-05-31,0.4050,0.4650,0.4050,0.4600,9762,0
D,2013-05-30,0.4000,0.4000,0.3950,0.3950,850,0
D,2013-05-29,0.4050,0.4050,0.4000,0.4050,1048,0
D,2013-05-28,0.3900,0.4100,0.3900,0.4000,1201,0
D,2013-05-27,0.4100,0.4100,0.4000,0.4000,483,0
D,2013-05-23,0.4150,0.4150,0.4150,0.4150,0,0
D,2013-05-22,0.4150,0.4150,0.4100,0.4150,1450,0
D,2013-05-21,0.4050,0.4200,0.4050,0.4100,1258,0
D,2013-05-20,0.3950,0.4050,0.3950,0.4000,1147,0
D,2013-05-17,0.3850,0.3850,0.3850,0.3850,120,0
D,2013-05-16,0.3950,0.3950,0.3900,0.3900,1080,0
D,2013-05-15,0.3800,0.3950,0.3800,0.3950,385,0
D,2013-05-14,0.3850,0.3850,0.3800,0.3850,445,0
D,2013-05-13,0.3850,0.3850,0.3800,0.3850,753,0
D,2013-05-10,0.3850,0.3900,0.3850,0.3900,570,0
D,2013-05-09,0.3800,0.3850,0.3800,0.3850,483,0
D,2013-05-08,0.3800,0.3800,0.3650,0.3750,920,0
D,2013-05-07,0.3700,0.3700,0.3700,0.3700,0,0
D,2013-05-06,0.3800,0.3800,0.3700,0.3700,180,0
D,2013-05-03,0.3650,0.3650,0.3600,0.3600,210,0
D,2013-05-02,0.3650,0.3650,0.3600,0.3600,750,0
D,2013-04-30,0.3650,0.3650,0.3650,0.3650,100,0
D,2013-04-29,0.3800,0.3850,0.3750,0.3850,155,0
D,2013-04-26,0.3800,0.3900,0.3750,0.3900,279,0
D,2013-04-25,0.3800,0.3800,0.3750,0.3750,50,0
D,2013-04-24,0.3800,0.3800,0.3750,0.3750,294,0
D,2013-04-23,0.3750,0.3750,0.3750,0.3750,0,0
D,2013-04-22,0.3750,0.3750,0.3750,0.3750,20,0
D,2013-04-19,0.3950,0.3950,0.3950,0.3950,0,0
D,2013-04-18,0.3750,0.3950,0.3750,0.3950,19,0
D,2013-04-17,0.3750,0.3950,0.3750,0.3900,179,0
D,2013-04-16,0.3800,0.3800,0.3750,0.3750,100,0
D,2013-04-15,0.3800,0.3900,0.3800,0.3900,220,0
D,2013-04-12,0.3800,0.3800,0.3800,0.3800,0,0
D,2013-04-11,0.3800,0.3800,0.3750,0.3800,239,0
D,2013-04-10,0.3750,0.3750,0.3750,0.3750,100,0
D,2013-04-09,0.3900,0.3900,0.3850,0.3900,210,0
D,2013-04-08,0.3850,0.3850,0.3800,0.3800,381,0
D,2013-04-05,0.3700,0.3700,0.3700,0.3700,70,0
D,2013-04-04,0.3700,0.3700,0.3700,0.3700,200,0
D,2013-04-03,0.3700,0.3750,0.3700,0.3750,103,0
D,2013-04-02,0.4000,0.4000,0.4000,0.4000,0,0
D,2013-04-01,0.4000,0.4000,0.4000,0.4000,323,0
D,2013-03-29,0.3550,0.3550,0.3550,0.3550,0,0
D,2013-03-28,0.3750,0.3750,0.3550,0.3550,50,0
D,2013-03-27,0.3750,0.3750,0.3750,0.3750,0,0
D,2013-03-26,0.3750,0.3750,0.3750,0.3750,60,0
D,2013-03-25,0.3750,0.3750,0.3750,0.3750,0,0
D,2013-03-22,0.3750,0.4000,0.3750,0.3750,109,0
D,2013-03-21,0.3700,0.3950,0.3700,0.3950,1041,0
D,2013-03-20,0.3750,0.3750,0.3750,0.3750,0,0
D,2013-03-19,0.3800,0.3800,0.3750,0.3750,100,0
D,2013-03-18,0.3900,0.4000,0.3800,0.3900,410,0
D,2013-03-15,0.3600,0.3650,0.3600,0.3650,210,0
D,2013-03-14,0.3800,0.4050,0.3800,0.4050,50,0
D,2013-03-13,0.3800,0.3800,0.3800,0.3800,0,0
D,2013-03-12,0.3800,0.3800,0.3800,0.3800,8,0
D,2013-03-11,0.3800,0.3800,0.3800,0.3800,0,0
D,2013-03-08,0.3800,0.3800,0.3800,0.3800,0,0
D,2013-03-07,0.3800,0.3800,0.3800,0.3800,0,0
D,2013-03-06,0.3800,0.3800,0.3800,0.3800,140,0
D,2013-03-05,0.3850,0.3850,0.3850,0.3850,220,0
D,2013-03-04,0.3950,0.3950,0.3950,0.3950,100,0
D,2013-03-01,0.3800,0.4000,0.3800,0.4000,40,0
D,2013-02-28,0.4000,0.4000,0.4000,0.4000,1000,0
D,2013-02-27,0.4000,0.4000,0.3800,0.3800,210,0
D,2013-02-26,0.3900,0.4200,0.3800,0.4200,1588,0
D,2013-02-25,0.3800,0.3800,0.3800,0.3800,1100,0
D,2013-02-22,0.3800,0.3800,0.3800,0.3800,150,0
D,2013-02-21,0.3800,0.3850,0.3800,0.3800,4183,0
D,2013-02-20,0.3750,0.3800,0.3750,0.3800,170,0
D,2013-02-19,0.3800,0.3800,0.3800,0.3800,240,0
D,2013-02-18,0.3800,0.3800,0.3800,0.3800,0,0
D,2013-02-15,0.3800,0.3800,0.3800,0.3800,110,0
D,2013-02-14,0.3800,0.3900,0.3800,0.3900,1050,0
D,2013-02-13,0.3800,0.3800,0.3800,0.3800,0,0
D,2013-02-08,0.3800,0.3850,0.3800,0.3800,380,0
D,2013-02-07,0.3800,0.3850,0.3800,0.3800,649,0
D,2013-02-06,0.3500,0.3800,0.3500,0.3800,1120,0
D,2013-02-05,0.3850,0.3850,0.3850,0.3850,0,0
D,2013-02-04,0.3850,0.3850,0.3850,0.3850,150,0
D,2013-01-31,0.3800,0.3800,0.3800,0.3800,413,0
D,2013-01-30,0.3800,0.3850,0.3800,0.3850,270,0
D,2013-01-29,0.3800,0.3850,0.3800,0.3850,996,0
D,2013-01-25,0.3800,0.3800,0.3800,0.3800,0,0
D,2013-01-23,0.3800,0.3800,0.3800,0.3800,200,0
D,2013-01-22,0.3850,0.3850,0.3850,0.3850,0,0
D,2013-01-21,0.3850,0.3850,0.3850,0.3850,705,0
D,2013-01-18,0.3850,0.3850,0.3800,0.3800,130,0
D,2013-01-17,0.3800,0.3800,0.3800,0.3800,0,0
D,2013-01-16,0.3800,0.3850,0.3800,0.3800,90,0
D,2013-01-15,0.3800,0.4000,0.3800,0.4000,31,0
D,2013-01-14,0.3800,0.3800,0.3800,0.3800,175,0
D,2013-01-11,0.3950,0.3950,0.3950,0.3950,0,0
D,2013-01-10,0.3800,0.3950,0.3800,0.3950,378,0
D,2013-01-09,0.3800,0.3800,0.3800,0.3800,40,0
D,2013-01-08,0.3850,0.4000,0.3800,0.3850,860,0
D,2013-01-07,0.3850,0.3850,0.3850,0.3850,80,0
D,2013-01-04,0.3850,0.3850,0.3850,0.3850,0,0
D,2013-01-03,0.3850,0.3850,0.3850,0.3850,0,0
D,2013-01-02,0.3850,0.3850,0.3850,0.3850,0,0
D,2012-12-31,0.3850,0.3850,0.3850,0.3850,0,0
D,2012-12-28,0.3850,0.3850,0.3850,0.3850,133,0
D,2012-12-27,0.3800,0.3800,0.3750,0.3800,2570,0
D,2012-12-26,0.3900,0.3900,0.3900,0.3900,100,0
D,2012-12-24,0.3850,0.3900,0.3850,0.3900,160,0
D,2012-12-21,0.3900,0.3900,0.3900,0.3900,0,0
D,2012-12-20,0.3900,0.3900,0.3900,0.3900,450,0
D,2012-12-19,0.3850,0.3850,0.3850,0.3850,10,0
D,2012-12-18,0.3800,0.3800,0.3800,0.3800,41,0
D,2012-12-17,0.3850,0.3850,0.3850,0.3850,0,0
D,2012-12-14,0.3850,0.3850,0.3850,0.3850,0,0
D,2012-12-13,0.3850,0.3850,0.3850,0.3850,0,0
D,2012-12-12,0.3900,0.3900,0.3850,0.3850,219,0
D,2012-12-11,0.3800,0.3800,0.3800,0.3800,54,0
D,2012-12-10,0.3850,0.3850,0.3850,0.3850,10,0
D,2012-12-07,0.3900,0.3900,0.3900,0.3900,500,0
D,2012-12-06,0.3900,0.4000,0.3850,0.4000,210,0
D,2012-12-05,0.3900,0.3900,0.3900,0.3900,320,0
D,2012-12-04,0.3950,0.3950,0.3900,0.3900,369,0
D,2012-12-03,0.3850,0.3900,0.3850,0.3900,340,0
D,2012-11-30,0.3850,0.4200,0.3850,0.3900,630,0
D,2012-11-29,0.3850,0.3850,0.3850,0.3850,30,0
D,2012-11-28,0.3900,0.3950,0.3850,0.3950,1694,0
D,2012-11-27,0.3800,0.3800,0.3800,0.3800,0,0
D,2012-11-26,0.3800,0.3800,0.3800,0.3800,10550,0
D,2012-11-23,0.3850,0.3850,0.3800,0.3800,270,0
D,2012-11-22,0.3800,0.3800,0.3800,0.3800,38,0
D,2012-11-21,0.3800,0.3800,0.3800,0.3800,30,0
D,2012-11-20,0.3800,0.3800,0.3800,0.3800,0,0
D,2012-11-19,0.3850,0.3850,0.3800,0.3800,618,0
D,2012-11-16,0.3850,0.3900,0.3850,0.3850,1600,0
D,2012-11-14,0.3850,0.3850,0.3850,0.3850,0,0
D,2012-11-12,0.3900,0.3900,0.3850,0.3850,510,0
D,2012-11-09,0.3950,0.3950,0.3800,0.3800,1442,0
D,2012-11-08,0.3850,0.3850,0.3800,0.3800,2269,0
D,2012-11-07,0.3800,0.3850,0.3800,0.3800,1535,0
D,2012-11-06,0.3800,0.4000,0.3800,0.3850,1004,0
D,2012-11-05,0.3900,0.3900,0.3900,0.3900,0,0
D,2012-11-02,0.3850,0.4200,0.3850,0.3900,72,0
D,2012-11-01,0.3900,0.3900,0.3800,0.3800,100,0
D,2012-10-31,0.3900,0.3900,0.3900,0.3900,0,0
D,2012-10-30,0.3900,0.3900,0.3900,0.3900,0,0
D,2012-10-29,0.3900,0.3900,0.3900,0.3900,20,0
D,2012-10-25,0.3900,0.3900,0.3850,0.3900,310,0
D,2012-10-24,0.3900,0.3900,0.3900,0.3900,0,0
D,2012-10-23,0.3900,0.3900,0.3900,0.3900,30,0
D,2012-10-22,0.3900,0.3900,0.3900,0.3900,150,0
D,2012-10-19,0.3900,0.4000,0.3900,0.3950,260,0
D,2012-10-18,0.3950,0.3950,0.3950,0.3950,150,0
D,2012-10-17,0.3950,0.4000,0.3950,0.3950,455,0
D,2012-10-16,0.3950,0.4000,0.3950,0.3950,421,0
D,2012-10-15,0.3950,0.4000,0.3950,0.4000,59,0
D,2012-10-12,0.3950,0.4000,0.3950,0.4000,244,0
D,2012-10-11,0.4000,0.4000,0.4000,0.4000,658,0
D,2012-10-10,0.4000,0.4050,0.3950,0.4000,881,0
D,2012-10-09,0.4050,0.4150,0.4000,0.4000,850,0
D,2012-10-08,0.4050,0.4050,0.4050,0.4050,0,0
D,2012-10-05,0.4000,0.4050,0.4000,0.4050,229,0
D,2012-10-04,0.4100,0.4100,0.4000,0.4100,1606,0
D,2012-10-03,0.4150,0.4250,0.4150,0.4250,21,0
D,2012-05-03,0.4300,0.4300,0.4300,0.4300,0,0
D,2012-05-02,0.4300,0.4300,0.4300,0.4300,0,0
