D,2014-10-14,0.2250,0.2350,0.2250,0.2300,50380,0
D,2014-10-13,0.2250,0.2400,0.2250,0.2300,75591,0
D,2014-10-10,0.2300,0.2300,0.2250,0.2300,32720,0
D,2014-10-09,0.2400,0.2450,0.2350,0.2350,78074,0
D,2014-10-08,0.2350,0.2400,0.2300,0.2350,149177,0
D,2014-10-07,0.2650,0.2650,0.2350,0.2400,106245,0
D,2014-10-03,0.2600,0.2650,0.2550,0.2600,50241,0
D,2014-10-02,0.2650,0.2650,0.2550,0.2600,57555,0
D,2014-10-01,0.2900,0.2950,0.2650,0.2700,109014,0
D,2014-09-30,0.2750,0.2950,0.2750,0.2950,203597,0
D,2014-09-29,0.3050,0.3050,0.2750,0.2750,183056,0
D,2014-09-26,0.3100,0.3200,0.3000,0.3000,70201,0
D,2014-09-25,0.3400,0.3450,0.3100,0.3100,287178,0
D,2014-09-24,0.3400,0.3500,0.3350,0.3400,187506,0
D,2014-09-23,0.3550,0.3600,0.3350,0.3350,369656,0
D,2014-09-22,0.3700,0.3700,0.3550,0.3600,190852,0
D,2014-09-19,0.3700,0.3750,0.3650,0.3650,281843,0
D,2014-09-18,0.3550,0.3850,0.3550,0.3700,503499,0
D,2014-09-17,0.3550,0.3650,0.3450,0.3600,412160,0
D,2014-09-15,0.3500,0.3600,0.3350,0.3450,366802,0
D,2014-09-12,0.3100,0.3500,0.3050,0.3400,388704,0
D,2014-09-11,0.3050,0.3050,0.3000,0.3050,46746,0
D,2014-09-10,0.3000,0.3100,0.3000,0.3050,390065,0
D,2014-09-09,0.2900,0.2950,0.2850,0.2900,41204,0
D,2014-09-08,0.2950,0.3000,0.2900,0.2900,56949,0
D,2014-09-05,0.2950,0.3000,0.2850,0.2950,100049,0
D,2014-09-04,0.3000,0.3150,0.2950,0.2950,346498,0
D,2014-09-03,0.2900,0.3050,0.2900,0.2950,217135,0
D,2014-09-02,0.2700,0.2900,0.2700,0.2900,164064,0
D,2014-08-29,0.2700,0.2750,0.2650,0.2700,72640,0
D,2014-08-28,0.2650,0.2800,0.2650,0.2700,290959,0
D,2014-08-27,0.2550,0.2550,0.2500,0.2550,76324,0
D,2014-08-26,0.2500,0.2550,0.2450,0.2550,44126,0
D,2014-08-25,0.2500,0.2550,0.2450,0.2500,77493,0
D,2014-08-22,0.2450,0.2550,0.2400,0.2450,217125,0
D,2014-08-21,0.2300,0.2400,0.2300,0.2350,46344,0
D,2014-08-20,0.2200,0.2500,0.2200,0.2350,256039,0
D,2014-08-19,0.2200,0.2250,0.2200,0.2250,7585,0
D,2014-08-18,0.2200,0.2250,0.2150,0.2250,21045,0
D,2014-08-15,0.2200,0.2200,0.2150,0.2150,15801,0
D,2014-08-14,0.2200,0.2200,0.2150,0.2150,7155,0
D,2014-08-13,0.2250,0.2250,0.2150,0.2150,7875,0
D,2014-08-12,0.2200,0.2250,0.2150,0.2200,42905,0
D,2014-08-11,0.2200,0.2300,0.2150,0.2200,85420,0
D,2014-08-08,0.2200,0.2200,0.2100,0.2150,37845,0
D,2014-08-07,0.2200,0.2200,0.2150,0.2200,3744,0
D,2014-08-06,0.2250,0.2250,0.2200,0.2200,18697,0
D,2014-08-05,0.2250,0.2250,0.2200,0.2200,30560,0
D,2014-08-04,0.2250,0.2250,0.2200,0.2200,14551,0
D,2014-08-01,0.2200,0.2250,0.2200,0.2200,25856,0
D,2014-07-31,0.2150,0.2250,0.2150,0.2250,46410,0
D,2014-07-30,0.2150,0.2200,0.2150,0.2200,7041,0
D,2014-07-25,0.2150,0.2200,0.2150,0.2150,17313,0
D,2014-07-24,0.2150,0.2200,0.2100,0.2100,27893,0
D,2014-07-23,0.2200,0.2200,0.2150,0.2150,16479,0
D,2014-07-22,0.2200,0.2200,0.2150,0.2200,8203,0
D,2014-07-21,0.2200,0.2250,0.2150,0.2200,37570,0
D,2014-07-18,0.2100,0.2300,0.2100,0.2200,127715,0
D,2014-07-17,0.2100,0.2100,0.2050,0.2100,20178,0
D,2014-07-16,0.2050,0.2100,0.2050,0.2100,19033,0
D,2014-07-14,0.2100,0.2100,0.2050,0.2100,6262,0
D,2014-07-11,0.2100,0.2150,0.2050,0.2050,34118,0
D,2014-07-10,0.2100,0.2250,0.2050,0.2100,161876,0
D,2014-07-09,0.2000,0.2000,0.1950,0.2000,26105,0
D,2014-07-08,0.1950,0.2000,0.1900,0.1950,27611,0
D,2014-07-07,0.1950,0.2000,0.1900,0.1950,19197,0
D,2014-07-04,0.1950,0.2000,0.1900,0.1950,28033,0
D,2014-07-03,0.1950,0.2000,0.1900,0.1950,9985,0
D,2014-07-02,0.1950,0.1950,0.1900,0.1950,34280,0
D,2014-07-01,0.1900,0.1950,0.1900,0.1950,14739,0
D,2014-06-30,0.1900,0.1950,0.1900,0.1950,77880,0
D,2014-06-27,0.1900,0.1900,0.1850,0.1900,21944,0
D,2014-06-26,0.1900,0.1900,0.1850,0.1900,13695,0
D,2014-06-25,0.1850,0.1950,0.1850,0.1850,64551,0
D,2014-06-24,0.1850,0.1950,0.1850,0.1850,46131,0
D,2014-06-23,0.1700,0.1900,0.1700,0.1850,59538,0
D,2014-06-20,0.1700,0.1700,0.1650,0.1700,5427,0
D,2014-06-19,0.1650,0.1700,0.1650,0.1650,11561,0
D,2014-06-18,0.1550,0.1650,0.1550,0.1650,3141,0
D,2014-06-17,0.1550,0.1550,0.1550,0.1550,1000,0
D,2014-06-16,0.1600,0.1600,0.1550,0.1550,360,0
D,2014-06-13,0.1600,0.1600,0.1550,0.1550,2720,0
D,2014-06-12,0.1550,0.1600,0.1550,0.1600,1961,0
D,2014-06-11,0.1600,0.1600,0.1550,0.1550,298,0
D,2014-06-10,0.1600,0.1600,0.1600,0.1600,104,0
D,2014-06-09,0.1600,0.1600,0.1550,0.1550,2065,0
D,2014-06-06,0.1550,0.1600,0.1550,0.1550,2362,0
D,2014-06-05,0.1600,0.1600,0.1550,0.1550,103,0
D,2014-06-04,0.1550,0.1550,0.1550,0.1550,1300,0
D,2014-06-03,0.1600,0.1650,0.1600,0.1650,305,0
D,2014-06-02,0.1600,0.1650,0.1550,0.1550,3114,0
D,2014-05-30,0.1650,0.1650,0.1600,0.1650,618,0
D,2014-05-29,0.1600,0.1650,0.1600,0.1600,1034,0
D,2014-05-28,0.1700,0.1700,0.1600,0.1650,807,0
D,2014-05-27,0.1650,0.1750,0.1600,0.1650,23145,0
D,2014-05-26,0.1650,0.1650,0.1600,0.1650,1801,0
D,2014-05-23,0.1700,0.1700,0.1600,0.1600,2140,0
D,2014-05-22,0.1600,0.1700,0.1600,0.1650,5230,0
D,2014-05-21,0.1600,0.1600,0.1550,0.1550,900,0
D,2014-05-20,0.1550,0.1600,0.1550,0.1600,1480,0
D,2014-05-19,0.1550,0.1550,0.1550,0.1550,580,0
D,2014-05-16,0.1550,0.1600,0.1550,0.1600,530,0
D,2014-05-15,0.1600,0.1600,0.1600,0.1600,100,0
D,2014-05-14,0.1600,0.1600,0.1600,0.1600,100,0
D,2014-05-12,0.1600,0.1600,0.1600,0.1600,700,0
D,2014-05-09,0.1600,0.1600,0.1600,0.1600,1500,0
D,2014-05-08,0.1600,0.1600,0.1550,0.1550,1901,0
D,2014-05-07,0.1600,0.1600,0.1550,0.1550,4150,0
D,2014-05-06,0.1600,0.1600,0.1550,0.1550,1800,0
D,2014-05-05,0.1600,0.1600,0.1600,0.1600,891,0
D,2014-05-02,0.1700,0.1700,0.1600,0.1600,1350,0
D,2014-04-30,0.1600,0.1600,0.1600,0.1600,800,0
D,2014-04-29,0.1650,0.1650,0.1650,0.1650,1800,0
D,2014-04-28,0.1700,0.1700,0.1650,0.1700,2050,0
D,2014-04-25,0.1700,0.1750,0.1700,0.1750,21597,0
D,2014-04-24,0.1650,0.1750,0.1650,0.1700,19538,0
D,2014-04-23,0.1600,0.1650,0.1600,0.1650,2035,0
D,2014-04-22,0.1650,0.1650,0.1600,0.1600,1700,0
D,2014-04-21,0.1550,0.1700,0.1550,0.1650,5062,0
D,2014-04-18,0.1600,0.1600,0.1550,0.1550,4300,0
D,2014-04-17,0.1650,0.1650,0.1600,0.1600,5266,0
D,2014-04-16,0.1600,0.1600,0.1600,0.1600,849,0
D,2014-04-15,0.1600,0.1600,0.1550,0.1600,1051,0
D,2014-04-14,0.1600,0.1600,0.1600,0.1600,0,0
D,2014-04-11,0.1550,0.1600,0.1550,0.1600,3310,0
D,2014-04-10,0.1550,0.1550,0.1500,0.1550,1075,0
D,2014-04-09,0.1550,0.1550,0.1550,0.1550,450,0
D,2014-04-08,0.1550,0.1550,0.1500,0.1550,2850,0
D,2014-04-07,0.1550,0.1550,0.1550,0.1550,669,0
D,2014-04-04,0.1550,0.1550,0.1500,0.1550,4600,0
D,2014-04-03,0.1550,0.1550,0.1550,0.1550,400,0
D,2014-04-02,0.1550,0.1550,0.1550,0.1550,0,0
D,2014-04-01,0.1550,0.1550,0.1550,0.1550,1480,0
D,2014-03-31,0.1550,0.1550,0.1550,0.1550,0,0
D,2014-03-28,0.1550,0.1600,0.1550,0.1550,950,0
D,2014-03-27,0.1550,0.1550,0.1550,0.1550,880,0
D,2014-03-26,0.1500,0.1500,0.1500,0.1500,800,0
D,2014-03-25,0.1550,0.1550,0.1500,0.1500,2682,0
D,2014-03-24,0.1550,0.1550,0.1550,0.1550,420,0
D,2014-03-21,0.1550,0.1550,0.1550,0.1550,1330,0
D,2014-03-20,0.1550,0.1550,0.1550,0.1550,1650,0
D,2014-03-19,0.1550,0.1550,0.1550,0.1550,50,0
D,2014-03-18,0.1600,0.1600,0.1600,0.1600,150,0
D,2014-03-17,0.1550,0.1550,0.1550,0.1550,0,0
D,2014-03-14,0.1600,0.1600,0.1550,0.1550,5400,0
D,2014-03-13,0.1600,0.1650,0.1600,0.1650,300,0
D,2014-03-12,0.1550,0.1550,0.1550,0.1550,600,0
D,2014-03-11,0.1550,0.1550,0.1550,0.1550,100,0
D,2014-03-10,0.1600,0.1600,0.1600,0.1600,0,0
D,2014-03-07,0.1600,0.1600,0.1600,0.1600,2500,0
D,2014-03-06,0.1550,0.1600,0.1550,0.1600,1890,0
D,2014-03-05,0.1550,0.1550,0.1550,0.1550,1000,0
D,2014-03-04,0.1600,0.1600,0.1600,0.1600,1420,0
D,2014-03-03,0.1600,0.1600,0.1550,0.1600,4047,0
D,2014-02-28,0.1650,0.1650,0.1600,0.1600,3509,0
D,2014-02-27,0.1650,0.1650,0.1650,0.1650,200,0
D,2014-02-26,0.1650,0.1650,0.1600,0.1600,1893,0
D,2014-02-25,0.1650,0.1650,0.1600,0.1600,5283,0
D,2014-02-24,0.1650,0.1650,0.1650,0.1650,5059,0
D,2014-02-21,0.1600,0.1650,0.1600,0.1650,1351,0
D,2014-02-20,0.1700,0.1700,0.1600,0.1650,2400,0
D,2014-02-19,0.1650,0.1700,0.1650,0.1700,2407,0
D,2014-02-18,0.1650,0.1650,0.1650,0.1650,2832,0
D,2014-02-17,0.1650,0.1700,0.1650,0.1700,3029,0
D,2014-02-14,0.1700,0.1700,0.1650,0.1700,4130,0
D,2014-02-13,0.1650,0.1800,0.1650,0.1750,41615,0
D,2014-02-12,0.1600,0.1650,0.1600,0.1650,3930,0
D,2014-02-11,0.1550,0.1600,0.1550,0.1600,1350,0
D,2014-02-10,0.1600,0.1600,0.1550,0.1550,600,0
D,2014-02-07,0.1500,0.1600,0.1500,0.1600,2474,0
D,2014-02-06,0.1500,0.1500,0.1500,0.1500,200,0
D,2014-02-05,0.1500,0.1500,0.1500,0.1500,750,0
D,2014-02-04,0.1500,0.1500,0.1500,0.1500,500,0
D,2014-01-30,0.1500,0.1500,0.1500,0.1500,300,0
D,2014-01-29,0.1550,0.1550,0.1500,0.1500,101,0
D,2014-01-28,0.1500,0.1500,0.1500,0.1500,160,0
D,2014-01-27,0.1500,0.1500,0.1500,0.1500,1813,0
D,2014-01-24,0.1550,0.1550,0.1550,0.1550,1761,0
D,2014-01-23,0.1600,0.1600,0.1600,0.1600,0,0
D,2014-01-22,0.1600,0.1600,0.1600,0.1600,310,0
D,2014-01-21,0.1550,0.1550,0.1550,0.1550,1400,0
D,2014-01-20,0.1600,0.1600,0.1550,0.1550,1300,0
D,2014-01-16,0.1600,0.1600,0.1600,0.1600,300,0
D,2014-01-15,0.1650,0.1650,0.1600,0.1600,1770,0
D,2014-01-13,0.1650,0.1700,0.1650,0.1700,4087,0
D,2014-01-10,0.1600,0.1650,0.1600,0.1650,400,0
D,2014-01-09,0.1600,0.1600,0.1600,0.1600,1400,0
D,2014-01-08,0.1600,0.1600,0.1600,0.1600,450,0
D,2014-01-07,0.1600,0.1600,0.1600,0.1600,1111,0
D,2014-01-06,0.1600,0.1650,0.1600,0.1600,1417,0
D,2014-01-03,0.1600,0.1600,0.1600,0.1600,630,0
D,2014-01-02,0.1600,0.1600,0.1600,0.1600,1070,0
D,2013-12-31,0.1600,0.1650,0.1600,0.1650,2902,0
D,2013-12-30,0.1600,0.1600,0.1600,0.1600,2600,0
D,2013-12-27,0.1600,0.1600,0.1600,0.1600,650,0
D,2013-12-26,0.1550,0.1600,0.1550,0.1600,899,0
D,2013-12-24,0.1600,0.1600,0.1550,0.1600,4771,0
D,2013-12-23,0.1600,0.1600,0.1600,0.1600,3395,0
D,2013-12-20,0.1650,0.1650,0.1600,0.1600,3002,0
D,2013-12-19,0.1600,0.1650,0.1600,0.1650,79,0
D,2013-12-18,0.1600,0.1600,0.1600,0.1600,0,0
D,2013-12-17,0.1600,0.1650,0.1600,0.1600,702,0
D,2013-12-16,0.1650,0.1650,0.1600,0.1600,3501,0
D,2013-12-13,0.1700,0.1700,0.1600,0.1650,4245,0
D,2013-12-12,0.1700,0.1700,0.1650,0.1650,223,0
D,2013-12-11,0.1650,0.1650,0.1650,0.1650,1501,0
D,2013-12-10,0.1650,0.1700,0.1650,0.1700,328,0
D,2013-12-09,0.1600,0.1650,0.1600,0.1650,3568,0
D,2013-12-06,0.1650,0.1650,0.1650,0.1650,100,0
D,2013-12-05,0.1600,0.1650,0.1600,0.1600,831,0
D,2013-12-04,0.1650,0.1650,0.1600,0.1600,2783,0
D,2013-12-03,0.1650,0.1700,0.1650,0.1700,1808,0
D,2013-12-02,0.1650,0.1700,0.1650,0.1650,3529,0
D,2013-11-29,0.1650,0.1700,0.1650,0.1700,850,0
D,2013-11-28,0.1650,0.1700,0.1650,0.1700,1686,0
D,2013-11-27,0.1700,0.1750,0.1650,0.1700,553,0
D,2013-11-26,0.1700,0.1700,0.1700,0.1700,2881,0
D,2013-11-25,0.1700,0.1750,0.1700,0.1750,1772,0
D,2013-11-22,0.1700,0.1700,0.1650,0.1700,2562,0
D,2013-11-21,0.1700,0.1700,0.1650,0.1650,12547,0
D,2013-11-20,0.1700,0.1700,0.1700,0.1700,4960,0
D,2013-11-19,0.1750,0.1800,0.1750,0.1800,3610,0
D,2013-11-18,0.1750,0.1750,0.1700,0.1750,4200,0
D,2013-11-15,0.1800,0.1800,0.1750,0.1800,18641,0
D,2013-11-14,0.1750,0.1800,0.1750,0.1800,1556,0
D,2013-11-13,0.1800,0.1800,0.1750,0.1800,7900,0
D,2013-11-12,0.1900,0.1900,0.1800,0.1800,19341,0
D,2013-11-11,0.1800,0.1900,0.1800,0.1900,120681,0
D,2013-11-08,0.1800,0.1800,0.1800,0.1800,0,0
D,2013-11-07,0.1750,0.1800,0.1700,0.1800,5120,0
D,2013-11-06,0.1750,0.1800,0.1750,0.1800,2025,0
D,2013-11-04,0.1750,0.1750,0.1700,0.1750,7050,0
D,2013-11-01,0.1750,0.1800,0.1700,0.1800,3364,0
D,2013-10-31,0.1800,0.1800,0.1700,0.1700,1816,0
D,2013-10-30,0.1750,0.1800,0.1700,0.1800,9671,0
D,2013-10-29,0.1750,0.1800,0.1750,0.1750,5022,0
D,2013-10-28,0.1750,0.1800,0.1700,0.1700,3632,0
D,2013-10-25,0.1750,0.1750,0.1700,0.1700,1710,0
D,2013-10-24,0.1750,0.1800,0.1750,0.1800,13680,0
D,2013-10-23,0.1750,0.1750,0.1750,0.1750,3292,0
D,2013-10-22,0.1750,0.1750,0.1700,0.1750,2754,0
D,2013-10-21,0.1700,0.1800,0.1700,0.1700,9140,0
D,2013-10-18,0.1750,0.1800,0.1700,0.1700,6600,0
D,2013-10-17,0.1700,0.1700,0.1700,0.1700,810,0
D,2013-10-16,0.1750,0.1750,0.1700,0.1750,2552,0
D,2013-10-14,0.1750,0.1800,0.1750,0.1800,3304,0
D,2013-10-11,0.1800,0.1800,0.1750,0.1800,2903,0
D,2013-10-10,0.1750,0.1800,0.1750,0.1800,3661,0
D,2013-10-09,0.1750,0.1750,0.1750,0.1750,3200,0
D,2013-10-08,0.1750,0.1800,0.1700,0.1750,10190,0
D,2013-10-07,0.1850,0.1850,0.1750,0.1750,6776,0
D,2013-10-04,0.1800,0.1850,0.1800,0.1850,1557,0
D,2013-10-03,0.1800,0.1850,0.1750,0.1850,6673,0
D,2013-10-02,0.1700,0.1800,0.1700,0.1800,17435,0
D,2013-10-01,0.1750,0.1800,0.1700,0.1750,4811,0
D,2013-09-30,0.1750,0.1800,0.1750,0.1800,6150,0
D,2013-09-27,0.1850,0.1850,0.1800,0.1800,14953,0
D,2013-09-26,0.1900,0.1950,0.1850,0.1850,76372,0
D,2013-09-25,0.1800,0.1800,0.1750,0.1750,6100,0
D,2013-09-24,0.1700,0.1800,0.1700,0.1800,5017,0
D,2013-09-23,0.1700,0.1750,0.1700,0.1700,5550,0
D,2013-09-20,0.1700,0.1750,0.1700,0.1700,7065,0
D,2013-09-19,0.1700,0.1750,0.1700,0.1700,2119,0
D,2013-09-18,0.1750,0.1750,0.1700,0.1700,4095,0
D,2013-09-17,0.1700,0.1750,0.1700,0.1700,5979,0
D,2013-09-13,0.1650,0.1700,0.1650,0.1700,18533,0
D,2013-09-12,0.1650,0.1650,0.1650,0.1650,5705,0
D,2013-09-11,0.1650,0.1650,0.1600,0.1650,11950,0
D,2013-09-10,0.1600,0.1650,0.1600,0.1650,3313,0
D,2013-09-09,0.1550,0.1550,0.1550,0.1550,3151,0
D,2013-09-06,0.1550,0.1550,0.1550,0.1550,1590,0
D,2013-09-05,0.1550,0.1600,0.1550,0.1550,3345,0
D,2013-09-04,0.1600,0.1600,0.1550,0.1550,3542,0
D,2013-09-03,0.1550,0.1750,0.1550,0.1600,45186,0
D,2013-09-02,0.1500,0.1550,0.1500,0.1550,4151,0
D,2013-08-30,0.1500,0.1500,0.1500,0.1500,3191,0
D,2013-08-29,0.1500,0.1550,0.1500,0.1500,3611,0
D,2013-08-28,0.1500,0.1550,0.1400,0.1550,7922,0
D,2013-08-27,0.1600,0.1600,0.1550,0.1600,17190,0
D,2013-08-26,0.1650,0.1750,0.1600,0.1650,15181,0
D,2013-08-23,0.1650,0.1650,0.1600,0.1600,1150,0
D,2013-08-22,0.1650,0.1650,0.1600,0.1600,7179,0
D,2013-08-21,0.1650,0.1700,0.1600,0.1700,11638,0
D,2013-08-20,0.1650,0.1700,0.1650,0.1650,13769,0
D,2013-08-19,0.1700,0.1700,0.1650,0.1700,2710,0
D,2013-08-16,0.1750,0.1750,0.1700,0.1700,8463,0
D,2013-08-15,0.1750,0.1850,0.1750,0.1800,54895,0
D,2013-08-14,0.1700,0.1700,0.1700,0.1700,3398,0
D,2013-08-13,0.1650,0.1750,0.1650,0.1700,16867,0
D,2013-08-12,0.1650,0.1700,0.1650,0.1650,3577,0
D,2013-08-07,0.1650,0.1700,0.1650,0.1700,1763,0
D,2013-08-06,0.1650,0.1650,0.1650,0.1650,0,0
D,2013-08-05,0.1650,0.1650,0.1600,0.1650,8505,0
D,2013-08-02,0.1650,0.1650,0.1600,0.1600,3527,0
D,2013-08-01,0.1650,0.1650,0.1600,0.1600,1900,0
D,2013-07-31,0.1650,0.1700,0.1600,0.1600,17783,0
D,2013-07-30,0.1650,0.1700,0.1650,0.1650,15130,0
D,2013-07-29,0.1650,0.1650,0.1650,0.1650,2654,0
D,2013-07-26,0.1700,0.1750,0.1650,0.1650,8962,0
D,2013-07-25,0.1700,0.1800,0.1700,0.1700,21032,0
D,2013-07-24,0.1700,0.1700,0.1650,0.1650,4790,0
D,2013-07-23,0.1700,0.1750,0.1700,0.1700,7946,0
D,2013-07-22,0.1700,0.1700,0.1650,0.1650,2641,0
D,2013-07-19,0.1700,0.1700,0.1650,0.1700,12310,0
D,2013-07-18,0.1700,0.1700,0.1700,0.1700,3150,0
D,2013-07-17,0.1750,0.1750,0.1700,0.1700,11320,0
D,2013-07-16,0.1750,0.1750,0.1700,0.1750,8235,0
D,2013-07-15,0.1750,0.1800,0.1750,0.1750,11271,0
D,2013-07-12,0.1750,0.1750,0.1700,0.1750,5422,0
D,2013-07-11,0.1700,0.1850,0.1700,0.1750,37290,0
D,2013-07-10,0.1700,0.1750,0.1700,0.1750,2540,0
D,2013-07-09,0.1700,0.1700,0.1700,0.1700,2550,0
D,2013-07-08,0.1700,0.1700,0.1700,0.1700,5260,0
D,2013-07-05,0.1700,0.1750,0.1700,0.1700,11810,0
D,2013-07-04,0.1700,0.1700,0.1650,0.1650,1450,0
D,2013-07-03,0.1700,0.1750,0.1650,0.1650,9575,0
D,2013-07-02,0.1700,0.1700,0.1650,0.1700,3828,0
D,2013-07-01,0.1750,0.1750,0.1700,0.1700,11010,0
D,2013-06-28,0.1700,0.1750,0.1650,0.1750,7220,0
D,2013-06-27,0.1700,0.1750,0.1650,0.1700,17623,0
D,2013-06-26,0.1700,0.1700,0.1650,0.1700,7365,0
D,2013-06-25,0.1650,0.1700,0.1650,0.1700,19813,0
D,2013-06-24,0.1750,0.1750,0.1650,0.1650,19130,0
D,2013-06-21,0.1700,0.1750,0.1650,0.1700,44402,0
D,2013-06-20,0.1800,0.1800,0.1700,0.1750,25574,0
D,2013-06-19,0.1950,0.1950,0.1800,0.1850,23021,0
D,2013-06-18,0.1950,0.2000,0.1950,0.1950,61883,0
D,2013-06-17,0.1800,0.1950,0.1800,0.1900,77986,0
D,2013-06-14,0.1750,0.1800,0.1700,0.1750,24214,0
D,2013-06-13,0.1750,0.1800,0.1700,0.1700,20015,0
D,2013-06-12,0.1750,0.1800,0.1750,0.1800,14416,0
D,2013-06-11,0.1800,0.1900,0.1750,0.1750,21701,0
D,2013-06-10,0.1850,0.1850,0.1800,0.1800,40599,0
D,2013-06-07,0.1850,0.1850,0.1800,0.1800,35287,0
D,2013-06-06,0.1900,0.1900,0.1850,0.1850,23170,0
D,2013-06-05,0.2200,0.2200,0.1900,0.1950,58748,0
D,2013-06-04,0.1800,0.2400,0.1800,0.2200,329302,0
D,2013-06-03,0.1750,0.1800,0.1700,0.1750,15173,0
D,2013-05-31,0.1750,0.1800,0.1700,0.1800,25986,0
D,2013-05-30,0.1750,0.1750,0.1700,0.1750,7281,0
D,2013-05-29,0.1800,0.1800,0.1700,0.1750,33719,0
D,2013-05-28,0.1750,0.1800,0.1700,0.1750,25355,0
D,2013-05-27,0.1800,0.1800,0.1750,0.1800,13247,0
D,2013-05-23,0.1900,0.1900,0.1800,0.1800,17200,0
D,2013-05-22,0.1850,0.2050,0.1850,0.1950,115541,0
D,2013-05-21,0.1950,0.1950,0.1850,0.1900,29269,0
D,2013-05-20,0.1800,0.1950,0.1800,0.1900,36806,0
D,2013-05-17,0.1800,0.1800,0.1750,0.1750,6343,0
D,2013-05-16,0.1900,0.1900,0.1750,0.1800,21834,0
D,2013-05-15,0.1750,0.1900,0.1750,0.1900,83267,0
D,2013-05-14,0.1750,0.1800,0.1700,0.1800,14760,0
D,2013-05-13,0.1650,0.1850,0.1650,0.1750,53883,0
D,2013-05-10,0.1500,0.1700,0.1500,0.1650,24962,0
D,2013-05-09,0.1500,0.1500,0.1450,0.1500,6214,0
D,2013-05-08,0.1550,0.1600,0.1500,0.1550,9894,0
D,2013-05-07,0.1500,0.1550,0.1500,0.1550,12074,0
D,2013-05-06,0.1400,0.1500,0.1400,0.1450,15825,0
D,2013-05-03,0.1300,0.1350,0.1300,0.1300,4937,0
D,2013-05-02,0.1350,0.1350,0.1300,0.1300,9989,0
D,2013-04-30,0.1400,0.1400,0.1350,0.1350,7258,0
D,2013-04-29,0.1450,0.1450,0.1400,0.1400,11323,0
D,2013-04-26,0.1450,0.1450,0.1450,0.1450,6938,0
D,2013-04-25,0.1450,0.1500,0.1450,0.1450,11631,0
D,2013-04-24,0.1500,0.1500,0.1450,0.1450,3695,0
D,2013-04-23,0.1500,0.1550,0.1450,0.1450,26856,0
D,2013-04-22,0.1550,0.1550,0.1500,0.1550,4521,0
D,2013-04-19,0.1500,0.1550,0.1500,0.1500,15093,0
D,2013-04-18,0.1550,0.1550,0.1500,0.1500,1750,0
D,2013-04-17,0.1500,0.1550,0.1500,0.1500,10490,0
D,2013-04-16,0.1550,0.1550,0.1500,0.1500,4806,0
D,2013-04-15,0.1550,0.1600,0.1500,0.1500,37155,0
D,2013-04-12,0.1650,0.1650,0.1550,0.1550,8990,0
D,2013-04-11,0.1650,0.1700,0.1600,0.1600,7316,0
D,2013-04-10,0.1700,0.1700,0.1600,0.1650,7486,0
D,2013-04-09,0.1600,0.1750,0.1600,0.1650,84345,0
D,2013-04-08,0.1600,0.1600,0.1550,0.1550,10810,0
D,2013-04-05,0.1600,0.1600,0.1600,0.1600,4600,0
D,2013-04-04,0.1550,0.1650,0.1550,0.1650,13861,0
D,2013-04-03,0.1600,0.1600,0.1500,0.1600,28923,0
D,2013-04-02,0.1550,0.1600,0.1550,0.1600,15730,0
D,2013-04-01,0.1550,0.1550,0.1550,0.1550,1850,0
D,2013-03-29,0.1550,0.1600,0.1550,0.1550,17380,0
D,2013-03-28,0.1500,0.1600,0.1500,0.1550,23907,0
D,2013-03-27,0.1500,0.1550,0.1500,0.1500,6820,0
D,2013-03-26,0.1550,0.1600,0.1550,0.1550,5850,0
D,2013-03-25,0.1550,0.1600,0.1500,0.1550,25930,0
D,2013-03-22,0.1600,0.1600,0.1550,0.1550,19020,0
D,2013-03-21,0.1550,0.1600,0.1550,0.1600,19764,0
D,2013-03-20,0.1600,0.1600,0.1550,0.1600,9997,0
D,2013-03-19,0.1550,0.1650,0.1550,0.1650,74850,0
D,2013-03-18,0.1550,0.1550,0.1500,0.1550,30556,0
D,2013-03-15,0.1600,0.1600,0.1550,0.1550,20128,0
D,2013-03-14,0.1600,0.1600,0.1600,0.1600,20843,0
D,2013-03-13,0.1600,0.1650,0.1600,0.1600,20179,0
D,2013-03-12,0.1650,0.1650,0.1600,0.1600,24621,0
D,2013-03-11,0.1650,0.1700,0.1550,0.1650,55572,0
D,2013-03-08,0.1650,0.1700,0.1600,0.1700,38214,0
D,2013-03-07,0.1650,0.1650,0.1600,0.1600,35311,0
D,2013-03-06,0.1700,0.1700,0.1650,0.1650,28609,0
D,2013-03-05,0.1650,0.1750,0.1600,0.1650,271653,0
D,2013-03-04,0.1700,0.1700,0.1600,0.1650,64073,0
D,2013-03-01,0.1850,0.1850,0.1650,0.1700,141917,0
D,2013-02-28,0.1850,0.1900,0.1800,0.1850,140922,0
D,2013-02-27,0.1900,0.1950,0.1800,0.1800,184189,0
D,2013-02-26,0.2050,0.2050,0.1850,0.1950,47200,0
D,2013-02-25,0.2000,0.2150,0.2000,0.2000,101221,0
D,2013-02-22,0.1900,0.2000,0.1900,0.2000,41401,0
D,2013-02-21,0.2200,0.2350,0.1950,0.1950,259735,0
D,2013-02-20,0.2000,0.2250,0.1950,0.2200,75975,0
D,2013-02-19,0.1950,0.2050,0.1950,0.2000,38653,0
D,2013-02-18,0.1950,0.2050,0.1900,0.2000,69898,0
D,2013-02-15,0.1800,0.2000,0.1800,0.1950,186331,0
D,2013-02-14,0.1850,0.1850,0.1750,0.1800,45389,0
D,2013-02-13,0.1750,0.1850,0.1750,0.1850,81889,0
D,2013-02-08,0.1650,0.1750,0.1650,0.1700,49211,0
D,2013-02-07,0.1700,0.1750,0.1600,0.1700,50987,0
D,2013-02-06,0.2100,0.2150,0.1700,0.1750,216450,0
D,2013-02-05,0.2400,0.2500,0.2050,0.2100,371998,0
D,2013-02-04,0.2800,0.3050,0.2350,0.2400,741252,0
D,2013-01-31,0.2450,0.2750,0.2450,0.2650,121532,0
D,2013-01-30,0.2550,0.2700,0.2400,0.2450,75653,0
D,2013-01-29,0.2550,0.2550,0.2550,0.2550,3590,0
D,2013-01-25,0.2550,0.2600,0.2550,0.2550,28557,0
D,2013-01-23,0.2550,0.2600,0.2550,0.2550,5840,0
D,2013-01-22,0.2450,0.2600,0.2450,0.2550,10412,0
D,2013-01-21,0.2550,0.2550,0.2500,0.2500,17816,0
D,2013-01-18,0.2550,0.2600,0.2550,0.2600,9195,0
D,2013-01-17,0.2550,0.2600,0.2500,0.2600,18995,0
D,2013-01-16,0.2600,0.2600,0.2500,0.2550,7780,0
D,2013-01-15,0.2500,0.2700,0.2500,0.2600,37824,0
D,2013-01-14,0.2550,0.2600,0.2500,0.2500,25401,0
D,2013-01-11,0.2550,0.2600,0.2500,0.2550,18531,0
D,2013-01-10,0.2750,0.2750,0.2550,0.2600,39068,0
D,2013-01-09,0.2950,0.2950,0.2700,0.2700,51710,0
D,2013-01-08,0.3100,0.3200,0.2900,0.2950,85715,0
D,2013-01-07,0.3000,0.3300,0.3000,0.3050,64781,0
D,2013-01-04,0.3000,0.3050,0.2900,0.3050,9790,0
D,2013-01-03,0.3000,0.3100,0.3000,0.3050,3470,0
D,2013-01-02,0.3050,0.3100,0.2900,0.3000,13642,0
D,2012-12-31,0.2650,0.3200,0.2650,0.3100,56428,0
D,2012-12-28,0.2600,0.2650,0.2550,0.2650,1376,0
D,2012-12-27,0.2650,0.2750,0.2600,0.2650,2795,0
D,2012-12-26,0.2450,0.2800,0.2450,0.2700,12891,0
D,2012-12-24,0.2400,0.2500,0.2400,0.2450,4131,0
D,2012-12-21,0.2450,0.2500,0.2350,0.2450,17587,0
D,2012-12-20,0.2450,0.2550,0.2400,0.2500,6433,0
D,2012-12-19,0.2450,0.2500,0.2400,0.2450,5532,0
D,2012-12-18,0.2500,0.2550,0.2400,0.2400,6699,0
D,2012-12-17,0.2650,0.2650,0.2400,0.2500,25592,0
D,2012-12-14,0.2700,0.2700,0.2700,0.2700,3347,0
D,2012-12-13,0.2800,0.2800,0.2700,0.2700,13747,0
D,2012-12-12,0.2900,0.2900,0.2800,0.2800,9921,0
D,2012-12-11,0.2850,0.3050,0.2800,0.2850,54578,0
D,2012-12-10,0.2900,0.2900,0.2800,0.2800,3835,0
D,2012-12-07,0.2750,0.3000,0.2750,0.2900,15992,0
D,2012-12-06,0.2900,0.2900,0.2800,0.2800,6400,0
D,2012-12-05,0.2900,0.3000,0.2850,0.2850,16477,0
D,2012-12-04,0.2800,0.2850,0.2700,0.2850,23582,0
D,2012-12-03,0.2900,0.2900,0.2700,0.2800,16491,0
D,2012-11-30,0.2900,0.2950,0.2850,0.2900,9596,0
D,2012-11-29,0.2850,0.2900,0.2750,0.2850,15671,0
D,2012-11-28,0.2850,0.3000,0.2700,0.2850,48043,0
D,2012-11-27,0.3000,0.3000,0.2800,0.2850,32461,0
D,2012-11-26,0.3100,0.3100,0.3000,0.3000,43458,0
D,2012-11-23,0.3050,0.3100,0.3000,0.3050,16186,0
D,2012-11-22,0.3200,0.3200,0.3000,0.3000,66817,0
D,2012-11-21,0.3250,0.3350,0.3100,0.3200,58079,0
D,2012-11-20,0.3350,0.3700,0.3100,0.3250,163242,0
D,2012-11-19,0.3700,0.3700,0.3300,0.3350,137800,0
D,2012-11-16,0.4100,0.4150,0.3550,0.3650,109795,0
D,2012-11-14,0.4050,0.4400,0.4050,0.4050,83888,0
D,2012-11-12,0.4850,0.4850,0.4050,0.4300,34890,0
D,2012-11-09,0.4500,0.5400,0.4500,0.4800,347458,0
D,2012-11-08,0.3900,0.4550,0.3850,0.4500,71612,0
D,2012-11-07,0.5350,0.5650,0.3950,0.4100,128910,0
D,2012-11-06,0.5950,0.5950,0.5450,0.5450,102760,0
D,2012-11-05,0.6150,0.6450,0.5650,0.5850,164311,0
D,2012-11-02,0.6200,0.6300,0.6000,0.6000,51008,0
D,2012-11-01,0.6200,0.6500,0.6200,0.6250,23522,0
D,2012-10-31,0.6100,0.6600,0.6050,0.6150,151156,0
D,2012-10-30,0.7200,0.7350,0.6000,0.6100,240561,0
D,2012-10-29,0.7000,0.7450,0.6950,0.7200,71844,0
D,2012-10-25,0.6200,0.6850,0.6200,0.6800,42402,0
D,2012-10-24,0.6200,0.6350,0.6000,0.6000,26466,0
D,2012-10-23,0.6550,0.6700,0.6250,0.6300,16095,0
D,2012-10-22,0.6750,0.6750,0.6500,0.6500,201,0
D,2012-10-19,0.6150,0.6800,0.6100,0.6800,2431,0
D,2012-10-18,0.5700,0.6150,0.5500,0.6150,7275,0
D,2012-10-17,0.5200,0.5950,0.5200,0.5450,8838,0
D,2012-10-16,0.5200,0.5400,0.5200,0.5350,3941,0
D,2012-10-15,0.5200,0.5450,0.5150,0.5350,4409,0
D,2012-10-12,0.5450,0.5450,0.5300,0.5400,161,0
D,2012-10-11,0.5500,0.5550,0.5350,0.5350,6586,0
D,2012-10-10,0.5400,0.5500,0.5400,0.5500,3421,0
D,2012-10-09,0.5450,0.5500,0.5150,0.5400,4839,0
D,2012-10-08,0.5300,0.5450,0.5100,0.5450,2950,0
D,2012-10-05,0.5150,0.5500,0.5150,0.5450,4372,0
D,2012-10-04,0.5050,0.5350,0.5050,0.5300,7632,0
D,2012-10-03,0.5250,0.5350,0.5100,0.5350,1384,0
