D,2013-12-31,0.2400,0.2400,0.2400,0.2400,0,0
D,2013-12-30,0.2400,0.2400,0.2400,0.2400,0,0
D,2013-12-27,0.2400,0.2400,0.2400,0.2400,0,0
D,2013-12-26,0.2400,0.2400,0.2400,0.2400,50,0
D,2013-12-24,0.2300,0.2300,0.2300,0.2300,0,0
D,2013-12-23,0.2300,0.2300,0.2300,0.2300,0,0
D,2013-12-20,0.2300,0.2300,0.2300,0.2300,0,0
D,2013-12-19,0.2300,0.2300,0.2300,0.2300,1,0
D,2013-12-18,0.2100,0.2100,0.2100,0.2100,260,0
D,2013-12-17,0.2150,0.2400,0.2150,0.2400,302,0
D,2013-12-16,0.2100,0.2100,0.2100,0.2100,100,0
D,2013-12-13,0.2100,0.2300,0.2100,0.2300,310,0
D,2013-12-12,0.2400,0.2400,0.2350,0.2350,250,0
D,2013-12-11,0.2850,0.2850,0.2850,0.2850,0,0
D,2013-12-10,0.2850,0.2850,0.2850,0.2850,0,0
D,2013-12-09,0.2850,0.2850,0.2850,0.2850,0,0
D,2013-12-06,0.2850,0.2850,0.2850,0.2850,0,0
D,2013-12-05,0.2050,0.2850,0.2050,0.2850,2000,0
D,2013-12-04,0.2050,0.2050,0.2050,0.2050,3500,0
D,2013-12-03,0.2050,0.2050,0.2050,0.2050,0,0
D,2013-12-02,0.2050,0.2050,0.2050,0.2050,0,0
D,2013-11-29,0.2050,0.2050,0.2050,0.2050,50,0
D,2013-11-28,0.1850,0.1850,0.1850,0.1850,0,0
D,2013-11-27,0.1850,0.1850,0.1850,0.1850,50,0
D,2013-11-26,0.2050,0.2050,0.2050,0.2050,0,0
D,2013-11-25,0.2050,0.2050,0.2050,0.2050,0,0
D,2013-11-22,0.2050,0.2050,0.2050,0.2050,0,0
D,2013-11-21,0.2050,0.2050,0.2050,0.2050,0,0
D,2013-11-20,0.2050,0.2050,0.2050,0.2050,0,0
D,2013-11-19,0.2000,0.2050,0.2000,0.2050,615,0
D,2013-11-18,0.1950,0.2050,0.1900,0.1900,2015,0
D,2013-11-15,0.2150,0.2150,0.2150,0.2150,100,0
D,2013-11-14,0.1900,0.1900,0.1900,0.1900,800,0
D,2013-11-13,0.2200,0.2200,0.2150,0.2150,2100,0
D,2013-11-12,0.2450,0.2450,0.2450,0.2450,0,0
D,2013-11-11,0.2450,0.2450,0.2450,0.2450,0,0
D,2013-11-08,0.2500,0.2500,0.2450,0.2450,800,0
D,2013-11-07,0.3350,0.3350,0.3350,0.3350,0,0
D,2013-11-06,0.3350,0.3350,0.3350,0.3350,0,0
D,2013-11-04,0.3350,0.3350,0.3350,0.3350,0,0
D,2013-11-01,0.3350,0.3350,0.3350,0.3350,0,0
D,2013-10-31,0.3350,0.3350,0.3350,0.3350,0,0
D,2013-10-30,0.3350,0.3350,0.3350,0.3350,0,0
D,2013-10-29,0.3350,0.3350,0.3350,0.3350,0,0
D,2013-10-28,0.3350,0.3350,0.3350,0.3350,0,0
D,2013-10-25,0.3350,0.3350,0.3350,0.3350,0,0
D,2013-10-24,0.3350,0.3350,0.3350,0.3350,0,0
D,2013-10-23,0.3350,0.3350,0.3350,0.3350,0,0
D,2013-10-22,0.3350,0.3350,0.3350,0.3350,0,0
D,2013-10-21,0.3350,0.3350,0.3350,0.3350,0,0
D,2013-10-18,0.3350,0.3350,0.3350,0.3350,0,0
D,2013-10-17,0.3350,0.3350,0.3350,0.3350,1,0
D,2013-10-16,0.3050,0.3050,0.3050,0.3050,100,0
D,2013-10-14,0.3000,0.3000,0.3000,0.3000,300,0
D,2013-10-11,0.2750,0.2900,0.2750,0.2900,4,0
D,2013-10-10,0.2600,0.2700,0.2600,0.2700,3,0
D,2013-10-09,0.2500,0.2500,0.2500,0.2500,10,0
D,2013-10-08,0.2450,0.2450,0.2450,0.2450,0,0
D,2013-10-07,0.2450,0.2450,0.2450,0.2450,0,0
D,2013-10-04,0.2450,0.2450,0.2450,0.2450,0,0
D,2013-10-03,0.2450,0.2450,0.2450,0.2450,0,0
D,2013-10-02,0.2450,0.2450,0.2450,0.2450,0,0
D,2013-10-01,0.2450,0.2450,0.2450,0.2450,2250,0
D,2013-09-30,0.2500,0.2500,0.2500,0.2500,5850,0
D,2013-09-27,0.2650,0.2650,0.2650,0.2650,0,0
D,2013-09-26,0.2650,0.2650,0.2650,0.2650,0,0
D,2013-09-25,0.2650,0.2650,0.2650,0.2650,0,0
D,2013-09-24,0.2650,0.2650,0.2650,0.2650,0,0
D,2013-09-23,0.2650,0.2650,0.2650,0.2650,0,0
D,2013-09-20,0.2650,0.2650,0.2650,0.2650,10,0
D,2013-09-19,0.2250,0.2250,0.2250,0.2250,0,0
D,2013-09-18,0.2250,0.2250,0.2250,0.2250,0,0
D,2013-09-17,0.2250,0.2250,0.2250,0.2250,0,0
D,2013-09-13,0.2250,0.2250,0.2250,0.2250,2001,0
D,2013-09-12,0.2250,0.2250,0.2250,0.2250,0,0
D,2013-09-11,0.2250,0.2250,0.2250,0.2250,0,0
D,2013-09-10,0.2250,0.2250,0.2250,0.2250,2000,0
D,2013-09-09,0.1750,0.1750,0.1750,0.1750,0,0
D,2013-09-06,0.1750,0.1750,0.1750,0.1750,0,0
D,2013-09-05,0.1750,0.1750,0.1750,0.1750,100,0
D,2013-09-04,0.1650,0.1650,0.1650,0.1650,100,0
D,2013-09-03,0.1750,0.1750,0.1750,0.1750,0,0
D,2013-09-02,0.1750,0.1750,0.1750,0.1750,10,0
D,2013-08-30,0.1600,0.1600,0.1600,0.1600,184,0
D,2013-08-29,0.1500,0.1500,0.1500,0.1500,1999,0
D,2013-08-28,0.1450,0.1450,0.1450,0.1450,0,0
D,2013-08-27,0.1500,0.1500,0.1450,0.1450,100,0
D,2013-08-26,0.1700,0.1700,0.1700,0.1700,16,0
D,2013-08-23,0.1600,0.1600,0.1600,0.1600,200,0
D,2013-08-22,0.1800,0.1800,0.1800,0.1800,0,0
D,2013-08-21,0.1800,0.1800,0.1800,0.1800,0,0
D,2013-08-20,0.1800,0.1800,0.1800,0.1800,0,0
D,2013-08-19,0.1850,0.1850,0.1800,0.1800,2000,0
D,2013-08-16,0.1850,0.1850,0.1850,0.1850,0,0
D,2013-08-15,0.1850,0.1850,0.1850,0.1850,300,0
D,2013-08-14,0.1800,0.1800,0.1800,0.1800,0,0
D,2013-08-13,0.1800,0.1800,0.1800,0.1800,0,0
D,2013-08-12,0.1800,0.1800,0.1800,0.1800,0,0
D,2013-08-07,0.1950,0.1950,0.1800,0.1800,751,0
D,2013-08-06,0.2000,0.2000,0.2000,0.2000,1320,0
D,2013-08-05,0.2050,0.2050,0.2050,0.2050,2000,0
D,2013-08-02,0.2000,0.2000,0.2000,0.2000,0,0
D,2013-08-01,0.2000,0.2000,0.2000,0.2000,0,0
D,2013-07-31,0.2050,0.2050,0.2000,0.2000,1120,0
D,2013-07-30,0.2050,0.2050,0.2050,0.2050,7968,0
D,2013-07-29,0.1950,0.1950,0.1950,0.1950,330,0
D,2013-07-26,0.2050,0.2050,0.2050,0.2050,2083,0
D,2013-07-25,0.2050,0.2050,0.2050,0.2050,950,0
D,2013-07-24,0.2100,0.2100,0.2100,0.2100,3977,0
D,2013-07-23,0.1850,0.1850,0.1850,0.1850,0,0
D,2013-07-22,0.1850,0.1850,0.1850,0.1850,0,0
D,2013-07-19,0.1850,0.1850,0.1850,0.1850,0,0
D,2013-07-18,0.1850,0.1850,0.1850,0.1850,0,0
D,2013-07-17,0.1950,0.1950,0.1850,0.1850,901,0
D,2013-07-16,0.2200,0.2200,0.2200,0.2200,0,0
D,2013-07-15,0.2200,0.2200,0.2200,0.2200,0,0
D,2013-07-12,0.2200,0.2200,0.2200,0.2200,0,0
D,2013-07-11,0.2200,0.2200,0.2200,0.2200,0,0
D,2013-07-10,0.2200,0.2200,0.2200,0.2200,0,0
D,2013-07-09,0.2200,0.2200,0.2200,0.2200,0,0
D,2013-07-08,0.2200,0.2200,0.2200,0.2200,0,0
D,2013-07-05,0.2200,0.2200,0.2200,0.2200,0,0
D,2013-07-04,0.2200,0.2200,0.2200,0.2200,0,0
D,2013-07-03,0.2200,0.2200,0.2200,0.2200,0,0
D,2013-07-02,0.2200,0.2200,0.2200,0.2200,100,0
D,2013-07-01,0.2150,0.2150,0.2150,0.2150,0,0
D,2013-06-28,0.2150,0.2150,0.2150,0.2150,300,0
D,2013-06-27,0.2000,0.2000,0.2000,0.2000,0,0
D,2013-06-26,0.2000,0.2000,0.2000,0.2000,0,0
D,2013-06-25,0.2000,0.2000,0.2000,0.2000,0,0
D,2013-06-24,0.2000,0.2000,0.2000,0.2000,0,0
D,2013-06-21,0.2000,0.2000,0.2000,0.2000,0,0
D,2013-06-20,0.2000,0.2000,0.2000,0.2000,9441,0
D,2013-06-19,0.2000,0.2000,0.2000,0.2000,0,0
D,2013-06-18,0.2000,0.2000,0.2000,0.2000,100,0
D,2013-06-17,0.1850,0.1850,0.1850,0.1850,0,0
D,2013-06-14,0.1850,0.1850,0.1850,0.1850,0,0
D,2013-06-13,0.1700,0.1850,0.1700,0.1850,1900,0
D,2013-06-12,0.1900,0.1900,0.1900,0.1900,1000,0
D,2013-06-11,0.2000,0.2000,0.2000,0.2000,2500,0
D,2013-06-10,0.2000,0.2000,0.2000,0.2000,0,0
D,2013-06-07,0.2000,0.2000,0.2000,0.2000,0,0
D,2013-06-06,0.2000,0.2000,0.2000,0.2000,0,0
D,2013-06-05,0.1950,0.2100,0.1950,0.2000,2150,0
D,2013-06-04,0.1850,0.1900,0.1850,0.1900,2110,0
D,2013-06-03,0.1800,0.1800,0.1800,0.1800,0,0
D,2013-05-31,0.1800,0.1800,0.1800,0.1800,1960,0
D,2013-05-30,0.1900,0.1900,0.1900,0.1900,0,0
D,2013-05-29,0.1900,0.2000,0.1900,0.1900,5860,0
D,2013-05-28,0.1750,0.1800,0.1750,0.1800,4400,0
D,2013-05-27,0.1700,0.1700,0.1700,0.1700,0,0
D,2013-05-23,0.1700,0.1700,0.1700,0.1700,0,0
D,2013-05-22,0.1700,0.1700,0.1700,0.1700,100,0
D,2013-05-21,0.1750,0.1750,0.1750,0.1750,0,0
D,2013-05-20,0.1750,0.1750,0.1750,0.1750,0,0
D,2013-05-17,0.1750,0.1750,0.1750,0.1750,0,0
D,2013-05-16,0.1750,0.1750,0.1750,0.1750,0,0
D,2013-05-15,0.1850,0.1850,0.1750,0.1750,10715,0
D,2013-05-14,0.1750,0.1750,0.1750,0.1750,5855,0
D,2013-05-13,0.1800,0.1800,0.1800,0.1800,1950,0
D,2013-05-10,0.1800,0.1850,0.1800,0.1850,10100,0
D,2013-05-09,0.1700,0.1700,0.1700,0.1700,0,0
D,2013-05-08,0.1700,0.1700,0.1700,0.1700,0,0
D,2013-05-07,0.1700,0.1700,0.1700,0.1700,0,0
D,2013-05-06,0.1700,0.1700,0.1700,0.1700,0,0
D,2013-05-03,0.1700,0.1700,0.1700,0.1700,0,0
D,2013-05-02,0.1700,0.1700,0.1700,0.1700,0,0
D,2013-04-30,0.1700,0.1700,0.1700,0.1700,0,0
D,2013-04-29,0.1700,0.1700,0.1700,0.1700,0,0
D,2013-04-26,0.1700,0.1700,0.1700,0.1700,0,0
D,2013-04-25,0.1700,0.1700,0.1700,0.1700,0,0
D,2013-04-24,0.1700,0.1700,0.1700,0.1700,0,0
D,2013-04-23,0.1700,0.1700,0.1700,0.1700,0,0
D,2013-04-22,0.1700,0.1700,0.1700,0.1700,1460,0
D,2013-04-19,0.1700,0.1700,0.1700,0.1700,3435,0
D,2013-04-18,0.1700,0.1700,0.1700,0.1700,0,0
D,2013-04-17,0.1700,0.1700,0.1700,0.1700,0,0
D,2013-04-16,0.1550,0.1700,0.1550,0.1700,800,0
D,2013-04-15,0.1800,0.1800,0.1800,0.1800,0,0
D,2013-04-12,0.1800,0.1800,0.1800,0.1800,1600,0
D,2013-04-11,0.1600,0.1600,0.1600,0.1600,0,0
D,2013-04-10,0.1600,0.1600,0.1600,0.1600,0,0
D,2013-04-09,0.1600,0.1600,0.1600,0.1600,0,0
D,2013-04-08,0.1600,0.1650,0.1600,0.1600,6495,0
D,2013-04-05,0.1550,0.1550,0.1550,0.1550,0,0
D,2013-04-04,0.1550,0.1550,0.1550,0.1550,0,0
D,2013-04-03,0.1550,0.1550,0.1550,0.1550,0,0
D,2013-04-02,0.1550,0.1550,0.1550,0.1550,0,0
D,2013-04-01,0.1550,0.1550,0.1550,0.1550,0,0
D,2013-03-29,0.1550,0.1550,0.1550,0.1550,0,0
D,2013-03-28,0.1550,0.1550,0.1550,0.1550,0,0
D,2013-03-27,0.1550,0.1550,0.1550,0.1550,0,0
D,2013-03-26,0.1550,0.1550,0.1550,0.1550,0,0
D,2013-03-25,0.1550,0.1550,0.1550,0.1550,0,0
D,2013-03-22,0.1550,0.1550,0.1550,0.1550,0,0
D,2013-03-21,0.1550,0.1550,0.1550,0.1550,0,0
D,2013-03-20,0.1550,0.1550,0.1550,0.1550,0,0
D,2013-03-19,0.1550,0.1550,0.1550,0.1550,0,0
D,2013-03-18,0.1550,0.1550,0.1550,0.1550,0,0
D,2013-03-15,0.1550,0.1550,0.1550,0.1550,0,0
D,2013-03-14,0.1550,0.1550,0.1550,0.1550,0,0
D,2013-03-13,0.1550,0.1550,0.1550,0.1550,0,0
D,2013-03-12,0.1550,0.1550,0.1550,0.1550,0,0
D,2013-03-11,0.1550,0.1550,0.1550,0.1550,0,0
D,2013-03-08,0.1550,0.1550,0.1550,0.1550,0,0
D,2013-03-07,0.1550,0.1550,0.1550,0.1550,0,0
D,2013-03-06,0.1550,0.1550,0.1550,0.1550,0,0
D,2013-03-05,0.1550,0.1550,0.1550,0.1550,0,0
D,2013-03-04,0.1550,0.1550,0.1550,0.1550,0,0
D,2013-03-01,0.1550,0.1550,0.1550,0.1550,0,0
D,2013-02-28,0.1550,0.1550,0.1550,0.1550,0,0
D,2013-02-27,0.1550,0.1550,0.1550,0.1550,0,0
D,2013-02-26,0.1550,0.1550,0.1550,0.1550,600,0
D,2013-02-25,0.1500,0.1500,0.1500,0.1500,0,0
D,2013-02-22,0.1500,0.1500,0.1500,0.1500,0,0
D,2013-02-21,0.1500,0.1500,0.1500,0.1500,0,0
D,2013-02-20,0.1500,0.1500,0.1500,0.1500,400,0
D,2013-02-19,0.1300,0.1300,0.1300,0.1300,0,0
D,2013-02-18,0.1300,0.1300,0.1300,0.1300,0,0
D,2013-02-15,0.1300,0.1300,0.1300,0.1300,0,0
D,2013-02-14,0.1300,0.1300,0.1300,0.1300,0,0
D,2013-02-13,0.1300,0.1300,0.1300,0.1300,0,0
D,2013-02-08,0.1300,0.1300,0.1300,0.1300,0,0
D,2013-02-07,0.1300,0.1300,0.1300,0.1300,0,0
D,2013-02-06,0.1300,0.1300,0.1300,0.1300,0,0
D,2013-02-05,0.1300,0.1300,0.1300,0.1300,700,0
D,2013-02-04,0.1200,0.1200,0.1200,0.1200,0,0
D,2013-01-31,0.1200,0.1200,0.1200,0.1200,0,0
D,2013-01-30,0.1250,0.1250,0.1200,0.1200,300,0
D,2013-01-29,0.1300,0.1300,0.1300,0.1300,600,0
D,2013-01-25,0.1700,0.1700,0.1700,0.1700,0,0
D,2013-01-23,0.1700,0.1700,0.1700,0.1700,0,0
D,2013-01-22,0.1700,0.1700,0.1700,0.1700,0,0
D,2013-01-21,0.1700,0.1700,0.1700,0.1700,0,0
D,2013-01-18,0.1700,0.1700,0.1700,0.1700,0,0
D,2013-01-17,0.1700,0.1700,0.1700,0.1700,0,0
D,2013-01-16,0.1700,0.1700,0.1700,0.1700,76,0
D,2013-01-15,0.1700,0.1700,0.1700,0.1700,2000,0
D,2013-01-14,0.1650,0.1650,0.1650,0.1650,76,0
D,2013-01-11,0.1550,0.1550,0.1550,0.1550,0,0
D,2013-01-10,0.1550,0.1550,0.1550,0.1550,0,0
D,2013-01-09,0.1550,0.1550,0.1550,0.1550,0,0
D,2013-01-08,0.1550,0.1550,0.1550,0.1550,0,0
D,2013-01-07,0.1550,0.1550,0.1550,0.1550,0,0
D,2013-01-04,0.1550,0.1550,0.1550,0.1550,0,0
D,2013-01-03,0.1550,0.1550,0.1550,0.1550,0,0
D,2013-01-02,0.1550,0.1550,0.1550,0.1550,0,0
D,2012-12-31,0.1550,0.1550,0.1550,0.1550,0,0
D,2012-12-28,0.1550,0.1550,0.1550,0.1550,0,0
D,2012-12-27,0.1550,0.1550,0.1550,0.1550,0,0
D,2012-12-26,0.1550,0.1550,0.1550,0.1550,0,0
D,2012-12-24,0.1550,0.1550,0.1550,0.1550,150,0
D,2012-12-21,0.1600,0.1600,0.1600,0.1600,0,0
D,2012-12-20,0.1600,0.1600,0.1600,0.1600,0,0
D,2012-12-19,0.1600,0.1600,0.1600,0.1600,1000,0
D,2012-12-18,0.1600,0.1600,0.1600,0.1600,1150,0
D,2012-12-17,0.1500,0.1500,0.1500,0.1500,0,0
