D,2014-08-01,0.0050,0.0050,0.0050,0.0050,0,0
D,2014-07-31,0.0050,0.0050,0.0050,0.0050,0,0
D,2014-07-30,0.0050,0.0050,0.0050,0.0050,0,0
D,2014-07-25,0.0050,0.0050,0.0050,0.0050,0,0
D,2014-07-24,0.0050,0.0050,0.0050,0.0050,0,0
D,2014-07-23,0.0050,0.0050,0.0050,0.0050,0,0
D,2014-07-22,0.0050,0.0050,0.0050,0.0050,0,0
D,2014-07-21,0.0050,0.0050,0.0050,0.0050,1530,0
D,2014-07-18,0.0050,0.0100,0.0050,0.0050,3200,0
D,2014-07-17,0.0250,0.0250,0.0250,0.0250,0,0
D,2014-07-16,0.0250,0.0250,0.0250,0.0250,0,0
D,2014-07-14,0.0250,0.0250,0.0250,0.0250,0,0
D,2014-07-11,0.0250,0.0250,0.0250,0.0250,0,0
D,2014-07-10,0.0250,0.0250,0.0250,0.0250,0,0
D,2014-07-09,0.0250,0.0250,0.0250,0.0250,0,0
D,2014-07-08,0.0250,0.0250,0.0250,0.0250,0,0
D,2014-07-07,0.0300,0.0300,0.0250,0.0250,3100,0
D,2014-07-04,0.0250,0.0250,0.0250,0.0250,750,0
D,2014-07-03,0.0300,0.0300,0.0300,0.0300,0,0
D,2014-07-02,0.0200,0.0300,0.0200,0.0300,1750,0
D,2014-07-01,0.0200,0.0200,0.0150,0.0150,1150,0
D,2014-06-30,0.0250,0.0250,0.0250,0.0250,1250,0
D,2014-06-27,0.0150,0.0150,0.0150,0.0150,0,0
D,2014-06-26,0.0200,0.0200,0.0150,0.0150,1850,0
D,2014-06-25,0.0400,0.0400,0.0400,0.0400,0,0
D,2014-06-24,0.0400,0.0400,0.0400,0.0400,0,0
D,2014-06-23,0.0350,0.0400,0.0350,0.0400,1380,0
D,2014-06-20,0.0300,0.0300,0.0300,0.0300,600,0
D,2014-06-19,0.0300,0.0300,0.0300,0.0300,0,0
D,2014-06-18,0.0300,0.0300,0.0300,0.0300,0,0
D,2014-06-17,0.0300,0.0300,0.0300,0.0300,0,0
D,2014-06-16,0.0350,0.0350,0.0300,0.0300,2000,0
D,2014-06-13,0.0450,0.0450,0.0450,0.0450,0,0
D,2014-06-12,0.0450,0.0450,0.0450,0.0450,0,0
D,2014-06-11,0.0450,0.0450,0.0450,0.0450,0,0
D,2014-06-10,0.0450,0.0450,0.0450,0.0450,0,0
D,2014-06-09,0.0450,0.0450,0.0450,0.0450,0,0
D,2014-06-06,0.0450,0.0450,0.0450,0.0450,0,0
D,2014-06-05,0.0450,0.0450,0.0450,0.0450,0,0
D,2014-06-04,0.0450,0.0450,0.0450,0.0450,100,0
D,2014-06-03,0.0500,0.0500,0.0450,0.0450,500,0
D,2014-06-02,0.0550,0.0550,0.0500,0.0500,2150,0
D,2014-05-30,0.0600,0.0600,0.0600,0.0600,50,0
D,2014-05-29,0.0650,0.0650,0.0650,0.0650,0,0
D,2014-05-28,0.0650,0.0650,0.0650,0.0650,0,0
D,2014-05-27,0.0650,0.0650,0.0650,0.0650,0,0
D,2014-05-26,0.0650,0.0650,0.0650,0.0650,0,0
D,2014-05-23,0.0650,0.0650,0.0650,0.0650,100,0
D,2014-05-22,0.0700,0.0700,0.0700,0.0700,0,0
D,2014-05-21,0.0700,0.0700,0.0700,0.0700,0,0
D,2014-05-20,0.0700,0.0700,0.0700,0.0700,100,0
D,2014-05-19,0.0600,0.0700,0.0600,0.0700,1650,0
D,2014-05-16,0.0550,0.0550,0.0550,0.0550,800,0
D,2014-05-15,0.0600,0.0600,0.0600,0.0600,250,0
D,2014-05-14,0.0600,0.0650,0.0600,0.0650,450,0
D,2014-05-12,0.0650,0.0650,0.0650,0.0650,400,0
D,2014-05-09,0.0600,0.0700,0.0600,0.0700,650,0
D,2014-05-08,0.0650,0.0650,0.0550,0.0550,80,0
D,2014-05-07,0.0700,0.0700,0.0700,0.0700,0,0
D,2014-05-06,0.0700,0.0700,0.0700,0.0700,0,0
D,2014-05-05,0.0700,0.0700,0.0700,0.0700,0,0
D,2014-05-02,0.0700,0.0700,0.0700,0.0700,0,0
D,2014-04-30,0.0700,0.0700,0.0700,0.0700,0,0
D,2014-04-29,0.0700,0.0700,0.0700,0.0700,1000,0
D,2014-04-28,0.0800,0.0800,0.0800,0.0800,0,0
D,2014-04-25,0.0800,0.0800,0.0800,0.0800,1050,0
D,2014-04-24,0.0900,0.0900,0.0900,0.0900,0,0
D,2014-04-23,0.0900,0.0900,0.0900,0.0900,0,0
D,2014-04-22,0.0900,0.0900,0.0900,0.0900,250,0
D,2014-04-21,0.0900,0.0900,0.0900,0.0900,500,0
D,2014-04-18,0.0900,0.0900,0.0900,0.0900,0,0
D,2014-04-17,0.0900,0.0900,0.0900,0.0900,50,0
D,2014-04-16,0.0900,0.0900,0.0900,0.0900,500,0
D,2014-04-15,0.0850,0.0850,0.0850,0.0850,0,0
D,2014-04-14,0.0850,0.0850,0.0850,0.0850,500,0
D,2014-04-11,0.0850,0.0850,0.0850,0.0850,0,0
D,2014-04-10,0.0850,0.0850,0.0850,0.0850,0,0
D,2014-04-09,0.0850,0.0850,0.0850,0.0850,0,0
D,2014-04-08,0.0850,0.0850,0.0850,0.0850,0,0
D,2014-04-07,0.0800,0.0850,0.0800,0.0850,700,0
D,2014-04-04,0.0800,0.0950,0.0800,0.0900,860,0
D,2014-04-03,0.0700,0.0800,0.0700,0.0800,5500,0
D,2014-04-02,0.0800,0.0800,0.0700,0.0700,3600,0
D,2014-04-01,0.0700,0.0800,0.0700,0.0750,4000,0
D,2014-03-31,0.0650,0.0700,0.0650,0.0650,1600,0
D,2014-03-28,0.0750,0.0750,0.0750,0.0750,0,0
D,2014-03-27,0.0750,0.0750,0.0750,0.0750,600,0
D,2014-03-26,0.0600,0.0600,0.0600,0.0600,0,0
D,2014-03-25,0.0600,0.0600,0.0600,0.0600,0,0
D,2014-03-24,0.0600,0.0600,0.0600,0.0600,1000,0
D,2014-03-21,0.0600,0.0600,0.0600,0.0600,0,0
D,2014-03-20,0.0600,0.0600,0.0600,0.0600,0,0
D,2014-03-19,0.0600,0.0600,0.0600,0.0600,0,0
D,2014-03-18,0.0600,0.0600,0.0600,0.0600,0,0
D,2014-03-17,0.0600,0.0600,0.0600,0.0600,0,0
D,2014-03-14,0.0600,0.0600,0.0600,0.0600,0,0
D,2014-03-13,0.0600,0.0600,0.0600,0.0600,420,0
D,2014-03-12,0.0700,0.0700,0.0700,0.0700,0,0
D,2014-03-11,0.0700,0.0700,0.0700,0.0700,0,0
D,2014-03-10,0.0700,0.0700,0.0700,0.0700,0,0
D,2014-03-07,0.0700,0.0700,0.0700,0.0700,500,0
D,2014-03-06,0.0700,0.0700,0.0650,0.0650,1500,0
D,2014-03-05,0.0600,0.0650,0.0600,0.0650,1200,0
D,2014-03-04,0.0650,0.0650,0.0650,0.0650,1400,0
D,2014-03-03,0.0700,0.0700,0.0700,0.0700,0,0
D,2014-02-28,0.0700,0.0700,0.0700,0.0700,2000,0
D,2014-02-27,0.0950,0.0950,0.0800,0.0850,3501,0
D,2014-02-26,0.1150,0.1150,0.1100,0.1100,2000,0
D,2014-02-25,0.1150,0.1150,0.1150,0.1150,0,0
D,2014-02-24,0.1150,0.1150,0.1150,0.1150,0,0
D,2014-02-21,0.1150,0.1150,0.1150,0.1150,0,0
D,2014-02-20,0.1150,0.1150,0.1150,0.1150,0,0
D,2014-02-19,0.1150,0.1150,0.1150,0.1150,0,0
D,2014-02-18,0.1150,0.1150,0.1150,0.1150,0,0
D,2014-02-17,0.1150,0.1150,0.1150,0.1150,0,0
D,2014-02-14,0.1150,0.1150,0.1150,0.1150,610,0
D,2014-02-13,0.1250,0.1250,0.1250,0.1250,1000,0
D,2014-02-12,0.1350,0.1350,0.1300,0.1300,1100,0
D,2014-02-11,0.1350,0.1350,0.1350,0.1350,350,0
D,2014-02-10,0.1350,0.1350,0.1350,0.1350,0,0
D,2014-02-07,0.1300,0.1350,0.1300,0.1350,1072,0
D,2014-02-06,0.1200,0.1200,0.1200,0.1200,0,0
D,2014-02-05,0.1200,0.1200,0.1200,0.1200,0,0
D,2014-02-04,0.1100,0.1200,0.1100,0.1200,300,0
D,2014-01-30,0.1350,0.1350,0.1350,0.1350,0,0
D,2014-01-29,0.1250,0.1350,0.1250,0.1350,490,0
D,2014-01-28,0.1000,0.1000,0.1000,0.1000,100,0
D,2014-01-27,0.1100,0.1100,0.1100,0.1100,300,0
D,2014-01-24,0.1350,0.1350,0.1150,0.1200,900,0
D,2014-01-23,0.1200,0.1250,0.1200,0.1250,270,0
D,2014-01-22,0.1150,0.1150,0.1050,0.1050,200,0
D,2014-01-21,0.1200,0.1200,0.1200,0.1200,830,0
D,2014-01-20,0.1200,0.1250,0.1050,0.1050,4124,0
D,2014-01-16,0.1300,0.1300,0.1300,0.1300,380,0
D,2014-01-15,0.1350,0.1350,0.1350,0.1350,2418,0
D,2014-01-13,0.1500,0.1500,0.1400,0.1400,2332,0
D,2014-01-10,0.1300,0.1350,0.1300,0.1350,1290,0
D,2014-01-09,0.1200,0.1250,0.1200,0.1250,2400,0
D,2014-01-08,0.1100,0.1150,0.1100,0.1100,7649,0
D,2014-01-07,0.0850,0.0850,0.0850,0.0850,0,0
D,2014-01-06,0.0850,0.0850,0.0850,0.0850,100,0
D,2014-01-03,0.1000,0.1000,0.1000,0.1000,1000,0
D,2014-01-02,0.1100,0.1100,0.1000,0.1000,900,0
D,2013-12-31,0.1050,0.1100,0.1050,0.1100,1301,0
D,2013-12-30,0.0950,0.0950,0.0950,0.0950,0,0
D,2013-12-27,0.0950,0.0950,0.0950,0.0950,0,0
D,2013-12-26,0.0950,0.0950,0.0950,0.0950,2000,0
D,2013-12-24,0.0850,0.0850,0.0850,0.0850,420,0
D,2013-12-23,0.0850,0.0850,0.0850,0.0850,0,0
D,2013-12-20,0.0850,0.0850,0.0850,0.0850,0,0
D,2013-12-19,0.0850,0.0850,0.0850,0.0850,0,0
D,2013-12-18,0.0850,0.0850,0.0850,0.0850,100,0
D,2013-12-17,0.1000,0.1050,0.1000,0.1000,650,0
D,2013-12-16,0.1100,0.1100,0.1100,0.1100,0,0
D,2013-12-13,0.1100,0.1100,0.1100,0.1100,1000,0
D,2013-12-12,0.1050,0.1100,0.1050,0.1050,2340,0
D,2013-12-11,0.0900,0.1050,0.0900,0.1050,1479,0
D,2013-12-10,0.0800,0.0800,0.0800,0.0800,0,0
D,2013-12-09,0.0800,0.0800,0.0800,0.0800,0,0
D,2013-12-06,0.0800,0.0800,0.0800,0.0800,0,0
D,2013-12-05,0.0800,0.0800,0.0800,0.0800,2300,0
D,2013-12-04,0.0800,0.0800,0.0800,0.0800,0,0
D,2013-12-03,0.0800,0.0800,0.0800,0.0800,0,0
D,2013-12-02,0.0800,0.0800,0.0800,0.0800,300,0
D,2013-11-29,0.0950,0.0950,0.0950,0.0950,50,0
D,2013-11-28,0.0900,0.0900,0.0900,0.0900,0,0
D,2013-11-27,0.0900,0.0900,0.0900,0.0900,2300,0
D,2013-11-26,0.1000,0.1000,0.1000,0.1000,0,0
D,2013-11-25,0.1000,0.1000,0.1000,0.1000,120,0
D,2013-11-22,0.0900,0.0900,0.0900,0.0900,500,0
D,2013-11-21,0.0850,0.0850,0.0850,0.0850,0,0
D,2013-11-20,0.0900,0.0950,0.0850,0.0850,2450,0
D,2013-11-19,0.0900,0.0900,0.0900,0.0900,1500,0
D,2013-11-18,0.0900,0.0900,0.0900,0.0900,0,0
D,2013-11-15,0.0900,0.0900,0.0900,0.0900,0,0
D,2013-11-14,0.0900,0.0900,0.0900,0.0900,200,0
D,2013-11-13,0.1000,0.1000,0.1000,0.1000,0,0
D,2013-11-12,0.1000,0.1000,0.1000,0.1000,0,0
D,2013-11-11,0.1000,0.1000,0.1000,0.1000,0,0
D,2013-11-08,0.1000,0.1000,0.1000,0.1000,0,0
D,2013-11-07,0.1000,0.1000,0.1000,0.1000,0,0
D,2013-11-06,0.1000,0.1000,0.1000,0.1000,0,0
D,2013-11-04,0.1000,0.1000,0.1000,0.1000,0,0
D,2013-11-01,0.1000,0.1000,0.1000,0.1000,0,0
D,2013-10-31,0.1000,0.1000,0.1000,0.1000,0,0
D,2013-10-30,0.1000,0.1000,0.1000,0.1000,0,0
D,2013-10-29,0.1000,0.1000,0.1000,0.1000,0,0
D,2013-10-28,0.1000,0.1000,0.1000,0.1000,120,0
D,2013-10-25,0.0950,0.0950,0.0950,0.0950,650,0
D,2013-10-24,0.0950,0.0950,0.0950,0.0950,1200,0
D,2013-10-23,0.0900,0.0950,0.0900,0.0950,2450,0
D,2013-10-22,0.0900,0.0900,0.0900,0.0900,0,0
D,2013-10-21,0.0850,0.0900,0.0850,0.0900,950,0
D,2013-10-18,0.0800,0.0800,0.0800,0.0800,0,0
D,2013-10-17,0.0800,0.0800,0.0800,0.0800,1500,0
D,2013-10-16,0.0800,0.0850,0.0750,0.0750,2504,0
D,2013-10-14,0.0700,0.0700,0.0700,0.0700,0,0
D,2013-10-11,0.0750,0.0750,0.0700,0.0700,2000,0
D,2013-10-10,0.0700,0.0700,0.0700,0.0700,0,0
D,2013-10-09,0.0700,0.0700,0.0700,0.0700,0,0
D,2013-10-08,0.0700,0.0700,0.0700,0.0700,0,0
D,2013-10-07,0.0700,0.0700,0.0700,0.0700,200,0
D,2013-10-04,0.0650,0.0650,0.0650,0.0650,0,0
D,2013-10-03,0.0650,0.0650,0.0650,0.0650,0,0
D,2013-10-02,0.0700,0.0700,0.0650,0.0650,520,0
D,2013-10-01,0.0750,0.0750,0.0750,0.0750,10,0
D,2013-09-30,0.0650,0.0650,0.0650,0.0650,500,0
D,2013-09-27,0.0700,0.0700,0.0650,0.0650,2870,0
D,2013-09-26,0.0700,0.0700,0.0700,0.0700,0,0
D,2013-09-25,0.0700,0.0700,0.0700,0.0700,0,0
D,2013-09-24,0.0700,0.0700,0.0700,0.0700,200,0
D,2013-09-23,0.0750,0.0750,0.0700,0.0700,2000,0
D,2013-09-20,0.0800,0.0800,0.0700,0.0800,651,0
D,2013-09-19,0.0800,0.0850,0.0800,0.0850,710,0
D,2013-09-18,0.0850,0.0850,0.0750,0.0800,3510,0
D,2013-09-17,0.0900,0.0900,0.0850,0.0850,1200,0
D,2013-09-13,0.0850,0.0900,0.0850,0.0900,1470,0
D,2013-09-12,0.0850,0.0850,0.0850,0.0850,100,0
D,2013-09-11,0.0850,0.0850,0.0800,0.0850,4311,0
D,2013-09-10,0.0700,0.0800,0.0700,0.0800,20995,0
D,2013-09-09,0.0800,0.0800,0.0700,0.0700,2465,0
D,2013-09-06,0.0650,0.0650,0.0650,0.0650,480,0
D,2013-09-05,0.0750,0.0750,0.0700,0.0700,550,0
D,2013-09-04,0.0750,0.0750,0.0650,0.0700,5264,0
D,2013-09-03,0.0750,0.0850,0.0750,0.0800,8064,0
D,2013-09-02,0.0800,0.0800,0.0650,0.0700,25710,0
D,2013-08-30,0.0950,0.0950,0.0950,0.0950,300,0
D,2013-08-29,0.0800,0.0900,0.0800,0.0900,3280,0
D,2013-08-28,0.0600,0.0750,0.0600,0.0750,4100,0
D,2013-08-27,0.0800,0.0800,0.0800,0.0800,3113,0
D,2013-08-26,0.1200,0.1200,0.1200,0.1200,0,0
D,2013-08-23,0.1200,0.1200,0.1200,0.1200,0,0
D,2013-08-22,0.1250,0.1250,0.1200,0.1200,1600,0
D,2013-08-21,0.1350,0.1350,0.1350,0.1350,0,0
D,2013-08-20,0.1300,0.1350,0.1300,0.1350,250,0
D,2013-08-19,0.1400,0.1400,0.1400,0.1400,0,0
D,2013-08-16,0.1400,0.1400,0.1400,0.1400,370,0
D,2013-08-15,0.1400,0.1400,0.1400,0.1400,2150,0
D,2013-08-14,0.1300,0.1300,0.1300,0.1300,0,0
D,2013-08-13,0.1300,0.1300,0.1300,0.1300,150,0
D,2013-08-12,0.1250,0.1250,0.1200,0.1200,956,0
D,2013-08-07,0.1300,0.1300,0.1300,0.1300,0,0
D,2013-08-06,0.1350,0.1350,0.1300,0.1300,4600,0
D,2013-08-05,0.1350,0.1350,0.1300,0.1350,1240,0
D,2013-08-02,0.1400,0.1450,0.1400,0.1450,2400,0
D,2013-08-01,0.1250,0.1400,0.1250,0.1250,6556,0
D,2013-07-31,0.1400,0.1400,0.1200,0.1200,920,0
D,2013-07-30,0.1500,0.1500,0.1500,0.1500,100,0
D,2013-07-29,0.1700,0.1700,0.1550,0.1550,850,0
D,2013-07-26,0.1700,0.1700,0.1700,0.1700,570,0
D,2013-07-25,0.1750,0.1750,0.1750,0.1750,0,0
D,2013-07-24,0.1750,0.1750,0.1700,0.1750,620,0
D,2013-07-23,0.1750,0.1750,0.1750,0.1750,0,0
D,2013-07-22,0.1800,0.1800,0.1750,0.1750,500,0
D,2013-07-19,0.1900,0.1900,0.1850,0.1850,950,0
D,2013-07-18,0.1950,0.1950,0.1950,0.1950,200,0
D,2013-07-17,0.1750,0.2000,0.1750,0.1900,6286,0
D,2013-07-16,0.1750,0.1750,0.1750,0.1750,1000,0
D,2013-07-15,0.1700,0.1700,0.1700,0.1700,1680,0
D,2013-07-12,0.1700,0.1700,0.1650,0.1650,400,0
D,2013-07-11,0.1650,0.1650,0.1650,0.1650,200,0
D,2013-07-10,0.1650,0.1650,0.1650,0.1650,250,0
