D,2013-08-01,0.3300,0.3300,0.3300,0.3300,0,0
D,2013-07-31,0.3300,0.3300,0.3300,0.3300,0,0
D,2013-07-30,0.3300,0.3300,0.3300,0.3300,0,0
D,2013-07-29,0.3300,0.3300,0.3300,0.3300,0,0
D,2013-07-26,0.3300,0.3300,0.3300,0.3300,0,0
D,2013-07-25,0.3300,0.3300,0.3300,0.3300,0,0
D,2013-07-24,0.3300,0.3300,0.3300,0.3300,0,0
D,2013-07-23,0.3300,0.3300,0.3300,0.3300,0,0
D,2013-07-22,0.3300,0.3300,0.3300,0.3300,70,0
D,2013-07-19,0.2900,0.2900,0.2900,0.2900,0,0
D,2013-07-18,0.2900,0.2900,0.2900,0.2900,0,0
D,2013-07-17,0.2900,0.2900,0.2900,0.2900,0,0
D,2013-07-16,0.2900,0.2900,0.2900,0.2900,0,0
D,2013-07-15,0.2900,0.2900,0.2900,0.2900,0,0
D,2013-07-12,0.2900,0.2900,0.2900,0.2900,0,0
D,2013-07-11,0.2900,0.2900,0.2900,0.2900,0,0
D,2013-07-10,0.2900,0.2900,0.2900,0.2900,0,0
D,2013-07-09,0.2900,0.2900,0.2900,0.2900,0,0
D,2013-07-08,0.2900,0.2900,0.2900,0.2900,0,0
D,2013-07-05,0.2900,0.2900,0.2900,0.2900,0,0
D,2013-07-04,0.2900,0.2900,0.2900,0.2900,0,0
D,2013-07-03,0.2900,0.2900,0.2900,0.2900,0,0
D,2013-07-02,0.2900,0.2900,0.2900,0.2900,0,0
D,2013-07-01,0.2900,0.2900,0.2900,0.2900,0,0
D,2013-06-28,0.2900,0.2900,0.2900,0.2900,107,0
D,2013-06-27,0.2950,0.2950,0.2800,0.2800,26,0
D,2013-06-26,0.2850,0.2850,0.2800,0.2800,4,0
D,2013-06-25,0.2650,0.2850,0.2650,0.2750,22,0
D,2013-06-24,0.2800,0.2800,0.2800,0.2800,11,0
D,2013-06-21,0.2600,0.2850,0.2600,0.2850,62,0
D,2013-06-20,0.2850,0.2850,0.2850,0.2850,12,0
D,2013-06-19,0.2850,0.2850,0.2850,0.2850,4,0
D,2013-06-18,0.2900,0.2900,0.2900,0.2900,25,0
D,2013-06-17,0.3000,0.3000,0.3000,0.3000,0,0
D,2013-06-14,0.2750,0.3000,0.2750,0.3000,550,0
D,2013-06-13,0.2750,0.2750,0.2750,0.2750,204,0
D,2013-06-12,0.2850,0.2850,0.2850,0.2850,0,0
D,2013-06-11,0.3300,0.3300,0.2850,0.2850,527,0
D,2013-06-10,0.3000,0.3000,0.3000,0.3000,0,0
D,2013-06-07,0.3000,0.3000,0.3000,0.3000,0,0
D,2013-06-06,0.3000,0.3000,0.3000,0.3000,200,0
D,2013-06-05,0.2950,0.2950,0.2950,0.2950,200,0
D,2013-06-04,0.2800,0.2800,0.2800,0.2800,0,0
D,2013-06-03,0.2800,0.2800,0.2800,0.2800,0,0
D,2013-05-31,0.2800,0.2800,0.2800,0.2800,200,0
D,2013-05-30,0.2450,0.2450,0.2450,0.2450,0,0
D,2013-05-29,0.2450,0.2450,0.2450,0.2450,0,0
D,2013-05-28,0.2450,0.2450,0.2450,0.2450,0,0
D,2013-05-27,0.2500,0.2500,0.2450,0.2450,200,0
D,2013-05-23,0.2950,0.2950,0.2950,0.2950,0,0
D,2013-05-22,0.2950,0.2950,0.2950,0.2950,100,0
D,2013-05-21,0.2950,0.2950,0.2950,0.2950,0,0
D,2013-05-20,0.2950,0.2950,0.2950,0.2950,15,0
D,2013-05-17,0.2750,0.2800,0.2750,0.2750,49,0
D,2013-05-16,0.2650,0.2650,0.2650,0.2650,0,0
D,2013-05-15,0.2700,0.2700,0.2650,0.2650,64,0
D,2013-05-14,0.2450,0.2450,0.2450,0.2450,1533,0
D,2013-05-13,0.2300,0.2350,0.2300,0.2350,24,0
D,2013-05-10,0.2400,0.2400,0.2400,0.2400,0,0
D,2013-05-09,0.2400,0.2400,0.2400,0.2400,0,0
D,2013-05-08,0.2400,0.2400,0.2400,0.2400,100,0
D,2013-05-07,0.2300,0.2300,0.2300,0.2300,128,0
D,2013-05-06,0.2100,0.2600,0.1700,0.2150,1582,0
D,2013-05-03,0.1650,0.1650,0.1450,0.1600,59,0
D,2013-05-02,0.1850,0.1850,0.1850,0.1850,0,0
D,2013-04-30,0.1850,0.1850,0.1850,0.1850,0,0
D,2013-04-29,0.1850,0.1850,0.1850,0.1850,30,0
D,2013-04-26,0.1850,0.2000,0.1850,0.1950,1725,0
D,2013-04-25,0.1650,0.1650,0.1650,0.1650,0,0
D,2013-04-24,0.1600,0.1650,0.1600,0.1650,84,0
D,2013-04-23,0.1650,0.1650,0.1650,0.1650,0,0
D,2013-04-22,0.1650,0.1650,0.1650,0.1650,0,0
D,2013-04-19,0.1650,0.1650,0.1650,0.1650,0,0
D,2013-04-18,0.1650,0.1650,0.1650,0.1650,0,0
D,2013-04-17,0.1650,0.1650,0.1650,0.1650,35,0
D,2013-04-16,0.1400,0.1650,0.1400,0.1650,1285,0
D,2013-04-15,0.1400,0.1400,0.1400,0.1400,850,0
D,2013-04-12,0.1650,0.1650,0.1650,0.1650,193,0
D,2013-04-11,0.1600,0.1600,0.1550,0.1600,2570,0
D,2013-04-10,0.1550,0.1550,0.1550,0.1550,1350,0
D,2013-04-09,0.1550,0.1550,0.1550,0.1550,615,0
D,2013-04-08,0.1500,0.1500,0.1500,0.1500,0,0
D,2013-04-05,0.1500,0.1500,0.1450,0.1500,645,0
D,2013-04-04,0.1550,0.1600,0.1550,0.1600,120,0
D,2013-04-03,0.1500,0.1500,0.1100,0.1450,4523,0
D,2013-04-02,0.1600,0.1650,0.1600,0.1650,4193,0
D,2013-04-01,0.1600,0.1600,0.1500,0.1500,3520,0
D,2013-03-29,0.1600,0.1650,0.1500,0.1650,2228,0
D,2013-03-28,0.1850,0.1900,0.1850,0.1850,80,0
D,2013-03-27,0.1700,0.1850,0.1650,0.1800,1450,0
D,2013-03-26,0.1750,0.1750,0.1750,0.1750,150,0
D,2013-03-25,0.1700,0.1700,0.1700,0.1700,150,0
D,2013-03-22,0.1700,0.1700,0.1700,0.1700,0,0
D,2013-03-21,0.1650,0.1700,0.1650,0.1700,175,0
D,2013-03-20,0.1650,0.1650,0.1650,0.1650,0,0
D,2013-03-19,0.1700,0.1700,0.1650,0.1650,233,0
D,2013-03-18,0.1650,0.1650,0.1650,0.1650,85,0
D,2013-03-15,0.1800,0.1800,0.1800,0.1800,0,0
D,2013-03-14,0.1800,0.1800,0.1800,0.1800,300,0
D,2013-03-13,0.1900,0.1900,0.1700,0.1850,1936,0
D,2013-03-12,0.2050,0.2050,0.2000,0.2000,22,0
D,2013-03-11,0.1900,0.1900,0.1900,0.1900,30,0
D,2013-03-08,0.1900,0.1900,0.1850,0.1850,200,0
D,2013-03-07,0.1900,0.1900,0.1800,0.1800,339,0
D,2013-03-06,0.1850,0.1850,0.1850,0.1850,7,0
D,2013-03-05,0.1800,0.1900,0.1800,0.1900,514,0
D,2013-03-04,0.1700,0.1800,0.1650,0.1800,1077,0
D,2013-03-01,0.1850,0.1850,0.1700,0.1700,368,0
D,2013-02-28,0.1950,0.1950,0.1950,0.1950,0,0
D,2013-02-27,0.1950,0.1950,0.1950,0.1950,300,0
D,2013-02-26,0.1950,0.1950,0.1950,0.1950,22,0
D,2013-02-25,0.1900,0.2000,0.1900,0.2000,1511,0
D,2013-02-22,0.1800,0.1800,0.1800,0.1800,10,0
D,2013-02-21,0.1600,0.1600,0.1600,0.1600,0,0
D,2013-02-20,0.1600,0.1600,0.1600,0.1600,0,0
D,2013-02-19,0.1600,0.1600,0.1600,0.1600,0,0
D,2013-02-18,0.1600,0.1600,0.1600,0.1600,0,0
D,2013-02-15,0.1600,0.1600,0.1600,0.1600,10,0
D,2013-02-14,0.1600,0.1600,0.1600,0.1600,300,0
D,2013-02-13,0.1500,0.1550,0.1500,0.1500,310,0
D,2013-02-08,0.1500,0.1500,0.1500,0.1500,80,0
D,2013-02-07,0.1450,0.1500,0.1450,0.1500,180,0
D,2013-02-06,0.1450,0.1450,0.1450,0.1450,0,0
D,2013-02-05,0.1450,0.1450,0.1450,0.1450,0,0
D,2013-02-04,0.1450,0.1450,0.1450,0.1450,0,0
D,2013-01-31,0.1450,0.1450,0.1450,0.1450,0,0
D,2013-01-30,0.1450,0.1450,0.1450,0.1450,0,0
D,2013-01-29,0.1450,0.1450,0.1450,0.1450,0,0
D,2013-01-25,0.1450,0.1450,0.1450,0.1450,0,0
D,2013-01-23,0.1450,0.1450,0.1450,0.1450,0,0
D,2013-01-22,0.1450,0.1450,0.1450,0.1450,100,0
D,2013-01-21,0.1900,0.1900,0.1900,0.1900,0,0
D,2013-01-18,0.1900,0.1900,0.1900,0.1900,100,0
D,2013-01-17,0.1950,0.1950,0.1950,0.1950,0,0
D,2013-01-16,0.1900,0.1950,0.1900,0.1950,150,0
D,2013-01-15,0.1900,0.1900,0.1900,0.1900,0,0
D,2013-01-14,0.1900,0.1900,0.1900,0.1900,0,0
D,2013-01-11,0.1900,0.1900,0.1900,0.1900,0,0
D,2013-01-10,0.1900,0.1900,0.1900,0.1900,0,0
D,2013-01-09,0.1900,0.1900,0.1900,0.1900,190,0
D,2013-01-08,0.1900,0.1900,0.1850,0.1850,225,0
D,2013-01-07,0.2000,0.2000,0.2000,0.2000,0,0
D,2013-01-04,0.2050,0.2050,0.2000,0.2000,744,0
D,2013-01-03,0.2250,0.2250,0.2100,0.2100,365,0
D,2013-01-02,0.2150,0.2150,0.2150,0.2150,0,0
D,2012-12-31,0.2150,0.2150,0.2150,0.2150,0,0
D,2012-12-28,0.2200,0.2200,0.2100,0.2150,796,0
D,2012-12-27,0.2300,0.2300,0.2000,0.2100,1241,0
D,2012-12-26,0.2300,0.2300,0.2300,0.2300,12,0
D,2012-12-24,0.2300,0.2300,0.2050,0.2050,1133,0
D,2012-12-21,0.2100,0.2100,0.2100,0.2100,0,0
D,2012-12-20,0.2200,0.2200,0.2100,0.2100,350,0
D,2012-12-19,0.2350,0.2400,0.2250,0.2300,800,0
D,2012-12-18,0.1550,0.2050,0.1550,0.2050,5390,0
D,2012-12-17,0.1450,0.1450,0.1350,0.1350,2096,0
D,2012-12-14,0.1550,0.1550,0.1450,0.1500,2394,0
D,2012-12-13,0.1750,0.1750,0.1650,0.1650,1360,0
D,2012-12-12,0.2150,0.2150,0.1700,0.1700,1520,0
D,2012-12-11,0.2350,0.2350,0.2200,0.2200,118,0
D,2012-12-10,0.2200,0.2300,0.2200,0.2250,1100,0
D,2012-12-07,0.2000,0.2100,0.2000,0.2100,70,0
D,2012-12-06,0.1850,0.2100,0.1850,0.2050,127,0
D,2012-12-05,0.2050,0.2100,0.1950,0.1950,173,0
D,2012-12-04,0.2050,0.2050,0.2050,0.2050,15,0
D,2012-12-03,0.2000,0.2100,0.2000,0.2050,1073,0
D,2012-11-30,0.1650,0.2100,0.1650,0.2050,5042,0
D,2012-11-29,0.1450,0.1550,0.1450,0.1550,65,0
D,2012-11-28,0.1350,0.1400,0.1350,0.1400,180,0
D,2012-11-27,0.1400,0.1400,0.1400,0.1400,80,0
D,2012-11-26,0.1400,0.1550,0.1400,0.1550,67,0
D,2012-11-23,0.1600,0.1600,0.1600,0.1600,0,0
D,2012-11-22,0.1300,0.1600,0.1300,0.1600,33,0
D,2012-11-21,0.1400,0.1400,0.1400,0.1400,3,0
D,2012-11-20,0.1350,0.1400,0.1350,0.1400,50,0
D,2012-11-19,0.1350,0.1350,0.1350,0.1350,0,0
D,2012-11-16,0.1350,0.1350,0.1350,0.1350,24,0
D,2012-11-14,0.1300,0.1300,0.1300,0.1300,20,0
D,2012-11-12,0.1350,0.1350,0.1350,0.1350,0,0
D,2012-11-09,0.1300,0.1350,0.1300,0.1350,30,0
D,2012-11-08,0.1350,0.1350,0.1350,0.1350,0,0
D,2012-11-07,0.1350,0.1350,0.1350,0.1350,10,0
D,2012-11-06,0.1400,0.1400,0.1400,0.1400,0,0
D,2012-11-05,0.1400,0.1400,0.1400,0.1400,1001,0
D,2012-11-02,0.1450,0.1500,0.1450,0.1450,1643,0
D,2012-11-01,0.1550,0.1550,0.1550,0.1550,0,0
D,2012-10-31,0.1550,0.1550,0.1550,0.1550,0,0
D,2012-10-30,0.1550,0.1550,0.1550,0.1550,0,0
D,2012-10-29,0.1600,0.1600,0.1550,0.1550,110,0
D,2012-10-25,0.1550,0.1550,0.1550,0.1550,500,0
D,2012-10-24,0.1550,0.1550,0.1550,0.1550,48,0
D,2012-10-23,0.1550,0.1550,0.1550,0.1550,921,0
D,2012-10-22,0.1600,0.1600,0.1600,0.1600,0,0
D,2012-10-19,0.1600,0.1600,0.1600,0.1600,0,0
D,2012-10-18,0.1550,0.1600,0.1550,0.1600,1002,0
D,2012-10-17,0.1600,0.1600,0.1550,0.1600,384,0
D,2012-10-16,0.1700,0.1700,0.1700,0.1700,100,0
D,2012-10-15,0.1600,0.1700,0.1600,0.1700,459,0
D,2012-10-12,0.1500,0.1500,0.1500,0.1500,0,0
D,2012-10-11,0.1650,0.1650,0.1500,0.1500,748,0
D,2012-10-10,0.1600,0.1600,0.1550,0.1600,712,0
D,2012-10-09,0.1700,0.1700,0.1600,0.1600,1266,0
D,2012-10-08,0.1600,0.1600,0.1600,0.1600,0,0
D,2012-10-05,0.1850,0.1850,0.1600,0.1600,3057,0
D,2012-10-04,0.1850,0.1950,0.1850,0.1900,364,0
D,2012-10-03,0.1750,0.1750,0.1750,0.1750,20,0
