D,2014-01-30,0.3500,0.3500,0.3500,0.3500,0,0
D,2014-01-29,0.3500,0.3500,0.3500,0.3500,0,0
D,2014-01-28,0.3500,0.3500,0.3500,0.3500,0,0
D,2014-01-27,0.3500,0.3500,0.3500,0.3500,0,0
D,2014-01-24,0.3500,0.3500,0.3500,0.3500,0,0
D,2014-01-23,0.3500,0.3500,0.3500,0.3500,0,0
D,2014-01-22,0.3500,0.3500,0.3500,0.3500,30,0
D,2014-01-21,0.3700,0.3700,0.3700,0.3700,0,0
D,2014-01-20,0.3700,0.3700,0.3700,0.3700,0,0
D,2014-01-16,0.3700,0.3700,0.3700,0.3700,0,0
D,2014-01-15,0.3700,0.3700,0.3700,0.3700,0,0
D,2014-01-13,0.3700,0.3700,0.3700,0.3700,0,0
D,2014-01-10,0.3700,0.3700,0.3700,0.3700,0,0
D,2014-01-09,0.3700,0.3700,0.3700,0.3700,0,0
D,2014-01-08,0.3700,0.3700,0.3700,0.3700,0,0
D,2014-01-07,0.3700,0.3700,0.3700,0.3700,0,0
D,2014-01-06,0.3700,0.3700,0.3700,0.3700,0,0
D,2014-01-03,0.3700,0.3700,0.3700,0.3700,0,0
D,2014-01-02,0.3700,0.3700,0.3700,0.3700,0,0
D,2013-12-31,0.3700,0.3700,0.3700,0.3700,0,0
D,2013-12-30,0.3700,0.3700,0.3700,0.3700,0,0
D,2013-12-27,0.3700,0.3700,0.3700,0.3700,35,0
D,2013-12-26,0.3500,0.3500,0.3500,0.3500,0,0
D,2013-12-24,0.3500,0.3500,0.3500,0.3500,0,0
D,2013-12-23,0.3500,0.3500,0.3500,0.3500,708,0
D,2013-12-20,0.3350,0.3350,0.3350,0.3350,0,0
D,2013-12-19,0.3350,0.3350,0.3350,0.3350,10,0
D,2013-12-18,0.3350,0.3350,0.3350,0.3350,10,0
D,2013-12-17,0.3400,0.3400,0.3400,0.3400,200,0
D,2013-12-16,0.3500,0.3500,0.3500,0.3500,0,0
D,2013-12-13,0.3500,0.3500,0.3500,0.3500,0,0
D,2013-12-12,0.3500,0.3500,0.3500,0.3500,0,0
D,2013-12-11,0.3500,0.3500,0.3500,0.3500,0,0
D,2013-12-10,0.3500,0.3500,0.3500,0.3500,0,0
D,2013-12-09,0.3500,0.3500,0.3500,0.3500,0,0
D,2013-12-06,0.3500,0.3500,0.3500,0.3500,0,0
D,2013-12-05,0.3500,0.3500,0.3500,0.3500,0,0
D,2013-12-04,0.3500,0.3500,0.3500,0.3500,0,0
D,2013-12-03,0.3500,0.3500,0.3500,0.3500,0,0
D,2013-12-02,0.3500,0.3500,0.3500,0.3500,0,0
D,2013-11-29,0.3500,0.3500,0.3500,0.3500,10,0
D,2013-11-28,0.3350,0.3350,0.3350,0.3350,0,0
D,2013-11-27,0.3350,0.3350,0.3350,0.3350,0,0
D,2013-11-26,0.3350,0.3350,0.3350,0.3350,0,0
D,2013-11-25,0.3350,0.3350,0.3350,0.3350,0,0
D,2013-11-22,0.3350,0.3350,0.3350,0.3350,0,0
D,2013-11-21,0.3350,0.3350,0.3350,0.3350,0,0
D,2013-11-20,0.3350,0.3350,0.3350,0.3350,0,0
D,2013-11-19,0.3350,0.3350,0.3350,0.3350,0,0
D,2013-11-18,0.3350,0.3350,0.3350,0.3350,0,0
D,2013-11-15,0.3350,0.3350,0.3350,0.3350,0,0
D,2013-11-14,0.3350,0.3350,0.3350,0.3350,0,0
D,2013-11-13,0.3350,0.3350,0.3350,0.3350,0,0
D,2013-11-12,0.3350,0.3350,0.3350,0.3350,10,0
D,2013-11-11,0.3650,0.3650,0.3650,0.3650,0,0
D,2013-11-08,0.3650,0.3650,0.3650,0.3650,0,0
D,2013-11-07,0.3650,0.3650,0.3650,0.3650,0,0
D,2013-11-06,0.3650,0.3650,0.3650,0.3650,0,0
D,2013-11-04,0.3650,0.3650,0.3650,0.3650,30,0
D,2013-11-01,0.3600,0.3600,0.3600,0.3600,0,0
D,2013-10-31,0.3600,0.3600,0.3600,0.3600,0,0
D,2013-10-30,0.3600,0.3600,0.3600,0.3600,0,0
D,2013-10-29,0.3600,0.3600,0.3600,0.3600,0,0
D,2013-10-28,0.3600,0.3600,0.3600,0.3600,0,0
D,2013-10-25,0.3600,0.3600,0.3600,0.3600,25,0
D,2013-10-24,0.3100,0.3100,0.3100,0.3100,0,0
D,2013-10-23,0.3100,0.3100,0.3100,0.3100,0,0
D,2013-10-22,0.3100,0.3100,0.3100,0.3100,0,0
D,2013-10-21,0.3100,0.3100,0.3100,0.3100,0,0
D,2013-10-18,0.3100,0.3100,0.3100,0.3100,0,0
D,2013-10-17,0.3100,0.3100,0.3100,0.3100,0,0
D,2013-10-16,0.3100,0.3100,0.3100,0.3100,0,0
D,2013-10-14,0.3100,0.3100,0.3100,0.3100,0,0
D,2013-10-11,0.3100,0.3100,0.3100,0.3100,58,0
D,2013-10-10,0.2950,0.2950,0.2950,0.2950,0,0
D,2013-10-09,0.2950,0.2950,0.2950,0.2950,0,0
D,2013-10-08,0.2950,0.2950,0.2950,0.2950,0,0
D,2013-10-07,0.2950,0.2950,0.2950,0.2950,157,0
D,2013-10-04,0.3000,0.3000,0.3000,0.3000,0,0
D,2013-10-03,0.3000,0.3000,0.3000,0.3000,0,0
D,2013-10-02,0.3000,0.3000,0.3000,0.3000,0,0
D,2013-10-01,0.3000,0.3000,0.3000,0.3000,0,0
D,2013-09-30,0.2750,0.3000,0.2750,0.3000,500,0
D,2013-09-27,0.2800,0.2800,0.2800,0.2800,0,0
D,2013-09-26,0.2800,0.2800,0.2800,0.2800,0,0
D,2013-09-25,0.2800,0.2800,0.2800,0.2800,3002,0
D,2013-09-24,0.2800,0.2800,0.2800,0.2800,2,0
D,2013-09-23,0.2700,0.2750,0.2700,0.2750,2721,0
D,2013-09-20,0.2550,0.2550,0.2550,0.2550,0,0
D,2013-09-19,0.2550,0.2550,0.2550,0.2550,1,0
D,2013-09-18,0.2400,0.2400,0.2400,0.2400,0,0
D,2013-09-17,0.2400,0.2400,0.2400,0.2400,253,0
D,2013-09-13,0.2500,0.2500,0.2500,0.2500,0,0
D,2013-09-12,0.2500,0.2500,0.2500,0.2500,592,0
D,2013-09-11,0.2500,0.2500,0.2450,0.2450,1736,0
D,2013-09-10,0.2150,0.2150,0.2150,0.2150,0,0
D,2013-09-09,0.2150,0.2150,0.2150,0.2150,0,0
D,2013-09-06,0.2150,0.2150,0.2150,0.2150,0,0
D,2013-09-05,0.1950,0.2150,0.1950,0.2150,22,0
D,2013-09-04,0.1850,0.1850,0.1800,0.1850,22,0
D,2013-09-03,0.2050,0.2050,0.2050,0.2050,103,0
D,2013-09-02,0.2000,0.2000,0.2000,0.2000,10,0
D,2013-08-30,0.2100,0.2100,0.2000,0.2000,18,0
D,2013-08-29,0.1500,0.1500,0.1500,0.1500,0,0
D,2013-08-28,0.1450,0.1500,0.1450,0.1500,210,0
D,2013-08-27,0.1600,0.1600,0.1600,0.1600,11,0
D,2013-08-26,0.2050,0.2050,0.2050,0.2050,0,0
D,2013-08-23,0.2050,0.2050,0.2050,0.2050,40,0
D,2013-08-22,0.2100,0.2100,0.2000,0.2000,8,0
D,2013-08-21,0.2250,0.2300,0.2250,0.2300,2,0
D,2013-08-20,0.2250,0.2250,0.2250,0.2250,9,0
D,2013-08-19,0.2400,0.2400,0.2350,0.2350,515,0
D,2013-08-16,0.2650,0.2650,0.2600,0.2600,164,0
D,2013-08-15,0.2850,0.2850,0.2850,0.2850,0,0
D,2013-08-14,0.2850,0.2900,0.2850,0.2850,936,0
D,2013-08-13,0.2850,0.2850,0.2850,0.2850,120,0
D,2013-08-12,0.2550,0.2550,0.2550,0.2550,100,0
D,2013-08-07,0.2150,0.2400,0.2150,0.2400,1201,0
D,2013-08-06,0.1850,0.1850,0.1850,0.1850,0,0
D,2013-08-05,0.1850,0.1850,0.1850,0.1850,0,0
D,2013-08-02,0.1850,0.1850,0.1850,0.1850,0,0
D,2013-08-01,0.1850,0.1850,0.1850,0.1850,0,0
D,2013-07-31,0.1850,0.1850,0.1850,0.1850,5,0
D,2013-07-30,0.2000,0.2000,0.2000,0.2000,0,0
D,2013-07-29,0.2000,0.2000,0.2000,0.2000,0,0
D,2013-07-26,0.2000,0.2000,0.2000,0.2000,1200,0
D,2013-07-25,0.1950,0.1950,0.1950,0.1950,300,0
D,2013-07-24,0.1850,0.1850,0.1850,0.1850,9100,0
D,2013-07-23,0.1750,0.1750,0.1750,0.1750,0,0
D,2013-07-22,0.1750,0.1750,0.1750,0.1750,0,0
D,2013-07-19,0.1750,0.1750,0.1750,0.1750,200,0
D,2013-07-18,0.1750,0.1800,0.1750,0.1750,31,0
D,2013-07-17,0.1800,0.1800,0.1700,0.1700,31,0
D,2013-07-16,0.1800,0.1800,0.1800,0.1800,0,0
D,2013-07-15,0.1800,0.1800,0.1800,0.1800,1500,0
D,2013-07-12,0.1800,0.1800,0.1800,0.1800,10,0
D,2013-07-11,0.1800,0.1800,0.1800,0.1800,3900,0
D,2013-07-10,0.1700,0.1700,0.1700,0.1700,0,0
D,2013-07-09,0.1700,0.1700,0.1700,0.1700,30,0
D,2013-07-08,0.1650,0.1650,0.1650,0.1650,0,0
D,2013-07-05,0.1650,0.1650,0.1650,0.1650,0,0
D,2013-07-04,0.1650,0.1650,0.1650,0.1650,40,0
D,2013-07-03,0.1700,0.1700,0.1700,0.1700,1710,0
D,2013-07-02,0.1650,0.1650,0.1650,0.1650,2826,0
D,2013-07-01,0.1650,0.1650,0.1600,0.1600,116,0
D,2013-06-28,0.1550,0.1550,0.1500,0.1500,105,0
D,2013-06-27,0.1350,0.1350,0.1350,0.1350,1000,0
D,2013-06-26,0.1400,0.1450,0.1400,0.1450,18,0
D,2013-06-25,0.1350,0.1350,0.1250,0.1250,724,0
D,2013-06-24,0.1400,0.1400,0.1400,0.1400,32,0
D,2013-06-21,0.1400,0.1400,0.1350,0.1350,532,0
D,2013-06-20,0.1500,0.1500,0.1450,0.1450,510,0
D,2013-06-19,0.1450,0.1450,0.1450,0.1450,0,0
D,2013-06-18,0.1450,0.1450,0.1450,0.1450,0,0
D,2013-06-17,0.1500,0.1500,0.1450,0.1450,1025,0
D,2013-06-14,0.1450,0.1450,0.1450,0.1450,300,0
D,2013-06-13,0.1450,0.1450,0.1450,0.1450,2500,0
D,2013-06-12,0.1500,0.1500,0.1450,0.1450,1934,0
D,2013-06-11,0.1650,0.1650,0.1400,0.1450,13233,0
D,2013-06-10,0.1850,0.1850,0.1650,0.1650,1770,0
D,2013-06-07,0.1500,0.1650,0.1500,0.1650,275,0
D,2013-06-06,0.1450,0.1450,0.1350,0.1450,3893,0
D,2013-06-05,0.1450,0.1450,0.1450,0.1450,8414,0
D,2013-06-04,0.1400,0.1450,0.1400,0.1400,9442,0
D,2013-06-03,0.1350,0.1350,0.1350,0.1350,0,0
D,2013-05-31,0.1350,0.1400,0.1350,0.1350,110,0
D,2013-05-30,0.1300,0.1300,0.1300,0.1300,400,0
D,2013-05-29,0.1300,0.1300,0.1300,0.1300,0,0
D,2013-05-28,0.1300,0.1300,0.1300,0.1300,339,0
D,2013-05-27,0.1250,0.1300,0.1200,0.1300,359,0
D,2013-05-23,0.1550,0.1550,0.1400,0.1400,3810,0
D,2013-05-22,0.1550,0.1550,0.1550,0.1550,0,0
D,2013-05-21,0.1550,0.1550,0.1550,0.1550,0,0
D,2013-05-20,0.1550,0.1550,0.1550,0.1550,561,0
D,2013-05-17,0.1400,0.1450,0.1350,0.1400,791,0
D,2013-05-16,0.1250,0.1250,0.1250,0.1250,0,0
D,2013-05-15,0.1350,0.1350,0.1200,0.1250,510,0
D,2013-05-14,0.1150,0.1200,0.1150,0.1200,13573,0
D,2013-05-13,0.1100,0.1150,0.1100,0.1150,12488,0
D,2013-05-10,0.1050,0.1050,0.1050,0.1050,719,0
D,2013-05-09,0.1100,0.1100,0.1100,0.1100,34,0
D,2013-05-08,0.1300,0.1300,0.1150,0.1150,1251,0
D,2013-05-07,0.1100,0.1200,0.1100,0.1100,1764,0
D,2013-05-06,0.1650,0.1650,0.0850,0.0900,6451,0
D,2013-05-03,0.0800,0.0800,0.0750,0.0750,28,0
D,2013-05-02,0.0900,0.0900,0.0900,0.0900,0,0
D,2013-04-30,0.0900,0.0900,0.0900,0.0900,760,0
D,2013-04-29,0.0900,0.0900,0.0900,0.0900,60,0
D,2013-04-26,0.0850,0.1000,0.0850,0.0950,692,0
D,2013-04-25,0.0800,0.0850,0.0800,0.0850,41,0
D,2013-04-24,0.0800,0.0800,0.0800,0.0800,20,0
D,2013-04-23,0.0800,0.0800,0.0750,0.0750,70,0
D,2013-04-22,0.0850,0.0850,0.0850,0.0850,50,0
D,2013-04-19,0.0800,0.0800,0.0800,0.0800,79,0
D,2013-04-18,0.0750,0.0750,0.0750,0.0750,580,0
D,2013-04-17,0.0750,0.0750,0.0750,0.0750,802,0
D,2013-04-16,0.0700,0.0700,0.0700,0.0700,120,0
D,2013-04-15,0.0800,0.0800,0.0800,0.0800,0,0
D,2013-04-12,0.0800,0.0800,0.0800,0.0800,60,0
D,2013-04-11,0.0750,0.0750,0.0750,0.0750,0,0
D,2013-04-10,0.0750,0.0750,0.0750,0.0750,0,0
D,2013-04-09,0.0750,0.0750,0.0750,0.0750,150,0
D,2013-04-08,0.0750,0.0750,0.0750,0.0750,0,0
D,2013-04-05,0.0750,0.0750,0.0750,0.0750,0,0
D,2013-04-04,0.0750,0.0750,0.0750,0.0750,50,0
D,2013-04-03,0.0750,0.0750,0.0450,0.0700,3170,0
D,2013-04-02,0.0800,0.0850,0.0800,0.0850,1530,0
D,2013-04-01,0.0750,0.0750,0.0750,0.0750,100,0
D,2013-03-29,0.0750,0.0750,0.0750,0.0750,550,0
D,2013-03-28,0.0900,0.0900,0.0900,0.0900,90,0
D,2013-03-27,0.0800,0.0800,0.0800,0.0800,0,0
D,2013-03-26,0.0800,0.0800,0.0800,0.0800,10,0
D,2013-03-25,0.0800,0.0800,0.0800,0.0800,0,0
D,2013-03-22,0.0800,0.0800,0.0800,0.0800,100,0
D,2013-03-21,0.0850,0.0850,0.0850,0.0850,500,0
D,2013-03-20,0.0850,0.0850,0.0850,0.0850,0,0
D,2013-03-19,0.0850,0.0850,0.0850,0.0850,57,0
D,2013-03-18,0.0900,0.0900,0.0900,0.0900,0,0
D,2013-03-15,0.0900,0.0900,0.0900,0.0900,0,0
D,2013-03-14,0.0900,0.0900,0.0900,0.0900,0,0
D,2013-03-13,0.0900,0.0900,0.0900,0.0900,130,0
D,2013-03-12,0.1000,0.1000,0.1000,0.1000,57,0
D,2013-03-11,0.0950,0.1000,0.0950,0.0950,76,0
D,2013-03-08,0.0900,0.0900,0.0900,0.0900,0,0
D,2013-03-07,0.0950,0.0950,0.0900,0.0900,100,0
D,2013-03-06,0.0950,0.0950,0.0950,0.0950,0,0
D,2013-03-05,0.0900,0.0950,0.0900,0.0950,106,0
D,2013-03-04,0.0850,0.0850,0.0850,0.0850,730,0
D,2013-03-01,0.0950,0.0950,0.0850,0.0850,66,0
D,2013-02-28,0.1000,0.1000,0.1000,0.1000,361,0
D,2013-02-27,0.1000,0.1000,0.1000,0.1000,0,0
D,2013-02-26,0.1000,0.1100,0.1000,0.1000,197,0
D,2013-02-25,0.1000,0.1000,0.1000,0.1000,0,0
D,2013-02-22,0.0900,0.1000,0.0900,0.1000,430,0
D,2013-02-21,0.0850,0.0850,0.0850,0.0850,0,0
D,2013-02-20,0.0850,0.0850,0.0850,0.0850,0,0
D,2013-02-19,0.0850,0.0850,0.0850,0.0850,0,0
D,2013-02-18,0.0850,0.0850,0.0850,0.0850,0,0
D,2013-02-15,0.0850,0.0850,0.0850,0.0850,250,0
D,2013-02-14,0.0850,0.0850,0.0850,0.0850,100,0
D,2013-02-13,0.0800,0.0800,0.0800,0.0800,0,0
D,2013-02-08,0.0800,0.0800,0.0800,0.0800,150,0
D,2013-02-07,0.0850,0.0850,0.0850,0.0850,0,0
D,2013-02-06,0.0900,0.0900,0.0850,0.0850,270,0
D,2013-02-05,0.0950,0.0950,0.0950,0.0950,0,0
D,2013-02-04,0.0950,0.0950,0.0950,0.0950,100,0
D,2013-01-31,0.1000,0.1000,0.1000,0.1000,0,0
D,2013-01-30,0.0950,0.1000,0.0950,0.1000,91,0
D,2013-01-29,0.1050,0.1050,0.1050,0.1050,0,0
D,2013-01-25,0.1050,0.1050,0.1050,0.1050,0,0
D,2013-01-23,0.1050,0.1050,0.1050,0.1050,0,0
D,2013-01-22,0.0900,0.1050,0.0900,0.1050,45,0
D,2013-01-21,0.1150,0.1150,0.1100,0.1100,11,0
D,2013-01-18,0.1200,0.1200,0.1200,0.1200,40,0
