D,2014-10-14,0.3400,0.3400,0.3250,0.3300,16526,0
D,2014-10-13,0.3350,0.3550,0.3350,0.3400,21496,0
D,2014-10-10,0.3350,0.3350,0.3300,0.3350,14993,0
D,2014-10-09,0.3350,0.3450,0.3350,0.3450,8573,0
D,2014-10-08,0.3550,0.3550,0.3200,0.3300,37000,0
D,2014-10-07,0.3550,0.3600,0.3450,0.3450,17070,0
D,2014-10-03,0.3500,0.3550,0.3450,0.3550,7398,0
D,2014-10-02,0.3500,0.3600,0.3450,0.3500,19760,0
D,2014-10-01,0.3650,0.3700,0.3550,0.3550,18031,0
D,2014-09-30,0.3800,0.3800,0.3600,0.3700,38620,0
D,2014-09-29,0.3850,0.3900,0.3800,0.3800,20149,0
D,2014-09-26,0.3900,0.3900,0.3800,0.3850,17751,0
D,2014-09-25,0.3950,0.3950,0.3850,0.3850,24295,0
D,2014-09-24,0.3850,0.4100,0.3850,0.3950,166109,0
D,2014-09-23,0.3800,0.4000,0.3800,0.3850,70985,0
D,2014-09-22,0.3950,0.4000,0.3800,0.3800,65709,0
D,2014-09-19,0.3900,0.4050,0.3900,0.3950,52382,0
D,2014-09-18,0.4100,0.4100,0.3850,0.3900,63376,0
D,2014-09-17,0.3900,0.4200,0.3850,0.4100,219134,0
D,2014-09-15,0.4000,0.4050,0.3800,0.3900,55436,0
D,2014-09-12,0.3500,0.4050,0.3500,0.3900,379345,0
D,2014-09-11,0.3400,0.3550,0.3400,0.3450,21720,0
D,2014-09-10,0.3350,0.3400,0.3350,0.3400,5112,0
D,2014-09-09,0.3350,0.3400,0.3350,0.3400,2693,0
D,2014-09-08,0.3350,0.3400,0.3350,0.3400,3258,0
D,2014-09-05,0.3350,0.3350,0.3300,0.3350,5060,0
D,2014-09-04,0.3250,0.3300,0.3250,0.3300,2597,0
D,2014-09-03,0.3300,0.3300,0.3250,0.3250,4392,0
D,2014-09-02,0.3300,0.3350,0.3300,0.3300,6930,0
D,2014-08-29,0.3350,0.3350,0.3250,0.3300,7908,0
D,2014-08-28,0.3300,0.3350,0.3250,0.3350,4913,0
D,2014-08-27,0.3250,0.3300,0.3250,0.3300,4400,0
D,2014-08-26,0.3200,0.3300,0.3200,0.3250,3678,0
D,2014-08-25,0.3300,0.3300,0.3200,0.3300,4080,0
D,2014-08-22,0.3300,0.3300,0.3250,0.3300,1886,0
D,2014-08-21,0.3300,0.3350,0.3300,0.3300,3566,0
D,2014-08-20,0.3350,0.3350,0.3350,0.3350,6258,0
D,2014-08-19,0.3400,0.3400,0.3300,0.3350,9255,0
D,2014-08-18,0.3350,0.3400,0.3350,0.3400,7432,0
D,2014-08-15,0.3400,0.3400,0.3350,0.3350,9621,0
D,2014-08-14,0.3450,0.3450,0.3400,0.3400,6013,0
D,2014-08-13,0.3350,0.3450,0.3300,0.3450,16004,0
D,2014-08-12,0.3400,0.3400,0.3300,0.3350,8170,0
D,2014-08-11,0.3300,0.3450,0.3300,0.3400,19314,0
D,2014-08-08,0.3400,0.3400,0.3250,0.3300,11450,0
D,2014-08-07,0.3450,0.3450,0.3400,0.3400,10576,0
D,2014-08-06,0.3500,0.3500,0.3400,0.3400,22153,0
D,2014-08-05,0.3200,0.3500,0.3200,0.3450,41978,0
D,2014-08-04,0.3200,0.3200,0.3150,0.3200,7564,0
D,2014-08-01,0.3150,0.3200,0.3150,0.3200,8098,0
D,2014-07-31,0.3200,0.3250,0.3150,0.3200,5214,0
D,2014-07-30,0.3150,0.3250,0.3150,0.3200,5141,0
D,2014-07-25,0.3250,0.3250,0.3200,0.3200,6060,0
D,2014-07-24,0.3250,0.3250,0.3200,0.3250,4202,0
D,2014-07-23,0.3250,0.3250,0.3250,0.3250,5092,0
D,2014-07-22,0.3250,0.3300,0.3200,0.3300,4719,0
D,2014-07-21,0.3350,0.3400,0.3250,0.3250,9027,0
D,2014-07-18,0.3250,0.3350,0.3250,0.3350,4998,0
D,2014-07-17,0.3250,0.3350,0.3250,0.3350,16449,0
D,2014-07-16,0.3250,0.3250,0.3250,0.3250,6113,0
D,2014-07-14,0.3200,0.3250,0.3150,0.3250,3955,0
D,2014-07-11,0.3200,0.3250,0.3200,0.3200,9966,0
D,2014-07-10,0.3250,0.3250,0.3200,0.3250,2693,0
D,2014-07-09,0.3250,0.3250,0.3200,0.3250,15250,0
D,2014-07-08,0.3150,0.3300,0.3150,0.3300,31201,0
D,2014-07-07,0.3050,0.3150,0.3050,0.3150,14637,0
D,2014-07-04,0.2950,0.3000,0.2900,0.3000,6263,0
D,2014-07-03,0.2950,0.2950,0.2900,0.2900,1423,0
D,2014-07-02,0.2900,0.2950,0.2900,0.2950,5210,0
D,2014-07-01,0.2900,0.2950,0.2900,0.2900,2453,0
D,2014-06-30,0.2950,0.2950,0.2900,0.2900,5623,0
D,2014-06-27,0.3000,0.3000,0.2900,0.2950,3647,0
D,2014-06-26,0.2900,0.3000,0.2900,0.3000,5215,0
D,2014-06-25,0.3000,0.3000,0.2900,0.2950,9888,0
D,2014-06-24,0.3050,0.3050,0.3000,0.3000,6190,0
D,2014-06-23,0.3050,0.3100,0.3000,0.3050,18089,0
D,2014-06-20,0.3050,0.3100,0.3000,0.3050,11033,0
D,2014-06-19,0.3100,0.3150,0.3000,0.3000,16349,0
D,2014-06-18,0.3100,0.3150,0.3050,0.3100,21865,0
D,2014-06-17,0.3050,0.3100,0.3050,0.3100,14505,0
D,2014-06-16,0.3150,0.3150,0.3000,0.3100,19478,0
D,2014-06-13,0.3350,0.3350,0.3100,0.3150,104878,0
D,2014-06-12,0.3500,0.3550,0.3450,0.3450,20140,0
D,2014-06-11,0.3350,0.3500,0.3350,0.3500,23147,0
D,2014-06-10,0.3300,0.3350,0.3250,0.3350,9758,0
D,2014-06-09,0.3300,0.3350,0.3250,0.3250,4400,0
D,2014-06-06,0.3250,0.3300,0.3250,0.3300,5000,0
D,2014-06-05,0.3300,0.3300,0.3250,0.3300,5786,0
D,2014-06-04,0.3300,0.3350,0.3300,0.3300,2831,0
D,2014-06-03,0.3400,0.3400,0.3250,0.3250,15123,0
D,2014-06-02,0.3400,0.3400,0.3300,0.3400,7454,0
D,2014-05-30,0.3400,0.3450,0.3350,0.3450,11400,0
D,2014-05-29,0.3400,0.3400,0.3350,0.3400,3451,0
D,2014-05-28,0.3400,0.3450,0.3350,0.3350,21376,0
D,2014-05-27,0.3450,0.3450,0.3350,0.3450,24167,0
D,2014-05-26,0.3500,0.3500,0.3400,0.3500,8397,0
D,2014-05-23,0.3500,0.3550,0.3500,0.3550,19956,0
D,2014-05-22,0.3750,0.3750,0.3500,0.3600,69780,0
D,2014-05-21,0.3450,0.3700,0.3450,0.3700,66540,0
D,2014-05-20,0.3450,0.3600,0.3450,0.3500,11337,0
D,2014-05-19,0.3500,0.3500,0.3400,0.3450,4807,0
D,2014-05-16,0.3450,0.3500,0.3400,0.3500,5482,0
D,2014-05-15,0.3500,0.3500,0.3400,0.3500,5072,0
D,2014-05-14,0.3500,0.3550,0.3450,0.3550,9383,0
D,2014-05-12,0.3500,0.3600,0.3450,0.3550,6898,0
D,2014-05-09,0.3550,0.3600,0.3500,0.3550,18302,0
D,2014-05-08,0.3350,0.3550,0.3350,0.3500,13014,0
D,2014-05-07,0.3300,0.3400,0.3250,0.3350,14675,0
D,2014-05-06,0.3250,0.3300,0.3250,0.3300,4703,0
D,2014-05-05,0.3400,0.3400,0.3200,0.3300,4216,0
D,2014-05-02,0.3350,0.3400,0.3250,0.3400,20891,0
D,2014-04-30,0.3350,0.3450,0.3300,0.3350,9756,0
D,2014-04-29,0.3450,0.3500,0.3300,0.3450,13841,0
D,2014-04-28,0.3650,0.3650,0.3450,0.3500,68609,0
D,2014-04-25,0.3700,0.3700,0.3550,0.3600,35847,0
D,2014-04-24,0.3700,0.3800,0.3550,0.3700,35034,0
D,2014-04-23,0.3700,0.3700,0.3550,0.3700,18931,0
D,2014-04-22,0.3850,0.3900,0.3650,0.3700,27207,0
D,2014-04-21,0.3850,0.3950,0.3800,0.3850,127440,0
D,2014-04-18,0.3400,0.3750,0.3400,0.3700,140487,0
D,2014-04-17,0.3500,0.3500,0.3350,0.3450,10737,0
D,2014-04-16,0.3400,0.3550,0.3350,0.3450,116890,0
D,2014-04-15,0.3300,0.3400,0.3300,0.3350,21890,0
D,2014-04-14,0.3300,0.3300,0.3200,0.3300,3644,0
D,2014-04-11,0.3350,0.3350,0.3250,0.3300,6505,0
D,2014-04-10,0.3500,0.3500,0.3300,0.3350,15364,0
D,2014-04-09,0.3450,0.3500,0.3400,0.3500,22497,0
D,2014-04-08,0.3350,0.3450,0.3300,0.3400,21500,0
D,2014-04-07,0.3300,0.3400,0.3300,0.3350,22838,0
D,2014-04-04,0.3150,0.3400,0.3150,0.3300,64733,0
D,2014-04-03,0.3100,0.3200,0.3100,0.3150,4967,0
D,2014-04-02,0.3050,0.3100,0.3050,0.3100,4201,0
D,2014-04-01,0.3100,0.3100,0.3100,0.3100,5600,0
D,2014-03-31,0.3100,0.3150,0.3100,0.3150,8651,0
D,2014-03-28,0.3050,0.3100,0.3050,0.3050,5240,0
D,2014-03-27,0.3100,0.3100,0.3050,0.3100,6212,0
D,2014-03-26,0.3100,0.3100,0.3100,0.3100,2310,0
D,2014-03-25,0.3100,0.3100,0.3050,0.3100,5920,0
D,2014-03-24,0.3050,0.3150,0.3050,0.3150,6053,0
D,2014-03-21,0.3050,0.3100,0.3050,0.3050,16535,0
D,2014-03-20,0.3050,0.3100,0.3050,0.3100,7260,0
D,2014-03-19,0.3150,0.3150,0.3050,0.3100,3415,0
D,2014-03-18,0.3200,0.3250,0.3150,0.3150,8561,0
D,2014-03-17,0.3050,0.3250,0.3050,0.3200,114363,0
D,2014-03-14,0.3050,0.3100,0.3050,0.3050,1893,0
D,2014-03-13,0.3050,0.3150,0.3050,0.3050,14053,0
D,2014-03-12,0.3050,0.3050,0.2950,0.3050,9156,0
D,2014-03-11,0.3150,0.3150,0.3050,0.3100,7451,0
D,2014-03-10,0.3100,0.3100,0.3050,0.3050,2100,0
D,2014-03-07,0.3150,0.3200,0.3100,0.3150,13916,0
D,2014-03-06,0.3100,0.3250,0.3100,0.3100,78025,0
D,2014-03-05,0.3050,0.3100,0.3000,0.3100,1401,0
D,2014-03-04,0.3000,0.3100,0.3000,0.3100,21,0
D,2014-03-03,0.3050,0.3050,0.3050,0.3050,300,0
D,2014-02-28,0.3050,0.3100,0.3050,0.3100,1090,0
D,2014-02-27,0.3050,0.3100,0.3050,0.3100,601,0
D,2014-02-26,0.3050,0.3100,0.3050,0.3050,1133,0
D,2014-02-25,0.3100,0.3100,0.3050,0.3100,2582,0
D,2014-02-24,0.3100,0.3100,0.3050,0.3050,838,0
D,2014-02-21,0.3200,0.3250,0.3100,0.3150,755,0
D,2014-02-20,0.3150,0.3200,0.3100,0.3200,1072,0
D,2014-02-19,0.3250,0.3350,0.3150,0.3200,5547,0
D,2014-02-18,0.3100,0.3250,0.3100,0.3250,1378,0
D,2014-02-17,0.3050,0.3150,0.3050,0.3150,1995,0
D,2014-02-14,0.3050,0.3050,0.3050,0.3050,1600,0
D,2014-02-13,0.3000,0.3000,0.3000,0.3000,930,0
D,2014-02-12,0.3050,0.3050,0.3000,0.3000,600,0
D,2014-02-11,0.3050,0.3050,0.3050,0.3050,1496,0
D,2014-02-10,0.3000,0.3200,0.2950,0.3200,3817,0
D,2014-02-07,0.3000,0.3050,0.3000,0.3050,500,0
D,2014-02-06,0.3000,0.3000,0.3000,0.3000,0,0
D,2014-02-05,0.3000,0.3000,0.3000,0.3000,410,0
D,2014-02-04,0.2950,0.3050,0.2950,0.3050,210,0
D,2014-01-30,0.3050,0.3050,0.3050,0.3050,0,0
D,2014-01-29,0.3000,0.3050,0.3000,0.3050,1000,0
D,2014-01-28,0.2950,0.2950,0.2950,0.2950,260,0
D,2014-01-27,0.3000,0.3000,0.2950,0.2950,455,0
D,2014-01-24,0.3050,0.3050,0.3050,0.3050,1370,0
D,2014-01-23,0.3100,0.3100,0.3050,0.3050,1120,0
D,2014-01-22,0.3050,0.3100,0.3050,0.3100,2510,0
D,2014-01-21,0.3100,0.3150,0.3100,0.3150,1560,0
D,2014-01-20,0.3250,0.3250,0.3100,0.3100,1850,0
D,2014-01-16,0.3300,0.3450,0.3300,0.3300,16235,0
D,2014-01-15,0.3200,0.3300,0.3200,0.3300,2430,0
D,2014-01-13,0.3350,0.3350,0.3250,0.3250,4768,0
D,2014-01-10,0.3250,0.3300,0.3150,0.3300,8581,0
D,2014-01-09,0.3200,0.3250,0.3150,0.3250,4861,0
D,2014-01-08,0.3100,0.3200,0.3050,0.3200,2334,0
D,2014-01-07,0.3150,0.3250,0.3100,0.3150,10364,0
D,2014-01-06,0.3000,0.3150,0.3000,0.3150,5577,0
D,2014-01-03,0.3050,0.3050,0.3000,0.3000,1770,0
D,2014-01-02,0.3000,0.3100,0.3000,0.3100,7852,0
D,2013-12-31,0.2900,0.2950,0.2900,0.2950,420,0
D,2013-12-30,0.2950,0.2950,0.2950,0.2950,100,0
D,2013-12-27,0.2950,0.2950,0.2950,0.2950,900,0
D,2013-12-26,0.2950,0.3100,0.2950,0.3100,3296,0
D,2013-12-24,0.2950,0.2950,0.2900,0.2900,280,0
D,2013-12-23,0.2950,0.2950,0.2950,0.2950,650,0
D,2013-12-20,0.3000,0.3000,0.2950,0.2950,1250,0
D,2013-12-19,0.3000,0.3000,0.2950,0.3000,718,0
D,2013-12-18,0.3000,0.3050,0.3000,0.3050,700,0
D,2013-12-17,0.2950,0.3100,0.2950,0.2950,1290,0
D,2013-12-16,0.3000,0.3000,0.2950,0.2950,500,0
D,2013-12-13,0.2950,0.3050,0.2950,0.3050,1144,0
D,2013-12-12,0.3150,0.3150,0.3000,0.3000,2728,0
D,2013-12-11,0.3050,0.3200,0.3050,0.3150,1471,0
D,2013-12-10,0.2950,0.3000,0.2950,0.3000,1930,0
D,2013-12-09,0.2950,0.2950,0.2950,0.2950,160,0
D,2013-12-06,0.2900,0.2950,0.2900,0.2950,600,0
D,2013-12-05,0.2900,0.2900,0.2850,0.2850,729,0
D,2013-12-04,0.2850,0.2950,0.2850,0.2900,450,0
D,2013-12-03,0.2900,0.2900,0.2900,0.2900,414,0
D,2013-12-02,0.3000,0.3000,0.2950,0.2950,1046,0
D,2013-11-29,0.3000,0.3000,0.2950,0.3000,3399,0
D,2013-11-28,0.3000,0.3050,0.3000,0.3050,582,0
D,2013-11-27,0.3000,0.3050,0.2950,0.3050,1052,0
D,2013-11-26,0.3000,0.3000,0.3000,0.3000,470,0
D,2013-11-25,0.3050,0.3050,0.3000,0.3000,1816,0
D,2013-11-22,0.3000,0.3050,0.3000,0.3050,521,0
D,2013-11-21,0.3000,0.3050,0.2950,0.3000,2007,0
D,2013-11-20,0.3100,0.3100,0.2950,0.3050,4802,0
D,2013-11-19,0.3100,0.3100,0.3050,0.3100,1591,0
D,2013-11-18,0.3100,0.3150,0.3100,0.3100,1922,0
D,2013-11-15,0.3100,0.3150,0.3100,0.3150,1590,0
D,2013-11-14,0.3050,0.3150,0.3050,0.3100,3025,0
D,2013-11-13,0.3200,0.3200,0.3050,0.3100,4391,0
D,2013-11-12,0.3150,0.3200,0.3150,0.3200,3323,0
D,2013-11-11,0.3200,0.3200,0.3150,0.3150,4423,0
D,2013-11-08,0.3200,0.3250,0.3200,0.3250,2702,0
D,2013-11-07,0.3250,0.3350,0.3200,0.3200,19516,0
D,2013-11-06,0.3200,0.3200,0.3150,0.3200,5640,0
D,2013-11-04,0.3200,0.3300,0.3200,0.3300,1284,0
D,2013-11-01,0.3200,0.3250,0.3200,0.3250,2801,0
D,2013-10-31,0.3200,0.3250,0.3200,0.3250,972,0
D,2013-10-30,0.3250,0.3350,0.3200,0.3250,9887,0
D,2013-10-29,0.3350,0.3350,0.3150,0.3250,3698,0
D,2013-10-28,0.3250,0.3350,0.3250,0.3300,8516,0
D,2013-10-25,0.3150,0.3300,0.3150,0.3250,7378,0
D,2013-10-24,0.3150,0.3200,0.3100,0.3100,3352,0
D,2013-10-23,0.3200,0.3300,0.3200,0.3250,7852,0
D,2013-10-22,0.3250,0.3250,0.3150,0.3150,2840,0
D,2013-10-21,0.3200,0.3300,0.3200,0.3250,6454,0
D,2013-10-18,0.3300,0.3300,0.3150,0.3200,3340,0
D,2013-10-17,0.3200,0.3350,0.3200,0.3250,30488,0
D,2013-10-16,0.3200,0.3300,0.3150,0.3250,5677,0
D,2013-10-14,0.3350,0.3350,0.3200,0.3300,4178,0
D,2013-10-11,0.3450,0.3500,0.3350,0.3400,9579,0
D,2013-10-10,0.3300,0.3800,0.3300,0.3400,93144,0
D,2013-10-09,0.3050,0.3250,0.3050,0.3250,8260,0
D,2013-10-08,0.2950,0.3050,0.2950,0.3050,931,0
D,2013-10-07,0.3000,0.3100,0.3000,0.3050,651,0
D,2013-10-04,0.3050,0.3100,0.3050,0.3050,305,0
D,2013-10-03,0.2950,0.3050,0.2950,0.3050,1539,0
D,2013-10-02,0.3000,0.3000,0.3000,0.3000,300,0
D,2013-10-01,0.2950,0.3100,0.2950,0.3100,2430,0
D,2013-09-30,0.3100,0.3100,0.3000,0.3050,2700,0
D,2013-09-27,0.3300,0.3300,0.3150,0.3200,3155,0
D,2013-09-26,0.3350,0.3350,0.3200,0.3300,2952,0
D,2013-09-25,0.3400,0.3450,0.3250,0.3300,13046,0
D,2013-09-24,0.3000,0.3350,0.3000,0.3350,13081,0
D,2013-09-23,0.3200,0.3200,0.3000,0.3050,1444,0
D,2013-09-20,0.3050,0.3200,0.3050,0.3150,5208,0
D,2013-09-19,0.3050,0.3150,0.3050,0.3050,3423,0
D,2013-09-18,0.3050,0.3150,0.2950,0.3050,4320,0
D,2013-09-17,0.2950,0.3150,0.2900,0.3050,4651,0
D,2013-09-13,0.3050,0.3050,0.3050,0.3050,150,0
D,2013-09-12,0.3150,0.3150,0.3100,0.3100,1371,0
D,2013-09-11,0.3150,0.3200,0.3050,0.3100,3450,0
D,2013-09-10,0.2950,0.3100,0.2900,0.3100,7386,0
D,2013-09-09,0.2850,0.2950,0.2850,0.2950,2295,0
D,2013-09-06,0.2800,0.2800,0.2800,0.2800,1500,0
D,2013-09-05,0.2850,0.2950,0.2750,0.2850,1200,0
D,2013-09-04,0.2700,0.2850,0.2700,0.2800,3350,0
D,2013-09-03,0.2800,0.2850,0.2800,0.2850,4175,0
D,2013-09-02,0.2750,0.2800,0.2750,0.2800,3088,0
D,2013-08-30,0.2900,0.2900,0.2750,0.2800,4793,0
D,2013-08-29,0.2850,0.2950,0.2800,0.2900,4587,0
D,2013-08-28,0.2750,0.2750,0.2600,0.2750,7985,0
D,2013-08-27,0.3050,0.3050,0.2800,0.2800,8477,0
D,2013-08-26,0.3150,0.3150,0.3050,0.3050,6460,0
D,2013-08-23,0.3100,0.3200,0.3050,0.3050,2572,0
D,2013-08-22,0.3200,0.3200,0.3000,0.3050,8435,0
D,2013-08-21,0.3200,0.3300,0.3200,0.3300,3250,0
D,2013-08-20,0.3400,0.3400,0.3200,0.3250,10026,0
D,2013-08-19,0.3450,0.3450,0.3350,0.3450,9106,0
D,2013-08-16,0.3300,0.3400,0.3250,0.3350,2130,0
D,2013-08-15,0.3450,0.3450,0.3300,0.3300,6582,0
D,2013-08-14,0.3450,0.3500,0.3400,0.3450,6067,0
D,2013-08-13,0.3500,0.3500,0.3400,0.3400,10482,0
D,2013-08-12,0.3300,0.3550,0.3200,0.3450,18496,0
D,2013-08-07,0.3200,0.3200,0.3200,0.3200,250,0
D,2013-08-06,0.3150,0.3250,0.3100,0.3250,5460,0
D,2013-08-05,0.3200,0.3350,0.3200,0.3200,5783,0
D,2013-08-02,0.3250,0.3300,0.3200,0.3250,3398,0
D,2013-08-01,0.3050,0.3200,0.3050,0.3200,4791,0
D,2013-07-31,0.3150,0.3250,0.3050,0.3050,7210,0
D,2013-07-30,0.3050,0.3150,0.3050,0.3100,3540,0
D,2013-07-29,0.3150,0.3150,0.3000,0.3100,4281,0
D,2013-07-26,0.3100,0.3150,0.3050,0.3100,7775,0
D,2013-07-25,0.3200,0.3200,0.3100,0.3200,5736,0
D,2013-07-24,0.3300,0.3350,0.3050,0.3200,9878,0
D,2013-07-23,0.3250,0.3300,0.3200,0.3300,3763,0
D,2013-07-22,0.3450,0.3450,0.3200,0.3250,15896,0
D,2013-07-19,0.3600,0.3600,0.3450,0.3500,13961,0
D,2013-07-18,0.3350,0.3550,0.3300,0.3550,48810,0
D,2013-07-17,0.3350,0.3400,0.3200,0.3300,12427,0
D,2013-07-16,0.3000,0.3350,0.3000,0.3300,39321,0
D,2013-07-15,0.3000,0.3100,0.2950,0.3000,5205,0
D,2013-07-12,0.3150,0.3200,0.3000,0.3100,4869,0
D,2013-07-11,0.3000,0.3200,0.3000,0.3150,7774,0
D,2013-07-10,0.3200,0.3250,0.3000,0.3050,10334,0
D,2013-07-09,0.2950,0.3200,0.2950,0.3150,18198,0
D,2013-07-08,0.3000,0.3000,0.2850,0.2950,7761,0
D,2013-07-05,0.3050,0.3050,0.2850,0.2950,12334,0
D,2013-07-04,0.2700,0.3050,0.2700,0.3000,21272,0
D,2013-07-03,0.2750,0.2750,0.2650,0.2700,11070,0
D,2013-07-02,0.2800,0.2800,0.2700,0.2750,10675,0
D,2013-07-01,0.2800,0.2800,0.2800,0.2800,6714,0
D,2013-06-28,0.2850,0.2900,0.2800,0.2850,9903,0
D,2013-06-27,0.2950,0.3050,0.2800,0.2850,31282,0
D,2013-06-26,0.2900,0.2950,0.2800,0.2950,17330,0
D,2013-06-25,0.2800,0.3000,0.2650,0.2900,26997,0
D,2013-06-24,0.3100,0.3100,0.2750,0.2800,25484,0
D,2013-06-21,0.2950,0.3200,0.2950,0.3150,79847,0
D,2013-06-20,0.3100,0.3300,0.2950,0.3150,29750,0
D,2013-06-19,0.3400,0.3450,0.3150,0.3150,17700,0
D,2013-06-18,0.3650,0.3700,0.3400,0.3400,65209,0
D,2013-06-17,0.3450,0.4050,0.3400,0.3650,475212,0
D,2013-06-14,0.2950,0.3450,0.2950,0.3400,226294,0
D,2013-06-13,0.2750,0.3050,0.2750,0.2850,61479,0
D,2013-06-12,0.2500,0.2800,0.2500,0.2750,12181,0
D,2013-06-11,0.2500,0.2500,0.2500,0.2500,2820,0
D,2013-06-10,0.2500,0.2500,0.2450,0.2500,1211,0
D,2013-06-07,0.2400,0.2550,0.2400,0.2550,890,0
D,2013-06-06,0.2450,0.2450,0.2400,0.2400,1101,0
D,2013-06-05,0.2450,0.2450,0.2400,0.2400,130,0
D,2013-06-04,0.2500,0.2500,0.2400,0.2450,4619,0
D,2013-06-03,0.2550,0.2550,0.2400,0.2500,1379,0
D,2013-05-31,0.2600,0.2700,0.2500,0.2700,5966,0
D,2013-05-30,0.2600,0.2650,0.2600,0.2650,1890,0
D,2013-05-29,0.2750,0.2750,0.2650,0.2650,5569,0
D,2013-05-28,0.2750,0.2750,0.2650,0.2700,3330,0
D,2013-05-27,0.2550,0.2800,0.2550,0.2700,5043,0
D,2013-05-23,0.2650,0.2650,0.2500,0.2550,8722,0
D,2013-05-22,0.2800,0.2850,0.2600,0.2650,17891,0
D,2013-05-21,0.2900,0.2900,0.2650,0.2900,25414,0
D,2013-05-20,0.2500,0.2850,0.2500,0.2850,16494,0
D,2013-05-17,0.2400,0.2500,0.2300,0.2500,17526,0
D,2013-05-16,0.2300,0.2350,0.2250,0.2350,2791,0
D,2013-05-15,0.2250,0.2450,0.2250,0.2400,2023,0
D,2013-05-14,0.2300,0.2300,0.2200,0.2250,1799,0
D,2013-05-13,0.2250,0.2400,0.2250,0.2350,8855,0
D,2013-05-10,0.2250,0.2300,0.2200,0.2200,3002,0
D,2013-05-09,0.2250,0.2250,0.2250,0.2250,5,0
D,2013-05-08,0.2100,0.2100,0.2100,0.2100,500,0
D,2013-05-07,0.2250,0.2250,0.2150,0.2150,1786,0
D,2013-05-06,0.2150,0.2150,0.2150,0.2150,0,0
D,2013-05-03,0.2150,0.2150,0.2150,0.2150,400,0
D,2013-05-02,0.2000,0.2150,0.2000,0.2150,144,0
D,2013-04-30,0.2100,0.2100,0.1950,0.1950,50,0
D,2013-04-29,0.2000,0.2000,0.2000,0.2000,0,0
D,2013-04-26,0.2100,0.2100,0.2000,0.2000,599,0
D,2013-04-25,0.2250,0.2250,0.2250,0.2250,0,0
D,2013-04-24,0.2250,0.2250,0.2250,0.2250,169,0
D,2013-04-23,0.2150,0.2150,0.2150,0.2150,0,0
D,2013-04-22,0.2150,0.2150,0.2150,0.2150,0,0
D,2013-04-19,0.2150,0.2150,0.2150,0.2150,0,0
D,2013-04-18,0.2150,0.2150,0.2150,0.2150,0,0
D,2013-04-17,0.2100,0.2150,0.2100,0.2150,329,0
D,2013-04-16,0.2100,0.2100,0.2100,0.2100,0,0
D,2013-04-15,0.2100,0.2100,0.2100,0.2100,80,0
D,2013-04-12,0.2050,0.2050,0.2000,0.2050,206,0
D,2013-04-11,0.2200,0.2200,0.2200,0.2200,200,0
D,2013-04-10,0.2100,0.2100,0.2100,0.2100,600,0
D,2013-04-09,0.2150,0.2150,0.2150,0.2150,0,0
D,2013-04-08,0.2200,0.2200,0.2150,0.2150,1592,0
D,2013-04-05,0.2000,0.2300,0.2000,0.2300,1031,0
D,2013-04-04,0.2050,0.2050,0.2050,0.2050,136,0
D,2013-04-03,0.2000,0.2050,0.2000,0.2050,1636,0
D,2013-04-02,0.2100,0.2100,0.2100,0.2100,0,0
D,2013-04-01,0.2000,0.2100,0.2000,0.2100,648,0
D,2013-03-29,0.2000,0.2000,0.2000,0.2000,800,0
D,2013-03-28,0.2050,0.2050,0.2050,0.2050,0,0
D,2013-03-27,0.2000,0.2050,0.2000,0.2050,813,0
D,2013-03-26,0.2150,0.2150,0.2150,0.2150,90,0
D,2013-03-25,0.2200,0.2200,0.1950,0.2200,307,0
D,2013-03-22,0.2050,0.2050,0.2000,0.2000,1730,0
D,2013-03-21,0.2050,0.2150,0.2000,0.2150,353,0
D,2013-03-20,0.2000,0.2000,0.2000,0.2000,300,0
D,2013-03-19,0.2000,0.2000,0.2000,0.2000,0,0
D,2013-03-18,0.2000,0.2000,0.2000,0.2000,1101,0
D,2013-03-15,0.2100,0.2100,0.2100,0.2100,0,0
D,2013-03-14,0.2000,0.2100,0.2000,0.2100,1001,0
D,2013-03-13,0.2100,0.2100,0.2100,0.2100,73,0
D,2013-03-12,0.2050,0.2050,0.2000,0.2000,989,0
D,2013-03-11,0.2000,0.2000,0.2000,0.2000,200,0
D,2013-03-08,0.2000,0.2150,0.2000,0.2100,744,0
D,2013-03-07,0.2050,0.2100,0.2050,0.2050,341,0
D,2013-03-06,0.2000,0.2000,0.2000,0.2000,100,0
D,2013-03-05,0.2050,0.2050,0.2050,0.2050,250,0
D,2013-03-04,0.2000,0.2000,0.2000,0.2000,232,0
D,2013-03-01,0.2200,0.2200,0.2200,0.2200,0,0
D,2013-02-28,0.2150,0.2200,0.2150,0.2200,851,0
D,2013-02-27,0.2150,0.2150,0.2150,0.2150,199,0
D,2013-02-26,0.2100,0.2100,0.2100,0.2100,0,0
D,2013-02-25,0.2100,0.2100,0.2100,0.2100,0,0
D,2013-02-22,0.2100,0.2100,0.2100,0.2100,0,0
D,2013-02-21,0.2000,0.2100,0.2000,0.2100,1111,0
D,2013-02-20,0.2000,0.2000,0.2000,0.2000,0,0
D,2013-02-19,0.2000,0.2000,0.2000,0.2000,1300,0
D,2013-02-18,0.2000,0.2000,0.2000,0.2000,0,0
D,2013-02-15,0.2000,0.2000,0.2000,0.2000,0,0
D,2013-02-14,0.2000,0.2000,0.2000,0.2000,0,0
D,2013-02-13,0.2000,0.2000,0.2000,0.2000,0,0
D,2013-02-08,0.2000,0.2000,0.2000,0.2000,650,0
D,2013-02-07,0.2000,0.2000,0.2000,0.2000,0,0
D,2013-02-06,0.2000,0.2000,0.2000,0.2000,301,0
D,2013-02-05,0.2000,0.2000,0.2000,0.2000,960,0
D,2013-02-04,0.2000,0.2000,0.2000,0.2000,0,0
D,2013-01-31,0.2000,0.2000,0.2000,0.2000,800,0
D,2013-01-30,0.2050,0.2050,0.2000,0.2000,1913,0
D,2013-01-29,0.2050,0.2050,0.2050,0.2050,347,0
D,2013-01-25,0.2100,0.2100,0.2050,0.2100,2120,0
D,2013-01-23,0.2150,0.2150,0.2150,0.2150,0,0
D,2013-01-22,0.2050,0.2150,0.2000,0.2150,2901,0
D,2013-01-21,0.2100,0.2100,0.2000,0.2050,2420,0
D,2013-01-18,0.2250,0.2250,0.2150,0.2150,153,0
D,2013-01-17,0.2250,0.2250,0.2200,0.2200,20,0
D,2013-01-16,0.2100,0.2250,0.2100,0.2250,4162,0
D,2013-01-15,0.2200,0.2200,0.2150,0.2150,1150,0
D,2013-01-14,0.2250,0.2250,0.2250,0.2250,0,0
D,2013-01-11,0.2300,0.2300,0.2150,0.2250,1421,0
D,2013-01-10,0.2400,0.2450,0.2250,0.2300,17170,0
D,2013-01-09,0.2200,0.2300,0.2150,0.2300,9592,0
D,2013-01-08,0.2200,0.2200,0.2100,0.2150,743,0
D,2013-01-07,0.2150,0.2200,0.2100,0.2150,1610,0
D,2013-01-04,0.2150,0.2150,0.2100,0.2100,357,0
D,2013-01-03,0.2100,0.2100,0.2050,0.2100,301,0
D,2013-01-02,0.2050,0.2050,0.2050,0.2050,0,0
D,2012-12-31,0.2100,0.2100,0.2050,0.2050,925,0
D,2012-12-28,0.2050,0.2100,0.2050,0.2100,90,0
D,2012-12-27,0.2050,0.2100,0.2050,0.2100,60,0
D,2012-12-26,0.2050,0.2050,0.2050,0.2050,197,0
D,2012-12-24,0.2050,0.2050,0.2050,0.2050,980,0
D,2012-12-21,0.2050,0.2100,0.2000,0.2050,2073,0
D,2012-12-20,0.2050,0.2050,0.2050,0.2050,600,0
D,2012-12-19,0.2050,0.2050,0.2050,0.2050,160,0
D,2012-12-18,0.2100,0.2100,0.2000,0.2050,4019,0
D,2012-12-17,0.2000,0.2150,0.2000,0.2100,8116,0
D,2012-12-14,0.2100,0.2100,0.2050,0.2050,7218,0
D,2012-12-13,0.2100,0.2100,0.2050,0.2100,2331,0
D,2012-12-12,0.2100,0.2250,0.2100,0.2150,3933,0
D,2012-12-11,0.2150,0.2150,0.2150,0.2150,400,0
D,2012-12-10,0.2200,0.2250,0.2100,0.2200,2613,0
D,2012-12-07,0.2150,0.2250,0.2150,0.2250,2153,0
D,2012-12-06,0.2250,0.2250,0.2250,0.2250,0,0
D,2012-12-05,0.2200,0.2250,0.2200,0.2250,1451,0
D,2012-12-04,0.2050,0.2250,0.2050,0.2200,16453,0
D,2012-12-03,0.2050,0.2050,0.2050,0.2050,300,0
D,2012-11-30,0.2150,0.2150,0.2100,0.2100,458,0
D,2012-11-29,0.2050,0.2250,0.2050,0.2200,9648,0
D,2012-11-28,0.2150,0.2200,0.2100,0.2150,11978,0
D,2012-11-27,0.2050,0.2200,0.2050,0.2100,5630,0
D,2012-11-26,0.2050,0.2150,0.2050,0.2150,21,0
D,2012-11-23,0.2100,0.2250,0.2100,0.2150,7098,0
D,2012-11-22,0.2100,0.2250,0.2100,0.2250,8665,0
D,2012-11-21,0.2050,0.2250,0.2050,0.2200,3814,0
D,2012-11-20,0.2050,0.2050,0.2050,0.2050,290,0
D,2012-11-19,0.2050,0.2250,0.2050,0.2100,10614,0
D,2012-11-16,0.2100,0.2200,0.2050,0.2100,2958,0
D,2012-11-14,0.2150,0.2150,0.2150,0.2150,1089,0
D,2012-11-12,0.2300,0.2300,0.2100,0.2150,1981,0
D,2012-11-09,0.2200,0.2500,0.2200,0.2300,48477,0
D,2012-11-08,0.2050,0.2150,0.2050,0.2150,2560,0
D,2012-11-07,0.2200,0.2200,0.2100,0.2150,1571,0
D,2012-11-06,0.2100,0.2150,0.2000,0.2050,3632,0
D,2012-11-05,0.2200,0.2250,0.2000,0.2150,2480,0
D,2012-11-02,0.2200,0.2200,0.2200,0.2200,1,0
D,2012-11-01,0.2150,0.2150,0.2050,0.2050,798,0
D,2012-10-31,0.1950,0.2150,0.1950,0.2000,649,0
D,2012-10-30,0.2000,0.2150,0.2000,0.2150,251,0
D,2012-10-29,0.2050,0.2050,0.2050,0.2050,0,0
D,2012-10-25,0.2050,0.2050,0.2050,0.2050,0,0
D,2012-10-24,0.2050,0.2050,0.2050,0.2050,200,0
D,2012-10-23,0.2100,0.2100,0.2050,0.2050,4850,0
D,2012-10-22,0.2150,0.2150,0.2150,0.2150,1,0
D,2012-10-19,0.2050,0.2100,0.2000,0.2000,202,0
D,2012-10-18,0.2050,0.2050,0.2050,0.2050,0,0
D,2012-10-17,0.2050,0.2050,0.2050,0.2050,500,0
D,2012-10-16,0.2050,0.2100,0.2050,0.2100,150,0
D,2012-10-15,0.2150,0.2150,0.2150,0.2150,0,0
D,2012-10-12,0.2000,0.2150,0.2000,0.2150,502,0
D,2012-10-11,0.2200,0.2200,0.2000,0.2200,52,0
D,2012-10-10,0.2050,0.2050,0.2050,0.2050,100,0
D,2012-10-09,0.2000,0.2000,0.1950,0.1950,1634,0
D,2012-10-08,0.2000,0.2050,0.2000,0.2050,2790,0
D,2012-10-05,0.1950,0.2000,0.1950,0.2000,1103,0
D,2012-10-04,0.2000,0.2000,0.2000,0.2000,50,0
D,2012-10-03,0.2000,0.2000,0.2000,0.2000,0,0
D,2012-05-03,0.2250,0.2250,0.2250,0.2250,600,0
D,2012-05-02,0.2250,0.2250,0.2250,0.2250,645,0
