D,2014-10-14,3.2900,3.3700,3.2800,3.3500,6384,0
D,2014-10-13,3.3600,3.3900,3.3500,3.3500,7406,0
D,2014-10-10,3.3000,3.3800,3.3000,3.3800,12053,0
D,2014-10-09,3.3700,3.3700,3.3500,3.3600,3818,0
D,2014-10-08,3.3000,3.3600,3.3000,3.3600,12682,0
D,2014-10-07,3.2600,3.3800,3.2600,3.3500,16551,0
D,2014-10-03,3.3600,3.3600,3.3000,3.3300,13090,0
D,2014-10-02,3.3800,3.3800,3.3300,3.3500,7244,0
D,2014-10-01,3.4000,3.4000,3.3500,3.3700,2547,0
D,2014-09-30,3.3900,3.3900,3.3500,3.3500,1203,0
D,2014-09-29,3.3100,3.3800,3.3100,3.3800,3413,0
D,2014-09-26,3.3800,3.4200,3.3500,3.3500,15203,0
D,2014-09-25,3.3900,3.4400,3.3500,3.3800,6658,0
D,2014-09-24,3.3900,3.4000,3.3400,3.3500,9904,0
D,2014-09-23,3.4000,3.4100,3.3500,3.3700,3190,0
D,2014-09-22,3.3900,3.4900,3.3600,3.4500,3564,0
D,2014-09-19,3.3400,3.4800,3.3400,3.4800,11073,0
D,2014-09-18,3.3500,3.3700,3.3400,3.3500,12650,0
D,2014-09-17,3.3500,3.4000,3.3300,3.3500,17902,0
D,2014-09-15,3.4400,3.4600,3.3500,3.3500,15024,0
D,2014-09-12,3.4700,3.5000,3.4200,3.4400,4942,0
D,2014-09-11,3.5000,3.5200,3.4700,3.4700,10739,0
D,2014-09-10,3.3700,3.4600,3.3500,3.4500,17435,0
D,2014-09-09,3.4200,3.4200,3.3600,3.3700,3480,0
D,2014-09-08,3.4300,3.4300,3.4000,3.4200,8408,0
D,2014-09-05,3.4200,3.4200,3.4000,3.4200,2775,0
D,2014-09-04,3.3500,3.4300,3.3500,3.4100,12479,0
D,2014-09-03,3.3300,3.3800,3.3300,3.3800,18069,0
D,2014-09-02,3.3700,3.3800,3.3300,3.3700,5046,0
D,2014-08-29,3.3800,3.3800,3.3500,3.3500,11546,0
D,2014-08-28,3.3800,3.3800,3.3100,3.3500,15435,0
D,2014-08-27,3.3700,3.4000,3.3400,3.3500,4703,0
D,2014-08-26,3.3000,3.3700,3.3000,3.3500,5216,0
D,2014-08-25,3.2600,3.3500,3.2600,3.3400,1938,0
D,2014-08-22,3.3100,3.3500,3.3100,3.3400,27651,0
D,2014-08-21,3.3700,3.3700,3.2700,3.2700,35299,0
D,2014-08-20,3.4200,3.4200,3.3700,3.3700,27795,0
D,2014-08-19,3.3200,3.4200,3.3200,3.4000,14474,0
D,2014-08-18,3.3900,3.3900,3.3600,3.3600,16207,0
D,2014-08-15,3.4000,3.4100,3.3800,3.4000,8229,0
D,2014-08-14,3.3400,3.4300,3.3400,3.3900,6058,0
D,2014-08-13,3.4400,3.4400,3.4000,3.4100,10588,0
D,2014-08-12,3.4000,3.4500,3.3900,3.4500,28678,0
D,2014-08-11,3.3900,3.4000,3.3700,3.4000,32680,0
D,2014-08-08,3.3900,3.4100,3.3500,3.4000,20695,0
D,2014-08-07,3.4200,3.4200,3.3800,3.4000,21169,0
D,2014-08-06,3.3500,3.4100,3.3500,3.4100,11925,0
D,2014-08-05,3.4100,3.4100,3.4000,3.4000,8815,0
D,2014-08-04,3.3600,3.4400,3.3600,3.4000,19461,0
D,2014-08-01,3.2900,3.3200,3.2900,3.3100,11732,0
D,2014-07-31,3.3100,3.3600,3.3100,3.3300,19500,0
D,2014-07-30,3.3400,3.3700,3.2800,3.3300,40100,0
D,2014-07-25,3.3100,3.3800,3.3000,3.3800,11514,0
D,2014-07-24,3.3300,3.3400,3.3000,3.3200,15856,0
D,2014-07-23,3.3300,3.3400,3.3000,3.3300,16900,0
D,2014-07-22,3.3200,3.3700,3.3100,3.3500,20521,0
D,2014-07-21,3.3200,3.3500,3.3000,3.3500,17239,0
D,2014-07-18,3.3400,3.3400,3.3100,3.3200,12563,0
D,2014-07-17,3.3900,3.3900,3.3400,3.3600,6817,0
D,2014-07-16,3.3800,3.4000,3.3500,3.3900,8806,0
D,2014-07-14,3.3600,3.3800,3.3500,3.3600,4012,0
D,2014-07-11,3.3800,3.4100,3.3500,3.3600,10068,0
D,2014-07-10,3.3900,3.4700,3.3500,3.4400,15248,0
D,2014-07-09,3.3100,3.4100,3.2900,3.3900,34450,0
D,2014-07-08,3.2900,3.3500,3.2800,3.3300,16483,0
D,2014-07-07,3.3500,3.3500,3.2800,3.2800,19156,0
D,2014-07-04,3.4300,3.4400,3.3600,3.3600,23272,0
D,2014-07-03,3.4500,3.4700,3.3900,3.4300,13749,0
D,2014-07-02,3.4600,3.4800,3.4000,3.4500,10018,0
D,2014-07-01,3.3700,3.4600,3.3400,3.4400,13878,0
D,2014-06-30,3.4600,3.4600,3.3500,3.3500,30057,0
D,2014-06-27,3.6400,3.6400,3.4400,3.4900,39620,0
D,2014-06-26,3.6400,3.6400,3.6000,3.6200,12152,0
D,2014-06-25,3.6600,3.6600,3.6100,3.6300,14702,0
D,2014-06-24,3.6500,3.7000,3.6000,3.6500,24192,0
D,2014-06-23,3.7400,3.7600,3.6200,3.6300,15565,0
D,2014-06-20,3.6000,3.7500,3.6000,3.7100,49542,0
D,2014-06-19,3.4700,3.6300,3.4400,3.6000,68369,0
D,2014-06-18,3.4000,3.4700,3.4000,3.4600,50333,0
D,2014-06-17,3.2600,3.4200,3.2600,3.4000,62937,0
D,2014-06-16,3.2900,3.3000,3.2500,3.2600,40652,0
D,2014-06-13,3.3600,3.3600,3.2800,3.3000,18583,0
D,2014-06-12,3.3500,3.4200,3.3400,3.3700,58703,0
D,2014-06-11,3.2200,3.3400,3.1900,3.3100,98556,0
D,2014-06-10,3.0100,3.1700,3.0100,3.1200,42469,0
D,2014-06-09,2.9700,3.0200,2.9700,3.0100,15046,0
D,2014-06-06,2.9800,2.9900,2.9700,2.9700,1121,0
D,2014-06-05,2.9900,2.9900,2.9600,2.9900,6596,0
D,2014-06-04,3.0000,3.0100,2.9800,2.9900,1760,0
D,2014-06-03,2.9800,3.0000,2.9800,3.0000,4782,0
D,2014-06-02,2.9800,3.0100,2.9700,2.9900,17378,0
D,2014-05-30,2.9800,3.0100,2.9700,2.9900,6716,0
D,2014-05-29,3.0000,3.0100,2.9800,3.0100,10500,0
D,2014-05-28,2.9700,3.0100,2.9600,3.0000,8233,0
D,2014-05-27,3.0200,3.0200,2.9900,3.0000,7459,0
D,2014-05-26,3.0000,3.0200,2.9800,3.0000,14951,0
D,2014-05-23,3.0200,3.0200,2.9600,2.9800,19331,0
D,2014-05-22,3.0200,3.0400,2.9600,2.9600,19971,0
D,2014-05-21,3.0800,3.0800,3.0000,3.0200,6749,0
D,2014-05-20,3.0700,3.1000,3.0400,3.0600,13869,0
D,2014-05-19,3.0800,3.1100,3.0500,3.0700,43312,0
D,2014-05-16,2.9200,3.0100,2.9200,2.9800,9581,0
D,2014-05-15,2.9100,2.9800,2.8900,2.9600,6735,0
D,2014-05-14,2.9200,2.9200,2.8900,2.9000,2677,0
D,2014-05-12,2.9000,2.9000,2.8800,2.8800,1453,0
D,2014-05-09,2.9200,2.9300,2.9000,2.9000,2932,0
D,2014-05-08,2.9100,2.9200,2.8900,2.9200,1685,0
D,2014-05-07,2.9300,2.9400,2.9100,2.9200,1288,0
D,2014-05-06,2.8900,2.9300,2.8900,2.9200,804,0
D,2014-05-05,2.9100,2.9500,2.8900,2.9100,3546,0
D,2014-05-02,2.9200,2.9600,2.9100,2.9100,2862,0
D,2014-04-30,2.9500,2.9700,2.9200,2.9200,1514,0
D,2014-04-29,2.9200,2.9300,2.9100,2.9100,1517,0
D,2014-04-28,3.0100,3.0300,2.9200,2.9700,3154,0
D,2014-04-25,2.9700,3.0100,2.9600,3.0100,7809,0
D,2014-04-24,2.9100,2.9800,2.9100,2.9700,7455,0
D,2014-04-23,2.9300,2.9400,2.9100,2.9200,1404,0
D,2014-04-22,2.9000,2.9700,2.9000,2.9500,4195,0
D,2014-04-21,2.9300,2.9300,2.8900,2.9100,3245,0
D,2014-04-18,2.9300,2.9300,2.8900,2.9000,909,0
D,2014-04-17,2.9600,2.9800,2.9100,2.9300,1302,0
D,2014-04-16,2.9000,2.9400,2.8800,2.9400,6139,0
D,2014-04-15,2.9300,2.9300,2.8700,2.9000,7727,0
D,2014-04-14,2.9900,2.9900,2.9300,2.9300,3262,0
D,2014-04-11,2.9400,2.9900,2.9400,2.9700,9161,0
D,2014-04-10,3.0100,3.0800,2.9400,2.9400,26243,0
D,2014-04-09,2.8600,2.9500,2.8600,2.9500,12462,0
D,2014-04-08,2.9200,2.9200,2.8700,2.8800,12664,0
D,2014-04-07,2.9100,2.9400,2.9100,2.9400,5615,0
D,2014-04-04,2.9000,2.9100,2.8800,2.9100,31193,0
D,2014-04-03,2.9100,2.9100,2.8400,2.8800,37331,0
D,2014-04-02,2.8700,2.8900,2.8400,2.8800,22532,0
D,2014-04-01,2.8500,2.8700,2.8300,2.8700,17465,0
D,2014-03-31,2.8300,2.8600,2.8000,2.8500,18347,0
D,2014-03-28,2.8800,2.9100,2.7400,2.8200,24876,0
D,2014-03-27,2.9200,2.9400,2.8700,2.8900,19452,0
D,2014-03-26,2.8900,2.9100,2.8900,2.9000,20055,0
D,2014-03-25,2.9000,2.9200,2.8600,2.8600,20074,0
D,2014-03-24,2.9000,2.9100,2.8800,2.9000,18851,0
D,2014-03-21,2.8800,2.9200,2.8700,2.9000,19880,0
D,2014-03-20,2.9100,2.9100,2.8600,2.8800,23887,0
D,2014-03-19,2.9300,2.9300,2.9000,2.9000,15847,0
D,2014-03-18,2.9000,2.9700,2.8900,2.9100,26847,0
D,2014-03-17,2.8900,2.9100,2.8400,2.8900,46585,0
D,2014-03-14,3.0000,3.0500,2.8500,2.8900,98279,0
D,2014-03-13,3.2000,3.2000,3.0000,3.0000,101069,0
D,2014-03-12,3.2500,3.2800,3.1800,3.2600,24689,0
D,2014-03-11,3.3200,3.3200,3.2300,3.2300,12985,0
D,2014-03-10,3.3500,3.3500,3.3100,3.3500,5810,0
D,2014-03-07,3.3500,3.3700,3.3400,3.3600,5986,0
D,2014-03-06,3.3400,3.3900,3.3200,3.3700,10870,0
D,2014-03-05,3.3500,3.3800,3.3400,3.3500,4876,0
D,2014-03-04,3.3400,3.3600,3.3000,3.3500,4398,0
D,2014-03-03,3.3500,3.3900,3.3000,3.3000,6776,0
D,2014-02-28,3.5500,3.5500,3.3300,3.3300,26652,0
D,2014-02-27,3.4400,3.5500,3.3000,3.5500,91726,0
D,2014-02-26,3.3200,3.4800,3.2900,3.3600,72041,0
D,2014-02-25,3.3600,3.3800,3.3300,3.3600,9612,0
D,2014-02-24,3.3600,3.4000,3.3300,3.3900,9802,0
D,2014-02-21,3.4000,3.4400,3.3600,3.3600,20058,0
D,2014-02-20,3.4300,3.4700,3.3900,3.4500,30095,0
D,2014-02-19,3.2900,3.4500,3.2700,3.4300,80218,0
D,2014-02-18,3.2500,3.2900,3.2100,3.2800,8123,0
D,2014-02-17,3.2800,3.3000,3.2100,3.2700,6989,0
D,2014-02-14,3.1900,3.2700,3.1800,3.2700,12081,0
D,2014-02-13,3.1000,3.2100,3.1000,3.1900,18658,0
D,2014-02-12,3.0000,3.1400,3.0000,3.1100,30609,0
D,2014-02-11,2.9800,3.0000,2.9600,2.9900,10535,0
D,2014-02-10,2.9900,3.0000,2.9500,2.9800,4345,0
D,2014-02-07,3.0000,3.0300,2.9500,2.9900,6129,0
D,2014-02-06,2.9200,3.0500,2.9000,2.9900,10954,0
D,2014-02-05,2.9000,2.9600,2.9000,2.9500,3421,0
D,2014-02-04,2.9400,2.9700,2.9200,2.9600,5062,0
D,2014-01-30,2.8800,3.0300,2.8500,2.9500,14269,0
D,2014-01-29,2.8400,2.8900,2.8400,2.8900,7481,0
D,2014-01-28,2.8200,2.8500,2.8000,2.8400,9433,0
D,2014-01-27,2.9200,2.9200,2.8000,2.8200,12611,0
D,2014-01-24,2.9800,3.0000,2.9500,2.9500,3358,0
D,2014-01-23,2.9800,3.0100,2.9600,2.9800,8616,0
D,2014-01-22,3.0000,3.0500,2.9600,2.9900,25447,0
D,2014-01-21,3.1000,3.1000,3.0100,3.0100,16958,0
D,2014-01-20,3.0700,3.1200,3.0700,3.1000,6399,0
D,2014-01-16,3.0800,3.1400,3.0600,3.1000,17082,0
D,2014-01-15,3.2700,3.2800,2.9800,3.0500,78282,0
D,2014-01-13,3.3600,3.4000,3.2600,3.2800,21406,0
D,2014-01-10,3.3500,3.3700,3.2200,3.3500,52270,0
D,2014-01-09,3.3900,3.4300,3.3600,3.4100,36275,0
D,2014-01-08,3.4100,3.4800,3.3500,3.3500,8041,0
D,2014-01-07,3.3200,3.4100,3.2900,3.4100,24358,0
D,2014-01-06,3.3200,3.3300,3.2800,3.3300,5719,0
D,2014-01-03,3.2700,3.3500,3.2600,3.3200,12421,0
D,2014-01-02,3.2600,3.3600,3.2600,3.2700,18456,0
D,2013-12-31,3.2600,3.2900,3.2300,3.2500,6303,0
D,2013-12-30,3.2800,3.3100,3.2300,3.2600,4903,0
D,2013-12-27,3.2400,3.3000,3.2300,3.2500,8958,0
D,2013-12-26,3.3000,3.3000,3.2200,3.2300,7132,0
D,2013-12-24,3.3000,3.3100,3.2400,3.2600,7004,0
D,2013-12-23,3.2300,3.3400,3.2300,3.3000,9392,0
D,2013-12-20,3.3500,3.3800,3.1300,3.1300,20776,0
D,2013-12-19,3.4200,3.4200,3.3200,3.3400,16824,0
D,2013-12-18,3.4400,3.4500,3.3800,3.3800,9040,0
D,2013-12-17,3.4700,3.5600,3.4300,3.4400,15186,0
D,2013-12-16,3.5800,3.5800,3.4500,3.4500,9634,0
D,2013-12-13,3.4200,3.6100,3.4200,3.5400,42562,0
D,2013-12-12,3.4000,3.4300,3.3800,3.4100,6103,0
D,2013-12-11,3.4300,3.4300,3.3400,3.3900,14058,0
D,2013-12-10,3.3100,3.4200,3.2700,3.4200,19637,0
D,2013-12-09,3.3100,3.3700,3.3100,3.3100,14172,0
D,2013-12-06,3.1900,3.3200,3.1900,3.2900,28919,0
D,2013-12-05,3.1600,3.2300,3.0500,3.1700,67109,0
D,2013-12-04,3.3600,3.3600,3.2700,3.2900,16195,0
D,2013-12-03,3.4200,3.4300,3.3400,3.3600,16400,0
D,2013-12-02,3.4200,3.4500,3.4000,3.4000,8790,0
D,2013-11-29,3.4100,3.4100,3.3500,3.3900,13024,0
D,2013-11-28,3.4000,3.4400,3.4000,3.4000,6780,0
D,2013-11-27,3.4000,3.4700,3.4000,3.4200,13737,0
D,2013-11-26,3.4100,3.5000,3.4000,3.4100,18302,0
D,2013-11-25,3.5200,3.5400,3.4400,3.4400,26392,0
D,2013-11-22,3.4100,3.5200,3.4100,3.4800,63251,0
D,2013-11-21,3.3400,3.3700,3.3300,3.3400,8277,0
D,2013-11-20,3.4100,3.4200,3.3600,3.3900,8309,0
D,2013-11-19,3.3900,3.4100,3.3800,3.4100,10099,0
D,2013-11-18,3.4400,3.4500,3.3700,3.3900,9144,0
D,2013-11-15,3.4300,3.4400,3.3900,3.4300,6637,0
D,2013-11-14,3.4500,3.5000,3.4100,3.4300,13076,0
D,2013-11-13,3.2800,3.5100,3.2600,3.4500,55676,0
D,2013-11-12,3.2700,3.2800,3.2200,3.2600,10425,0
D,2013-11-11,3.2700,3.2700,3.2300,3.2600,7616,0
D,2013-11-08,3.2100,3.2800,3.1800,3.2700,16814,0
D,2013-11-07,3.3600,3.3600,3.1800,3.2000,42449,0
D,2013-11-06,3.3700,3.3800,3.3500,3.3500,6501,0
D,2013-11-04,3.3800,3.3800,3.3400,3.3600,13241,0
D,2013-11-01,3.3700,3.3800,3.3500,3.3600,11649,0
D,2013-10-31,3.3900,3.4100,3.3700,3.3800,16582,0
D,2013-10-30,3.3700,3.4100,3.3400,3.3600,27888,0
D,2013-10-29,3.2500,3.3800,3.2500,3.3300,21257,0
D,2013-10-28,3.3000,3.3000,3.2500,3.2500,10701,0
D,2013-10-25,3.2900,3.3100,3.2600,3.2600,4941,0
D,2013-10-24,3.3200,3.3200,3.2900,3.3000,9301,0
D,2013-10-23,3.3000,3.3400,3.2900,3.3200,22579,0
D,2013-10-22,3.2600,3.3200,3.2400,3.3000,21424,0
D,2013-10-21,3.2800,3.2800,3.2300,3.2500,18099,0
D,2013-10-18,3.2700,3.2900,3.2400,3.2700,9916,0
D,2013-10-17,3.2100,3.3100,3.2100,3.3000,20012,0
D,2013-10-16,3.2500,3.3000,3.1900,3.1900,16436,0
D,2013-10-14,3.3100,3.3100,3.2200,3.2500,14571,0
D,2013-10-11,3.3000,3.3000,3.2500,3.2900,14944,0
D,2013-10-10,3.2200,3.3200,3.2200,3.2900,39867,0
D,2013-10-09,3.1400,3.2600,3.1300,3.2000,37086,0
D,2013-10-08,3.0800,3.1700,3.0800,3.1600,30607,0
D,2013-10-07,3.1200,3.1200,3.0500,3.0600,21592,0
D,2013-10-04,2.9600,3.1000,2.9400,3.1000,41751,0
D,2013-10-03,3.0600,3.0600,2.8800,3.0000,92160,0
D,2013-10-02,3.2100,3.2400,3.1100,3.1100,34436,0
D,2013-10-01,3.1600,3.2200,3.1300,3.2000,22880,0
D,2013-09-30,3.1700,3.1700,3.0900,3.1400,32833,0
D,2013-09-27,3.1900,3.2500,3.1600,3.1700,41235,0
D,2013-09-26,3.0800,3.2100,3.0600,3.1800,51108,0
D,2013-09-25,3.0500,3.0900,3.0300,3.0600,18744,0
D,2013-09-24,3.0600,3.0800,3.0300,3.0500,11002,0
D,2013-09-23,3.0800,3.1100,3.0500,3.0600,11655,0
D,2013-09-20,3.0600,3.1200,3.0300,3.1000,26889,0
D,2013-09-19,3.1000,3.1100,3.0500,3.0600,32465,0
D,2013-09-18,3.0400,3.0900,2.9900,3.0500,45489,0
D,2013-09-17,3.0800,3.1200,3.0400,3.0400,34432,0
D,2013-09-13,3.0600,3.1300,3.0300,3.0800,64332,0
D,2013-09-12,2.9900,3.1000,2.9900,3.0500,88673,0
D,2013-09-11,2.9600,3.0300,2.9500,2.9600,50872,0
D,2013-09-10,3.0200,3.0300,2.9400,2.9600,27680,0
D,2013-09-09,2.9500,3.0600,2.9300,2.9800,67114,0
D,2013-09-06,3.0600,3.0600,2.8800,2.8800,36687,0
D,2013-09-05,2.8700,3.0200,2.8500,3.0000,161974,0
D,2013-09-04,2.7000,2.8500,2.6500,2.8300,100010,0
D,2013-09-03,2.6400,2.6700,2.6300,2.6300,26681,0
D,2013-09-02,2.6500,2.7100,2.6300,2.6300,21296,0
D,2013-08-30,2.6500,2.6900,2.6200,2.6600,15350,0
D,2013-08-29,2.6100,2.6900,2.6100,2.6400,24535,0
D,2013-08-28,2.5500,2.6400,2.4900,2.6000,32415,0
D,2013-08-27,2.7300,2.7300,2.6000,2.6000,32419,0
D,2013-08-26,2.6800,2.7600,2.6600,2.7300,31508,0
D,2013-08-23,2.6800,2.6900,2.6500,2.6600,25155,0
D,2013-08-22,2.6800,2.6800,2.5800,2.6400,36979,0
D,2013-08-21,2.7000,2.7600,2.6800,2.7000,27597,0
D,2013-08-20,2.8000,2.8100,2.6500,2.6800,47698,0
D,2013-08-19,2.8500,2.8800,2.7900,2.8300,29043,0
D,2013-08-16,2.8400,2.8800,2.8200,2.8400,25765,0
D,2013-08-15,2.8200,2.9000,2.8000,2.8700,74205,0
D,2013-08-14,2.7100,2.8700,2.7100,2.8300,123703,0
D,2013-08-13,2.6600,2.6800,2.6100,2.6700,28730,0
D,2013-08-12,2.6100,2.6800,2.6000,2.6500,33441,0
D,2013-08-07,2.6000,2.6300,2.5700,2.5800,13503,0
D,2013-08-06,2.5600,2.6200,2.5400,2.6000,29254,0
D,2013-08-05,2.4900,2.5900,2.4700,2.5700,43025,0
D,2013-08-02,2.4100,2.5200,2.4100,2.4700,49781,0
D,2013-08-01,2.4200,2.4400,2.4000,2.4000,16423,0
D,2013-07-31,2.4500,2.4700,2.3800,2.4200,40977,0
D,2013-07-30,2.4900,2.4900,2.4200,2.4600,23560,0
D,2013-07-29,2.4500,2.5000,2.4300,2.4700,39005,0
D,2013-07-26,2.5200,2.5200,2.4200,2.4500,42867,0
D,2013-07-25,2.4800,2.5400,2.4700,2.5100,98374,0
D,2013-07-24,2.4900,2.5100,2.4300,2.4500,56281,0
D,2013-07-23,2.5200,2.6200,2.4700,2.4800,74112,0
D,2013-07-22,2.6600,2.6600,2.5200,2.5300,64925,0
D,2013-07-19,2.7100,2.7600,2.6300,2.6300,62816,0
D,2013-07-18,2.7300,2.7900,2.6700,2.6900,45859,0
D,2013-07-17,2.8600,2.8700,2.7300,2.7800,46681,0
D,2013-07-16,2.7500,2.9700,2.7300,2.8200,196829,0
D,2013-07-15,2.3700,2.6700,2.3700,2.6500,144272,0
D,2013-07-12,2.3300,2.3600,2.2700,2.3100,28017,0
D,2013-07-11,2.4900,2.4900,2.3100,2.3100,36991,0
D,2013-07-11,2.4900,2.4900,2.3100,2.3100,36991,0
D,2013-07-10,2.6100,2.6700,2.5800,2.6300,64746,0
D,2013-07-09,2.5200,2.6600,2.5200,2.6000,75257,0
D,2013-07-08,2.7400,2.7800,2.5300,2.5500,88183,0
D,2013-07-05,2.4300,2.8200,2.3700,2.7800,346745,0
D,2013-07-04,2.2000,2.4100,2.1600,2.3900,216920,0
D,2013-07-03,1.9400,2.3100,1.9400,2.1800,349832,0
D,2013-07-02,1.9400,1.9400,1.9100,1.9100,19805,0
D,2013-07-01,1.9400,1.9500,1.9100,1.9300,24943,0
D,2013-06-28,1.9300,1.9600,1.9000,1.9100,20870,0
D,2013-06-27,1.8600,1.9300,1.8500,1.9200,32265,0
D,2013-06-26,1.8200,1.8500,1.8100,1.8400,9710,0
D,2013-06-25,1.8100,1.8500,1.7800,1.8200,21300,0
D,2013-06-24,1.8900,1.9100,1.8100,1.8100,16975,0
D,2013-06-21,1.8500,1.9000,1.8200,1.8700,36698,0
D,2013-06-20,1.8900,1.8900,1.8400,1.8600,24212,0
D,2013-06-19,1.9300,1.9400,1.8900,1.8900,24939,0
D,2013-06-18,1.9100,1.9400,1.8800,1.9200,14121,0
D,2013-06-17,1.8800,1.9300,1.8600,1.8900,18174,0
D,2013-06-14,1.9600,1.9600,1.8500,1.8700,48657,0
D,2013-06-13,2.0200,2.0200,1.8900,1.9000,43873,0
D,2013-06-12,1.9900,2.0400,1.9800,2.0300,21205,0
D,2013-06-11,2.0400,2.0900,1.9900,2.0000,46492,0
D,2013-06-10,1.9200,2.0800,1.9100,2.0300,103869,0
D,2013-06-07,1.8800,1.9300,1.8700,1.8900,32055,0
D,2013-06-06,1.8900,1.9200,1.8600,1.8700,15480,0
D,2013-06-05,1.7900,1.9700,1.7800,1.8900,91137,0
D,2013-06-04,1.7700,1.7900,1.7600,1.7800,27488,0
D,2013-06-03,1.7800,1.7800,1.7500,1.7500,9146,0
D,2013-05-31,1.7600,1.7900,1.7600,1.7900,21447,0
D,2013-05-30,1.7900,1.8100,1.7300,1.7400,61156,0
D,2013-05-29,1.8500,1.8500,1.7600,1.7600,43636,0
D,2013-05-28,1.8100,1.8700,1.8000,1.8200,23683,0
D,2013-05-27,1.8000,1.8300,1.7900,1.8000,13403,0
D,2013-05-23,1.8700,1.8800,1.7900,1.8000,20195,0
D,2013-05-22,1.9000,1.9000,1.8500,1.8700,14102,0
D,2013-05-21,1.9300,1.9300,1.8800,1.8900,17994,0
D,2013-05-20,1.9000,1.9200,1.8900,1.9000,24645,0
D,2013-05-17,1.8800,1.9100,1.8700,1.8900,12270,0
D,2013-05-16,1.9200,1.9300,1.8500,1.8700,34659,0
D,2013-05-15,1.8700,1.9200,1.8500,1.9100,39095,0
D,2013-05-14,1.8000,1.8600,1.7800,1.8400,51938,0
D,2013-05-13,1.8000,1.8200,1.7700,1.7800,59642,0
D,2013-05-10,1.6700,1.8000,1.6600,1.7700,72743,0
D,2013-05-09,1.6900,1.7300,1.6700,1.6700,30143,0
D,2013-05-08,1.7000,1.7100,1.6600,1.6900,20896,0
D,2013-05-07,1.7300,1.7300,1.6700,1.7000,41950,0
D,2013-05-06,1.6600,1.7700,1.6400,1.7100,58284,0
D,2013-05-03,1.6400,1.6800,1.6000,1.6800,37918,0
D,2013-05-02,1.7000,1.7000,1.6300,1.6500,26329,0
D,2013-04-30,1.7200,1.7400,1.6900,1.7100,14339,0
D,2013-04-29,1.7300,1.7500,1.7000,1.7100,20237,0
D,2013-04-26,1.7200,1.7400,1.6800,1.7400,23766,0
D,2013-04-25,1.7800,1.7900,1.7100,1.7300,30544,0
D,2013-04-24,1.7900,1.8100,1.7800,1.7800,16021,0
D,2013-04-23,1.8000,1.8200,1.7800,1.7800,13484,0
D,2013-04-22,1.7800,1.8300,1.7700,1.8200,20751,0
D,2013-04-19,1.8300,1.8600,1.8000,1.8000,13560,0
D,2013-04-18,1.8400,1.8800,1.8100,1.8500,43199,0
D,2013-04-17,1.7800,1.8600,1.7700,1.8300,76561,0
D,2013-04-16,1.7700,1.8000,1.7500,1.7800,22465,0
D,2013-04-15,1.7600,1.8100,1.6900,1.7800,54235,0
D,2013-04-12,1.8900,1.9100,1.7600,1.7600,96780,0
D,2013-04-11,1.9300,1.9300,1.8700,1.8900,56760,0
D,2013-04-10,1.8800,1.9300,1.8600,1.9100,54437,0
D,2013-04-09,1.9000,1.9500,1.8300,1.8900,66024,0
D,2013-04-08,1.7000,1.9400,1.6900,1.9200,182033,0
D,2013-04-05,1.6400,1.7100,1.6100,1.6900,55295,0
D,2013-04-04,1.6600,1.6700,1.6200,1.6200,46150,0
D,2013-04-03,1.5300,1.7000,1.4700,1.6500,176772,0
D,2013-04-02,1.5000,1.5600,1.4900,1.5400,24608,0
D,2013-04-01,1.5100,1.5100,1.4800,1.4900,5284,0
D,2013-03-29,1.5000,1.5500,1.5000,1.5100,16120,0
D,2013-03-28,1.5000,1.5100,1.4700,1.5000,13622,0
D,2013-03-27,1.5000,1.5200,1.4800,1.4900,21666,0
D,2013-03-26,1.5000,1.5100,1.4800,1.4800,15241,0
D,2013-03-25,1.4900,1.5000,1.4600,1.4900,7016,0
D,2013-03-22,1.5300,1.5500,1.4700,1.4800,19822,0
D,2013-03-21,1.5300,1.5500,1.5100,1.5100,11590,0
D,2013-03-20,1.5200,1.5400,1.5000,1.5300,9161,0
D,2013-03-19,1.5000,1.5600,1.5000,1.5200,15345,0
D,2013-03-18,1.5200,1.5200,1.4800,1.5000,14946,0
D,2013-03-15,1.5600,1.6100,1.5200,1.5200,56150,0
D,2013-03-14,1.5000,1.5700,1.4700,1.5600,70697,0
D,2013-03-13,1.4600,1.5300,1.4600,1.4800,32642,0
D,2013-03-12,1.4800,1.4900,1.4600,1.4600,10818,0
D,2013-03-11,1.5400,1.5500,1.4700,1.4900,68653,0
D,2013-03-08,1.4000,1.5800,1.3900,1.5400,123575,0
D,2013-03-07,1.4000,1.4100,1.3700,1.3900,32138,0
D,2013-03-06,1.3500,1.4400,1.3500,1.4200,76432,0
D,2013-03-05,1.3500,1.3600,1.3400,1.3400,6084,0
D,2013-03-04,1.3500,1.3600,1.3400,1.3500,8081,0
D,2013-03-01,1.3600,1.3700,1.3500,1.3600,20759,0
D,2013-02-28,1.3600,1.3800,1.3200,1.3400,20222,0
D,2013-02-27,1.3800,1.3900,1.3400,1.3500,9030,0
D,2013-02-26,1.3400,1.4000,1.3300,1.3800,31575,0
D,2013-02-25,1.3400,1.3800,1.3400,1.3500,25065,0
D,2013-02-22,1.3200,1.3700,1.3000,1.3400,27559,0
D,2013-02-21,1.3300,1.3500,1.3000,1.3000,43965,0
D,2013-02-20,1.2600,1.3600,1.2500,1.3100,50408,0
D,2013-02-19,1.2700,1.2800,1.2500,1.2500,7418,0
D,2013-02-18,1.2800,1.3000,1.2500,1.2700,9238,0
D,2013-02-15,1.2900,1.3300,1.2700,1.2700,9918,0
D,2013-02-14,1.2300,1.3900,1.2200,1.3200,56357,0
D,2013-02-13,1.2300,1.2300,1.2000,1.2200,4091,0
D,2013-02-08,1.2300,1.2300,1.2200,1.2300,1060,0
D,2013-02-07,1.2300,1.2300,1.2200,1.2300,1793,0
D,2013-02-06,1.2300,1.2500,1.1900,1.2400,24741,0
D,2013-02-05,1.2200,1.2300,1.1900,1.2100,4194,0
D,2013-02-04,1.2100,1.2700,1.2100,1.2400,12919,0
D,2013-01-31,1.1800,1.2100,1.1800,1.2000,14716,0
D,2013-01-30,1.1800,1.2100,1.1600,1.1800,6805,0
D,2013-01-29,1.1700,1.1800,1.1600,1.1800,1641,0
D,2013-01-25,1.1700,1.1800,1.1600,1.1800,1243,0
D,2013-01-23,1.1700,1.1800,1.1700,1.1700,596,0
D,2013-01-22,1.1700,1.1900,1.1500,1.1900,4116,0
D,2013-01-21,1.2000,1.2000,1.1600,1.1700,4598,0
D,2013-01-18,1.2100,1.2100,1.2000,1.2000,5519,0
D,2013-01-17,1.2400,1.2400,1.2100,1.2200,4220,0
D,2013-01-16,1.2300,1.2500,1.2200,1.2400,5510,0
D,2013-01-15,1.2600,1.2700,1.2400,1.2500,5047,0
D,2013-01-14,1.2600,1.2700,1.2500,1.2600,4070,0
D,2013-01-11,1.2700,1.2700,1.2400,1.2500,3963,0
D,2013-01-10,1.2500,1.2600,1.2500,1.2600,5702,0
D,2013-01-09,1.2400,1.2900,1.2400,1.2500,17700,0
D,2013-01-08,1.2300,1.2400,1.2200,1.2300,3471,0
D,2013-01-07,1.2100,1.2500,1.2000,1.2100,13946,0
D,2013-01-04,1.2100,1.2100,1.1900,1.1900,3077,0
D,2013-01-03,1.1700,1.2100,1.1700,1.2100,15088,0
D,2013-01-02,1.1600,1.1600,1.1500,1.1600,7884,0
D,2012-12-31,1.1800,1.1800,1.1700,1.1800,4230,0
D,2012-12-28,1.1600,1.1900,1.1600,1.1900,5858,0
D,2012-12-27,1.1800,1.1800,1.1400,1.1500,6614,0
D,2012-12-26,1.1800,1.1900,1.1600,1.1600,6394,0
D,2012-12-24,1.2300,1.2300,1.1700,1.1900,10881,0
D,2012-12-21,1.2500,1.2500,1.2300,1.2300,5871,0
D,2012-12-20,1.2600,1.2600,1.2400,1.2500,3746,0
D,2012-12-19,1.2400,1.2500,1.2300,1.2400,2127,0
D,2012-12-18,1.2700,1.2700,1.2400,1.2500,4967,0
D,2012-12-17,1.2700,1.2700,1.2600,1.2700,3950,0
D,2012-12-14,1.2700,1.2800,1.2700,1.2700,1213,0
D,2012-12-13,1.2800,1.2800,1.2700,1.2800,2234,0
D,2012-12-12,1.2900,1.3000,1.2800,1.2800,4318,0
D,2012-12-11,1.2900,1.3000,1.2800,1.2900,1957,0
D,2012-12-10,1.2900,1.2900,1.2800,1.2800,2525,0
D,2012-12-07,1.3000,1.3100,1.2800,1.2900,2672,0
D,2012-12-06,1.2900,1.2900,1.2800,1.2800,1773,0
D,2012-12-05,1.2800,1.3000,1.2800,1.2900,2947,0
D,2012-12-04,1.3000,1.3000,1.2800,1.2800,6367,0
D,2012-12-03,1.3000,1.3100,1.2900,1.3000,2898,0
D,2012-11-30,1.3100,1.3100,1.2800,1.2800,5334,0
D,2012-11-29,1.3000,1.3100,1.2900,1.3100,2315,0
D,2012-11-28,1.3100,1.3200,1.3000,1.3000,9327,0
D,2012-11-27,1.2900,1.3000,1.2800,1.2900,2462,0
D,2012-11-26,1.2900,1.2900,1.2800,1.2900,2352,0
D,2012-11-23,1.3000,1.3200,1.2900,1.2900,1621,0
D,2012-11-22,1.2800,1.3000,1.2800,1.3000,2919,0
D,2012-11-21,1.2900,1.3000,1.2800,1.2800,1290,0
D,2012-11-20,1.3000,1.3000,1.2800,1.2900,5385,0
D,2012-11-19,1.3100,1.3100,1.3000,1.3000,700,0
D,2012-11-16,1.3100,1.3100,1.2900,1.3000,3089,0
D,2012-11-14,1.3200,1.3200,1.3000,1.3000,7353,0
D,2012-11-12,1.3200,1.3400,1.3100,1.3300,4006,0
D,2012-11-09,1.3100,1.3400,1.3100,1.3300,1447,0
D,2012-11-08,1.3200,1.3300,1.3100,1.3200,2043,0
D,2012-11-07,1.3400,1.3400,1.3200,1.3200,3536,0
D,2012-11-06,1.3100,1.3400,1.3100,1.3300,2648,0
D,2012-11-05,1.3300,1.3300,1.3100,1.3100,2957,0
D,2012-11-02,1.3500,1.3500,1.3300,1.3300,5030,0
D,2012-11-01,1.3300,1.3600,1.3300,1.3600,4632,0
D,2012-10-31,1.3400,1.3400,1.3300,1.3300,2689,0
D,2012-10-30,1.3400,1.3500,1.3300,1.3300,3846,0
D,2012-10-29,1.3400,1.3500,1.3300,1.3400,1914,0
D,2012-10-25,1.3600,1.3700,1.3400,1.3400,5255,0
D,2012-10-24,1.3300,1.3600,1.3300,1.3600,9247,0
D,2012-10-23,1.3400,1.3400,1.3300,1.3300,3158,0
D,2012-10-22,1.3500,1.3500,1.3300,1.3400,2448,0
D,2012-10-19,1.3400,1.3900,1.3400,1.3500,35454,0
D,2012-10-18,1.3300,1.3400,1.3300,1.3400,1614,0
D,2012-10-17,1.3300,1.3300,1.3300,1.3300,4013,0
D,2012-10-16,1.3300,1.3400,1.3200,1.3200,1895,0
D,2012-10-15,1.3400,1.3600,1.3300,1.3400,7990,0
D,2012-10-12,1.3400,1.3400,1.3300,1.3400,3505,0
D,2012-10-11,1.3400,1.3500,1.3300,1.3400,4675,0
D,2012-10-10,1.3400,1.3500,1.3300,1.3400,7443,0
D,2012-10-09,1.3300,1.3500,1.3300,1.3400,5101,0
D,2012-10-08,1.3400,1.3500,1.3200,1.3300,6094,0
D,2012-10-05,1.3600,1.3600,1.3300,1.3600,4597,0
D,2012-10-04,1.3400,1.3600,1.3400,1.3500,6765,0
D,2012-10-03,1.3500,1.3600,1.3400,1.3400,6261,0
D,2012-05-03,1.3400,1.4100,1.3300,1.3700,58032,0
D,2012-05-02,1.3200,1.3600,1.3100,1.3200,29678,0
