D,2014-10-14,0.1950,0.1950,0.1850,0.1950,97414,0
D,2014-10-13,0.2000,0.2000,0.1900,0.1950,203106,0
D,2014-10-10,0.1950,0.2050,0.1900,0.2050,50469,0
D,2014-10-09,0.2000,0.2100,0.2000,0.2000,61263,0
D,2014-10-08,0.2100,0.2100,0.1900,0.1950,94487,0
D,2014-10-07,0.2200,0.2200,0.2100,0.2100,58873,0
D,2014-10-03,0.2100,0.2250,0.2100,0.2200,80632,0
D,2014-10-02,0.2150,0.2200,0.2100,0.2100,105348,0
D,2014-10-01,0.2350,0.2350,0.2200,0.2200,128869,0
D,2014-09-30,0.2400,0.2450,0.2300,0.2300,87516,0
D,2014-09-29,0.2500,0.2550,0.2350,0.2400,295975,0
D,2014-09-26,0.2500,0.2550,0.2450,0.2450,259056,0
D,2014-09-25,0.2600,0.2650,0.2500,0.2550,328779,0
D,2014-09-24,0.2600,0.2700,0.2550,0.2600,268270,0
D,2014-09-23,0.2700,0.2750,0.2600,0.2600,322807,0
D,2014-09-22,0.2700,0.2800,0.2650,0.2750,486357,0
D,2014-09-19,0.2700,0.2800,0.2650,0.2700,77290,0
D,2014-09-18,0.2700,0.2750,0.2650,0.2700,84529,0
D,2014-09-17,0.2700,0.2850,0.2700,0.2700,663335,0
D,2014-09-15,0.2600,0.2600,0.2500,0.2600,57093,0
D,2014-09-12,0.2550,0.2600,0.2500,0.2600,70818,0
D,2014-09-11,0.2600,0.2600,0.2500,0.2500,185573,0
D,2014-09-10,0.2650,0.2650,0.2550,0.2600,56490,0
D,2014-09-09,0.2550,0.2700,0.2550,0.2650,164007,0
D,2014-09-08,0.2600,0.2600,0.2550,0.2600,57445,0
D,2014-09-05,0.2500,0.2650,0.2500,0.2600,82049,0
D,2014-09-04,0.2550,0.2600,0.2500,0.2550,34649,0
D,2014-09-03,0.2650,0.2650,0.2500,0.2600,104938,0
D,2014-09-02,0.2550,0.2700,0.2450,0.2650,263825,0
D,2014-08-29,0.2550,0.2600,0.2450,0.2500,266665,0
D,2014-08-28,0.2550,0.2700,0.2550,0.2600,168429,0
D,2014-08-27,0.2700,0.2800,0.2500,0.2550,357137,0
D,2014-08-26,0.2300,0.2750,0.2300,0.2650,864403,0
D,2014-08-25,0.2250,0.2350,0.2250,0.2300,115116,0
D,2014-08-22,0.2250,0.2250,0.2200,0.2200,23480,0
D,2014-08-21,0.2200,0.2250,0.2150,0.2250,29029,0
D,2014-08-20,0.2300,0.2300,0.2150,0.2200,211909,0
D,2014-08-19,0.2350,0.2350,0.2250,0.2250,91311,0
D,2014-08-18,0.2150,0.2300,0.2150,0.2300,200087,0
D,2014-08-15,0.2050,0.2100,0.2050,0.2100,52446,0
D,2014-08-14,0.2100,0.2100,0.2050,0.2050,27642,0
D,2014-08-13,0.2050,0.2100,0.2050,0.2050,23561,0
D,2014-08-12,0.2050,0.2100,0.2000,0.2050,235599,0
D,2014-08-11,0.2000,0.2050,0.2000,0.2000,12738,0
D,2014-08-08,0.2100,0.2100,0.1950,0.2000,86593,0
D,2014-08-07,0.2100,0.2100,0.2050,0.2100,88193,0
D,2014-08-06,0.2100,0.2100,0.2050,0.2050,39358,0
D,2014-08-05,0.2150,0.2150,0.2050,0.2050,46701,0
D,2014-08-04,0.2100,0.2150,0.2050,0.2150,142960,0
D,2014-08-01,0.2100,0.2150,0.2050,0.2100,66768,0
D,2014-07-31,0.2150,0.2200,0.2100,0.2100,380605,0
D,2014-07-30,0.2050,0.2150,0.2050,0.2150,146188,0
D,2014-07-25,0.2100,0.2100,0.2050,0.2050,34578,0
D,2014-07-24,0.2050,0.2100,0.2050,0.2100,27950,0
D,2014-07-23,0.2100,0.2150,0.2050,0.2100,37278,0
D,2014-07-22,0.2150,0.2200,0.2050,0.2100,203823,0
D,2014-07-21,0.2100,0.2250,0.2100,0.2150,145145,0
D,2014-07-18,0.2150,0.2200,0.2100,0.2100,17470,0
D,2014-07-17,0.2150,0.2300,0.2150,0.2200,163908,0
D,2014-07-16,0.2200,0.2250,0.2150,0.2200,37131,0
D,2014-07-14,0.2050,0.2200,0.2050,0.2200,60345,0
D,2014-07-11,0.2050,0.2100,0.2050,0.2050,31617,0
D,2014-07-10,0.2100,0.2150,0.2050,0.2100,55194,0
D,2014-07-09,0.2050,0.2100,0.2050,0.2100,51946,0
D,2014-07-08,0.2150,0.2200,0.2050,0.2050,65191,0
D,2014-07-07,0.2150,0.2200,0.2050,0.2150,163343,0
D,2014-07-04,0.2200,0.2250,0.2100,0.2200,143124,0
D,2014-07-03,0.2250,0.2300,0.2150,0.2200,185450,0
D,2014-07-02,0.2250,0.2350,0.2200,0.2250,251850,0
D,2014-07-01,0.2200,0.2300,0.2200,0.2200,129410,0
D,2014-06-30,0.2350,0.2400,0.2200,0.2200,142352,0
D,2014-06-27,0.2200,0.2400,0.2200,0.2300,270338,0
D,2014-06-26,0.2250,0.2250,0.2100,0.2200,80489,0
D,2014-06-25,0.1950,0.2350,0.1950,0.2250,351435,0
D,2014-06-24,0.2000,0.2000,0.1900,0.1950,38812,0
D,2014-06-23,0.1900,0.2050,0.1900,0.2000,150821,0
D,2014-06-20,0.1800,0.1800,0.1750,0.1750,1084,0
D,2014-06-19,0.1850,0.1850,0.1800,0.1800,7424,0
D,2014-06-18,0.1700,0.1850,0.1700,0.1850,25952,0
D,2014-06-17,0.1700,0.1800,0.1700,0.1750,15957,0
D,2014-06-16,0.1700,0.1700,0.1700,0.1700,5810,0
D,2014-06-13,0.1700,0.1750,0.1700,0.1700,3686,0
D,2014-06-12,0.1700,0.1700,0.1650,0.1650,3579,0
D,2014-06-11,0.1650,0.1800,0.1650,0.1700,26430,0
D,2014-06-10,0.1600,0.1600,0.1600,0.1600,2849,0
D,2014-06-09,0.1600,0.1600,0.1600,0.1600,2250,0
D,2014-06-06,0.1600,0.1650,0.1600,0.1600,6739,0
D,2014-06-05,0.1650,0.1650,0.1600,0.1650,6552,0
D,2014-06-04,0.1650,0.1650,0.1600,0.1650,2426,0
D,2014-06-03,0.1650,0.1700,0.1650,0.1650,4890,0
D,2014-06-02,0.1700,0.1750,0.1650,0.1700,13767,0
D,2014-05-30,0.1700,0.1750,0.1700,0.1750,13708,0
D,2014-05-29,0.1750,0.1750,0.1700,0.1700,1738,0
D,2014-05-28,0.1750,0.1750,0.1700,0.1750,8095,0
D,2014-05-27,0.1750,0.1750,0.1700,0.1750,2380,0
D,2014-05-26,0.1750,0.1750,0.1700,0.1750,1911,0
D,2014-05-23,0.1750,0.1750,0.1750,0.1750,3550,0
D,2014-05-22,0.1750,0.1750,0.1700,0.1700,6500,0
D,2014-05-21,0.1800,0.1800,0.1750,0.1750,11133,0
D,2014-05-20,0.1750,0.1800,0.1750,0.1750,2151,0
D,2014-05-19,0.1750,0.1800,0.1750,0.1800,9452,0
D,2014-05-16,0.1800,0.1800,0.1750,0.1800,3204,0
D,2014-05-15,0.1800,0.1800,0.1800,0.1800,3850,0
D,2014-05-14,0.1850,0.1850,0.1800,0.1800,5401,0
D,2014-05-12,0.1850,0.1850,0.1800,0.1850,7713,0
D,2014-05-09,0.1800,0.1800,0.1800,0.1800,4249,0
D,2014-05-08,0.1800,0.1850,0.1800,0.1850,4200,0
D,2014-05-07,0.1800,0.1850,0.1800,0.1850,1848,0
D,2014-05-06,0.1750,0.1800,0.1750,0.1800,7448,0
D,2014-05-05,0.1750,0.1800,0.1750,0.1750,2750,0
D,2014-05-02,0.1850,0.1850,0.1800,0.1800,4768,0
D,2014-04-30,0.1800,0.1850,0.1800,0.1850,5360,0
D,2014-04-29,0.1800,0.1850,0.1800,0.1850,9080,0
D,2014-04-28,0.1800,0.1800,0.1800,0.1800,19877,0
D,2014-04-25,0.1800,0.1850,0.1800,0.1850,3317,0
D,2014-04-24,0.1800,0.1850,0.1800,0.1800,4693,0
D,2014-04-23,0.1800,0.1850,0.1800,0.1850,4311,0
D,2014-04-22,0.1850,0.1850,0.1800,0.1800,7954,0
D,2014-04-21,0.1850,0.1850,0.1800,0.1800,11784,0
D,2014-04-18,0.1850,0.1900,0.1850,0.1850,5310,0
D,2014-04-17,0.1900,0.1900,0.1850,0.1900,22866,0
D,2014-04-16,0.1850,0.1900,0.1850,0.1850,8438,0
D,2014-04-15,0.1850,0.1900,0.1800,0.1850,45030,0
D,2014-04-14,0.1850,0.1850,0.1800,0.1800,7427,0
D,2014-04-11,0.1850,0.1850,0.1800,0.1850,19323,0
D,2014-04-10,0.1900,0.1900,0.1800,0.1850,116899,0
D,2014-04-09,0.1900,0.2000,0.1850,0.1900,203771,0
D,2014-04-08,0.1950,0.2000,0.1900,0.1900,108514,0
D,2014-04-07,0.2050,0.2150,0.1950,0.2000,68348,0
D,2014-04-04,0.2050,0.2100,0.2000,0.2050,60998,0
D,2014-04-03,0.2050,0.2100,0.2000,0.2000,4684,0
D,2014-04-02,0.2050,0.2100,0.2050,0.2050,4010,0
D,2014-04-01,0.2000,0.2050,0.2000,0.2000,7714,0
D,2014-03-31,0.2050,0.2050,0.2000,0.2000,718,0
D,2014-03-28,0.2000,0.2100,0.2000,0.2050,6339,0
D,2014-03-27,0.2000,0.2000,0.1950,0.1950,3545,0
D,2014-03-26,0.2050,0.2050,0.2000,0.2000,11945,0
D,2014-03-25,0.2050,0.2100,0.2050,0.2050,9908,0
D,2014-03-24,0.2000,0.2150,0.2000,0.2100,27670,0
D,2014-03-21,0.1900,0.2050,0.1900,0.2000,9404,0
D,2014-03-20,0.1850,0.1900,0.1850,0.1900,10668,0
D,2014-03-19,0.1900,0.1900,0.1850,0.1850,7511,0
D,2014-03-18,0.1900,0.1950,0.1900,0.1900,12922,0
D,2014-03-17,0.1900,0.1950,0.1900,0.1900,4519,0
D,2014-03-14,0.1950,0.1950,0.1900,0.1900,9111,0
D,2014-03-13,0.1950,0.2000,0.1950,0.2000,13372,0
D,2014-03-12,0.2000,0.2000,0.1950,0.1950,17373,0
D,2014-03-11,0.2000,0.2050,0.2000,0.2050,7578,0
D,2014-03-10,0.2000,0.2050,0.2000,0.2000,6251,0
D,2014-03-07,0.2100,0.2100,0.2000,0.2050,13750,0
D,2014-03-06,0.1900,0.2100,0.1900,0.2100,58173,0
D,2014-03-05,0.1850,0.1900,0.1800,0.1850,25253,0
D,2014-03-04,0.1800,0.1850,0.1750,0.1750,20550,0
D,2014-03-03,0.1800,0.1850,0.1700,0.1750,59457,0
D,2014-02-28,0.2000,0.2000,0.1800,0.1800,73082,0
D,2014-02-27,0.2100,0.2100,0.2000,0.2000,30558,0
D,2014-02-26,0.2100,0.2150,0.2100,0.2100,13203,0
D,2014-02-25,0.2150,0.2150,0.2100,0.2150,16060,0
D,2014-02-24,0.2150,0.2250,0.2100,0.2150,76432,0
D,2014-02-21,0.2250,0.2250,0.2150,0.2150,53295,0
D,2014-02-20,0.2300,0.2300,0.2250,0.2250,12630,0
D,2014-02-19,0.2350,0.2350,0.2300,0.2300,60051,0
D,2014-02-18,0.2350,0.2450,0.2300,0.2350,38302,0
D,2014-02-17,0.2300,0.2400,0.2300,0.2350,114597,0
D,2014-02-14,0.2300,0.2350,0.2250,0.2300,7997,0
D,2014-02-13,0.2300,0.2350,0.2250,0.2300,57490,0
D,2014-02-12,0.2400,0.2400,0.2300,0.2300,60388,0
D,2014-02-11,0.2400,0.2400,0.2350,0.2400,16309,0
D,2014-02-10,0.2450,0.2500,0.2350,0.2400,130566,0
D,2014-02-07,0.2450,0.2550,0.2350,0.2400,173174,0
D,2014-02-06,0.2400,0.2600,0.2350,0.2450,251018,0
D,2014-02-05,0.2400,0.2500,0.2350,0.2400,51945,0
D,2014-02-04,0.2350,0.2450,0.2350,0.2350,38364,0
D,2014-01-30,0.2400,0.2400,0.2300,0.2350,11062,0
D,2014-01-29,0.2500,0.2500,0.2350,0.2450,9354,0
D,2014-01-28,0.2500,0.2500,0.2400,0.2400,20466,0
D,2014-01-27,0.2600,0.2600,0.2450,0.2450,12477,0
D,2014-01-24,0.2600,0.2750,0.2600,0.2600,162712,0
D,2014-01-23,0.2450,0.2600,0.2450,0.2600,26509,0
D,2014-01-22,0.2450,0.2550,0.2400,0.2450,60250,0
D,2014-01-21,0.2300,0.2500,0.2250,0.2400,17498,0
D,2014-01-20,0.2400,0.2400,0.2300,0.2350,5499,0
D,2014-01-16,0.2300,0.2350,0.2300,0.2350,2725,0
D,2014-01-15,0.2450,0.2450,0.2350,0.2350,1320,0
D,2014-01-13,0.2350,0.2500,0.2300,0.2400,29430,0
D,2014-01-10,0.2350,0.2350,0.2300,0.2300,2482,0
D,2014-01-09,0.2350,0.2400,0.2350,0.2400,260,0
D,2014-01-08,0.2300,0.2400,0.2300,0.2400,1919,0
D,2014-01-07,0.2300,0.2300,0.2250,0.2250,3571,0
D,2014-01-06,0.2250,0.2350,0.2250,0.2350,2651,0
D,2014-01-03,0.2300,0.2300,0.2250,0.2250,531,0
D,2014-01-02,0.2300,0.2350,0.2300,0.2350,590,0
D,2013-12-31,0.2350,0.2350,0.2300,0.2300,506,0
D,2013-12-30,0.2350,0.2400,0.2300,0.2350,1340,0
D,2013-12-27,0.2300,0.2350,0.2300,0.2350,3961,0
D,2013-12-26,0.2450,0.2500,0.2350,0.2400,5410,0
D,2013-12-24,0.2300,0.2400,0.2250,0.2400,4466,0
D,2013-12-23,0.2300,0.2300,0.2250,0.2250,3610,0
D,2013-12-20,0.2350,0.2350,0.2350,0.2350,200,0
D,2013-12-19,0.2500,0.2500,0.2400,0.2450,410,0
D,2013-12-18,0.2350,0.2500,0.2350,0.2500,8629,0
D,2013-12-17,0.2300,0.2350,0.2300,0.2350,3644,0
D,2013-12-16,0.2250,0.2300,0.2250,0.2300,950,0
D,2013-12-13,0.2350,0.2350,0.2250,0.2300,400,0
D,2013-12-12,0.2250,0.2350,0.2250,0.2350,60,0
D,2013-12-11,0.2300,0.2350,0.2300,0.2350,100,0
D,2013-12-10,0.2350,0.2350,0.2350,0.2350,100,0
D,2013-12-09,0.2300,0.2350,0.2250,0.2350,627,0
D,2013-12-06,0.2300,0.2300,0.2250,0.2300,889,0
D,2013-12-05,0.2400,0.2400,0.2250,0.2250,871,0
D,2013-12-04,0.2300,0.2400,0.2300,0.2300,2501,0
D,2013-12-03,0.2400,0.2400,0.2300,0.2350,1111,0
D,2013-12-02,0.2300,0.2500,0.2300,0.2500,479,0
D,2013-11-29,0.2400,0.2400,0.2350,0.2400,2412,0
D,2013-11-28,0.2500,0.2500,0.2400,0.2400,5413,0
D,2013-11-27,0.2450,0.2450,0.2400,0.2450,2153,0
D,2013-11-26,0.2450,0.2450,0.2400,0.2400,2200,0
D,2013-11-25,0.2500,0.2500,0.2450,0.2450,1440,0
D,2013-11-22,0.2500,0.2600,0.2500,0.2500,3605,0
D,2013-11-21,0.2450,0.2500,0.2450,0.2500,5376,0
D,2013-11-20,0.2500,0.2500,0.2500,0.2500,3300,0
D,2013-11-19,0.2500,0.2500,0.2450,0.2500,2532,0
D,2013-11-18,0.2550,0.2550,0.2500,0.2500,340,0
D,2013-11-15,0.2600,0.2650,0.2550,0.2600,11994,0
D,2013-11-14,0.2500,0.2550,0.2500,0.2550,1412,0
D,2013-11-13,0.2500,0.2550,0.2450,0.2550,6656,0
D,2013-11-12,0.2500,0.2600,0.2450,0.2600,5402,0
D,2013-11-11,0.2550,0.2550,0.2550,0.2550,2499,0
D,2013-11-08,0.2550,0.2550,0.2550,0.2550,2364,0
D,2013-11-07,0.2550,0.2550,0.2550,0.2550,2189,0
D,2013-11-06,0.2450,0.2500,0.2450,0.2500,3372,0
D,2013-11-04,0.2500,0.2550,0.2500,0.2500,1644,0
D,2013-11-01,0.2450,0.2450,0.2450,0.2450,2230,0
D,2013-10-31,0.2500,0.2500,0.2450,0.2450,811,0
D,2013-10-30,0.2450,0.2500,0.2450,0.2500,1620,0
D,2013-10-29,0.2450,0.2500,0.2450,0.2450,1250,0
D,2013-10-28,0.2500,0.2500,0.2500,0.2500,1550,0
D,2013-10-25,0.2550,0.2550,0.2500,0.2500,929,0
D,2013-10-24,0.2550,0.2550,0.2550,0.2550,540,0
D,2013-10-23,0.2500,0.2550,0.2500,0.2550,4979,0
D,2013-10-22,0.2450,0.2500,0.2450,0.2450,3449,0
D,2013-10-21,0.2500,0.2500,0.2450,0.2450,5120,0
D,2013-10-18,0.2450,0.2500,0.2450,0.2500,2173,0
D,2013-10-17,0.2500,0.2550,0.2450,0.2450,7632,0
D,2013-10-16,0.2550,0.2550,0.2450,0.2450,15489,0
D,2013-10-14,0.2600,0.2650,0.2500,0.2550,4967,0
D,2013-10-11,0.2600,0.2650,0.2600,0.2600,3277,0
D,2013-10-10,0.2700,0.2750,0.2550,0.2550,11071,0
D,2013-10-09,0.2450,0.2900,0.2450,0.2700,105302,0
D,2013-10-08,0.2400,0.2450,0.2400,0.2450,350,0
D,2013-10-07,0.2450,0.2500,0.2400,0.2500,4460,0
D,2013-10-04,0.2350,0.2400,0.2350,0.2400,3170,0
D,2013-10-03,0.2350,0.2350,0.2350,0.2350,800,0
D,2013-10-02,0.2350,0.2400,0.2350,0.2400,8000,0
D,2013-10-01,0.2300,0.2350,0.2300,0.2350,2888,0
D,2013-09-30,0.2450,0.2450,0.2250,0.2300,15416,0
D,2013-09-27,0.2500,0.2500,0.2450,0.2450,4261,0
D,2013-09-26,0.2450,0.2500,0.2450,0.2500,11270,0
D,2013-09-25,0.2500,0.2500,0.2450,0.2500,5401,0
D,2013-09-24,0.2400,0.2750,0.2400,0.2500,75021,0
D,2013-09-23,0.2350,0.2500,0.2350,0.2450,7280,0
D,2013-09-20,0.2400,0.2450,0.2350,0.2400,4062,0
D,2013-09-19,0.2400,0.2450,0.2400,0.2400,3499,0
D,2013-09-18,0.2250,0.2450,0.2250,0.2400,11117,0
D,2013-09-17,0.2150,0.2350,0.2150,0.2250,8372,0
D,2013-09-13,0.2150,0.2150,0.2150,0.2150,20,0
D,2013-09-12,0.2200,0.2200,0.2150,0.2150,900,0
D,2013-09-11,0.2150,0.2150,0.2150,0.2150,5693,0
D,2013-09-10,0.2200,0.2200,0.2150,0.2200,734,0
D,2013-09-09,0.2150,0.2200,0.2150,0.2200,2100,0
D,2013-09-06,0.2150,0.2150,0.2100,0.2100,695,0
D,2013-09-05,0.2150,0.2200,0.2100,0.2200,310,0
D,2013-09-04,0.2150,0.2150,0.2150,0.2150,770,0
D,2013-09-03,0.2100,0.2200,0.2100,0.2150,6092,0
D,2013-09-02,0.2100,0.2100,0.2100,0.2100,551,0
D,2013-08-30,0.2150,0.2150,0.2150,0.2150,3530,0
D,2013-08-29,0.2200,0.2250,0.2150,0.2150,2570,0
D,2013-08-28,0.2250,0.2250,0.2100,0.2200,8051,0
D,2013-08-27,0.2300,0.2300,0.2200,0.2200,6389,0
D,2013-08-26,0.2350,0.2400,0.2300,0.2350,8940,0
D,2013-08-23,0.2200,0.2250,0.2200,0.2250,9175,0
D,2013-08-22,0.2300,0.2300,0.2200,0.2250,16200,0
D,2013-08-21,0.2350,0.2350,0.2350,0.2350,2220,0
D,2013-08-20,0.2350,0.2350,0.2300,0.2350,9130,0
D,2013-08-19,0.2350,0.2400,0.2350,0.2400,7764,0
D,2013-08-16,0.2350,0.2350,0.2300,0.2300,1800,0
D,2013-08-15,0.2250,0.2350,0.2250,0.2350,7657,0
D,2013-08-14,0.2250,0.2300,0.2200,0.2250,4847,0
D,2013-08-13,0.2200,0.2200,0.2150,0.2200,5546,0
D,2013-08-12,0.2250,0.2250,0.2200,0.2200,1840,0
D,2013-08-07,0.2300,0.2300,0.2200,0.2200,5650,0
D,2013-08-06,0.2350,0.2350,0.2250,0.2300,1450,0
D,2013-08-05,0.2200,0.2350,0.2200,0.2350,3042,0
D,2013-08-02,0.2250,0.2250,0.2200,0.2200,1140,0
D,2013-08-01,0.2250,0.2250,0.2250,0.2250,2230,0
D,2013-07-31,0.2250,0.2300,0.2250,0.2300,7700,0
D,2013-07-30,0.2300,0.2300,0.2300,0.2300,710,0
D,2013-07-29,0.2300,0.2350,0.2250,0.2350,1789,0
D,2013-07-26,0.2350,0.2350,0.2300,0.2350,7732,0
D,2013-07-25,0.2400,0.2400,0.2350,0.2350,1889,0
D,2013-07-24,0.2400,0.2400,0.2350,0.2400,2449,0
D,2013-07-23,0.2400,0.2400,0.2350,0.2400,4254,0
D,2013-07-22,0.2400,0.2400,0.2350,0.2400,2475,0
D,2013-07-19,0.2400,0.2400,0.2400,0.2400,2718,0
D,2013-07-18,0.2400,0.2500,0.2350,0.2350,9009,0
D,2013-07-17,0.2500,0.2550,0.2400,0.2500,4420,0
D,2013-07-16,0.2400,0.2500,0.2400,0.2500,3784,0
D,2013-07-15,0.2450,0.2500,0.2400,0.2450,3278,0
D,2013-07-12,0.2350,0.2550,0.2350,0.2450,52642,0
D,2013-07-11,0.2200,0.2400,0.2200,0.2300,13086,0
D,2013-07-10,0.2300,0.2300,0.2200,0.2250,5010,0
D,2013-07-09,0.2250,0.2300,0.2150,0.2300,4348,0
D,2013-07-08,0.2200,0.2200,0.2150,0.2200,651,0
D,2013-07-05,0.2200,0.2250,0.2150,0.2250,5372,0
D,2013-07-04,0.2150,0.2250,0.2150,0.2200,2112,0
D,2013-07-03,0.2150,0.2150,0.2100,0.2150,830,0
D,2013-07-02,0.2100,0.2150,0.2100,0.2150,998,0
D,2013-07-01,0.2150,0.2150,0.2100,0.2100,3547,0
D,2013-06-28,0.2150,0.2200,0.2100,0.2150,4396,0
D,2013-06-27,0.2200,0.2200,0.2150,0.2150,2396,0
D,2013-06-26,0.2200,0.2200,0.2150,0.2200,4464,0
D,2013-06-25,0.2250,0.2250,0.2150,0.2150,7793,0
D,2013-06-24,0.2250,0.2300,0.2200,0.2200,9016,0
D,2013-06-21,0.2250,0.2300,0.2200,0.2300,6651,0
D,2013-06-20,0.2300,0.2300,0.2250,0.2300,5250,0
D,2013-06-19,0.2450,0.2500,0.2300,0.2350,7618,0
D,2013-06-18,0.2350,0.2500,0.2350,0.2450,48871,0
D,2013-06-17,0.2250,0.2300,0.2200,0.2300,5798,0
D,2013-06-14,0.2250,0.2250,0.2150,0.2250,9280,0
D,2013-06-13,0.2250,0.2250,0.2200,0.2200,9847,0
D,2013-06-12,0.2300,0.2300,0.2200,0.2300,12777,0
D,2013-06-11,0.2250,0.2350,0.2250,0.2300,8443,0
D,2013-06-10,0.2200,0.2400,0.2200,0.2250,23021,0
D,2013-06-07,0.2250,0.2250,0.2150,0.2200,9244,0
D,2013-06-06,0.2250,0.2250,0.2150,0.2250,26490,0
D,2013-06-05,0.2350,0.2350,0.2250,0.2300,22492,0
D,2013-06-04,0.2450,0.2450,0.2300,0.2350,26378,0
D,2013-06-03,0.2600,0.2600,0.2400,0.2400,29349,0
D,2013-05-31,0.2650,0.2800,0.2600,0.2700,94157,0
D,2013-05-30,0.2850,0.2850,0.2600,0.2700,81708,0
D,2013-05-29,0.3050,0.3100,0.2800,0.2850,127683,0
D,2013-05-28,0.3200,0.3350,0.3000,0.3000,117286,0
D,2013-05-27,0.3650,0.3650,0.3150,0.3200,158304,0
D,2013-05-23,0.3850,0.4000,0.3450,0.3650,100109,0
D,2013-05-22,0.3700,0.4050,0.3650,0.3900,153805,0
D,2013-05-21,0.3700,0.3800,0.3500,0.3650,88538,0
D,2013-05-20,0.3400,0.3800,0.3400,0.3650,102056,0
D,2013-05-17,0.2900,0.3450,0.2900,0.3300,35731,0
D,2013-05-16,0.3000,0.3000,0.2650,0.2700,630,0
D,2013-05-15,0.2900,0.2950,0.2800,0.2900,1724,0
D,2013-05-14,0.2650,0.2650,0.2650,0.2650,100,0
D,2013-05-13,0.2600,0.2850,0.2600,0.2850,780,0
D,2013-05-10,0.2500,0.2600,0.2500,0.2600,2369,0
D,2013-05-09,0.2500,0.2550,0.2500,0.2500,1437,0
D,2013-05-08,0.2600,0.2600,0.2600,0.2600,0,0
D,2013-05-07,0.2600,0.2600,0.2600,0.2600,0,0
D,2013-05-06,0.2600,0.2600,0.2600,0.2600,0,0
D,2013-05-03,0.2000,0.2600,0.2000,0.2600,33,0
D,2013-05-02,0.2300,0.2300,0.2300,0.2300,105,0
D,2013-04-30,0.2400,0.2400,0.2400,0.2400,0,0
D,2013-04-29,0.2350,0.2400,0.2350,0.2400,1117,0
D,2013-04-26,0.2300,0.2350,0.2300,0.2300,281,0
D,2013-04-25,0.2350,0.2350,0.2350,0.2350,200,0
D,2013-04-24,0.2300,0.2300,0.2300,0.2300,0,0
D,2013-04-23,0.2350,0.2350,0.2300,0.2300,669,0
D,2013-04-22,0.2400,0.2400,0.2350,0.2350,400,0
D,2013-04-19,0.2350,0.2400,0.2350,0.2400,611,0
D,2013-04-18,0.2350,0.2350,0.2350,0.2350,84,0
D,2013-04-17,0.2400,0.2400,0.2400,0.2400,710,0
D,2013-04-16,0.2400,0.2400,0.2400,0.2400,1190,0
D,2013-04-15,0.2350,0.2500,0.2350,0.2450,277,0
D,2013-04-12,0.2400,0.2450,0.2350,0.2400,1010,0
D,2013-04-11,0.2450,0.2450,0.2400,0.2400,512,0
D,2013-04-10,0.2500,0.2500,0.2400,0.2450,1916,0
D,2013-04-09,0.2450,0.2500,0.2400,0.2400,291,0
D,2013-04-08,0.2400,0.2500,0.2350,0.2500,1330,0
D,2013-04-05,0.2400,0.2400,0.2400,0.2400,408,0
D,2013-04-04,0.2400,0.2550,0.2350,0.2550,3940,0
D,2013-04-03,0.2350,0.2450,0.2350,0.2350,821,0
D,2013-04-02,0.2650,0.2650,0.2350,0.2450,8711,0
D,2013-04-01,0.2700,0.2700,0.2700,0.2700,60,0
D,2013-03-29,0.2800,0.2800,0.2800,0.2800,0,0
D,2013-03-28,0.2600,0.2800,0.2600,0.2800,310,0
D,2013-03-27,0.2700,0.2700,0.2700,0.2700,0,0
D,2013-03-26,0.2700,0.2700,0.2700,0.2700,200,0
D,2013-03-25,0.2600,0.2750,0.2600,0.2600,643,0
D,2013-03-22,0.2600,0.2600,0.2600,0.2600,40,0
D,2013-03-21,0.2600,0.2800,0.2600,0.2800,417,0
D,2013-03-20,0.2700,0.2700,0.2700,0.2700,0,0
D,2013-03-19,0.2700,0.2700,0.2700,0.2700,0,0
D,2013-03-18,0.2700,0.2700,0.2700,0.2700,0,0
D,2013-03-15,0.2700,0.2950,0.2700,0.2700,2272,0
D,2013-03-14,0.2700,0.2700,0.2600,0.2700,301,0
D,2013-03-13,0.2650,0.2700,0.2650,0.2650,201,0
D,2013-03-12,0.2600,0.2700,0.2600,0.2700,621,0
D,2013-03-11,0.2700,0.2700,0.2700,0.2700,150,0
D,2013-03-08,0.2700,0.2700,0.2700,0.2700,290,0
D,2013-03-07,0.2700,0.2700,0.2700,0.2700,2300,0
D,2013-03-06,0.2700,0.2700,0.2700,0.2700,680,0
D,2013-03-05,0.2650,0.2800,0.2650,0.2700,310,0
D,2013-03-04,0.2600,0.2850,0.2600,0.2850,321,0
D,2013-03-01,0.2600,0.2750,0.2600,0.2700,1824,0
D,2013-02-28,0.2800,0.2900,0.2800,0.2900,30,0
D,2013-02-27,0.2900,0.2900,0.2900,0.2900,0,0
D,2013-02-26,0.2650,0.2900,0.2650,0.2900,834,0
D,2013-02-25,0.2850,0.2850,0.2850,0.2850,0,0
D,2013-02-22,0.2850,0.2850,0.2850,0.2850,10,0
D,2013-02-21,0.2650,0.2650,0.2650,0.2650,0,0
D,2013-02-20,0.2650,0.2650,0.2650,0.2650,250,0
D,2013-02-19,0.2650,0.2650,0.2650,0.2650,110,0
D,2013-02-18,0.2700,0.2750,0.2700,0.2750,31,0
D,2013-02-15,0.2800,0.2800,0.2800,0.2800,320,0
D,2013-02-14,0.2800,0.2800,0.2750,0.2750,383,0
D,2013-02-13,0.2700,0.2800,0.2700,0.2800,1283,0
D,2013-02-08,0.2750,0.2900,0.2700,0.2900,1861,0
D,2013-02-07,0.2900,0.2900,0.2800,0.2800,270,0
D,2013-02-06,0.2750,0.2950,0.2750,0.2950,602,0
D,2013-02-05,0.2800,0.2800,0.2800,0.2800,254,0
D,2013-02-04,0.2850,0.2850,0.2850,0.2850,140,0
D,2013-01-31,0.2850,0.2850,0.2850,0.2850,600,0
D,2013-01-30,0.3000,0.3000,0.3000,0.3000,10,0
D,2013-01-29,0.2900,0.2950,0.2900,0.2950,289,0
D,2013-01-25,0.2800,0.2800,0.2800,0.2800,0,0
D,2013-01-23,0.2950,0.2950,0.2800,0.2800,300,0
D,2013-01-22,0.2800,0.3000,0.2700,0.3000,83,0
D,2013-01-21,0.2900,0.2900,0.2800,0.2800,800,0
D,2013-01-18,0.2950,0.2950,0.2950,0.2950,40,0
D,2013-01-17,0.3000,0.3150,0.3000,0.3150,937,0
D,2013-01-16,0.2950,0.2950,0.2950,0.2950,368,0
D,2013-01-15,0.3000,0.3000,0.2950,0.3000,1201,0
D,2013-01-14,0.3000,0.3000,0.2950,0.2950,1323,0
D,2013-01-11,0.3000,0.3000,0.3000,0.3000,803,0
D,2013-01-10,0.3000,0.3250,0.3000,0.3250,596,0
D,2013-01-09,0.3000,0.3150,0.3000,0.3150,1096,0
D,2013-01-08,0.3150,0.3150,0.3150,0.3150,0,0
D,2013-01-07,0.3000,0.3150,0.3000,0.3150,1184,0
D,2013-01-04,0.3000,0.3100,0.3000,0.3050,785,0
D,2013-01-03,0.3100,0.3100,0.3000,0.3100,903,0
D,2013-01-02,0.3000,0.3050,0.3000,0.3050,404,0
D,2012-12-31,0.3050,0.3050,0.2950,0.2950,795,0
D,2012-12-28,0.5800,0.5800,0.2950,0.3400,209,0
D,2012-12-27,0.3050,0.3200,0.3000,0.3100,304,0
D,2012-12-26,0.3100,0.3100,0.2950,0.3100,401,0
D,2012-12-24,0.2950,0.3000,0.2950,0.3000,5,0
D,2012-12-21,0.3000,0.3000,0.3000,0.3000,237,0
D,2012-12-20,0.3000,0.3000,0.3000,0.3000,0,0
D,2012-12-19,0.3000,0.3000,0.3000,0.3000,220,0
D,2012-12-18,0.3050,0.3100,0.2950,0.3100,553,0
D,2012-12-17,0.3000,0.3050,0.3000,0.3050,537,0
D,2012-12-14,0.2950,0.2950,0.2950,0.2950,0,0
D,2012-12-13,0.3000,0.3000,0.2950,0.2950,308,0
D,2012-12-12,0.2900,0.3000,0.2900,0.3000,103,0
D,2012-12-11,0.2950,0.3050,0.2950,0.2950,655,0
D,2012-12-10,0.2900,0.2950,0.2900,0.2900,929,0
D,2012-12-07,0.3200,0.3200,0.2900,0.2900,302,0
D,2012-12-06,0.2900,0.2950,0.2900,0.2950,947,0
D,2012-12-05,0.2950,0.2950,0.2900,0.2900,102,0
D,2012-12-04,0.2950,0.2950,0.2950,0.2950,0,0
D,2012-12-03,0.3200,0.3200,0.2950,0.2950,2,0
D,2012-11-30,0.3150,0.3150,0.3150,0.3150,0,0
D,2012-11-29,0.3000,0.3150,0.3000,0.3150,91,0
D,2012-11-28,0.3000,0.3150,0.2950,0.3000,1510,0
D,2012-11-27,0.3050,0.3100,0.3000,0.3000,1300,0
D,2012-11-26,0.3050,0.3100,0.3050,0.3100,70,0
D,2012-11-23,0.3150,0.3150,0.3150,0.3150,50,0
D,2012-11-22,0.3050,0.3150,0.3050,0.3150,290,0
D,2012-11-21,0.3200,0.3200,0.3050,0.3150,4153,0
D,2012-11-20,0.3200,0.3250,0.3200,0.3200,1401,0
D,2012-11-19,0.3200,0.3200,0.3200,0.3200,364,0
D,2012-11-16,0.3200,0.3300,0.3200,0.3300,80,0
D,2012-11-14,0.3250,0.3350,0.3200,0.3300,15027,0
D,2012-11-12,0.3200,0.3250,0.3150,0.3150,1275,0
D,2012-11-09,0.3150,0.3250,0.3150,0.3200,1659,0
D,2012-11-08,0.3150,0.3250,0.3050,0.3050,5793,0
D,2012-11-07,0.3150,0.3150,0.3100,0.3100,481,0
D,2012-11-06,0.3200,0.3200,0.3200,0.3200,580,0
D,2012-11-05,0.3250,0.3300,0.3250,0.3300,400,0
D,2012-11-02,0.3350,0.3450,0.3300,0.3350,4408,0
D,2012-11-01,0.3350,0.3350,0.3350,0.3350,0,0
D,2012-10-31,0.3250,0.3350,0.3250,0.3350,128,0
D,2012-10-30,0.3150,0.3400,0.3150,0.3400,2250,0
D,2012-10-29,0.3250,0.3250,0.3150,0.3150,220,0
D,2012-10-25,0.3250,0.3250,0.3200,0.3200,450,0
D,2012-10-24,0.3250,0.3250,0.3200,0.3250,492,0
D,2012-10-23,0.3150,0.3450,0.3150,0.3300,3672,0
D,2012-10-22,0.3050,0.3050,0.3050,0.3050,500,0
D,2012-10-19,0.3150,0.3150,0.3150,0.3150,100,0
D,2012-10-18,0.3150,0.3150,0.3100,0.3100,578,0
D,2012-10-17,0.3050,0.3200,0.3050,0.3200,256,0
D,2012-10-16,0.3100,0.3100,0.3100,0.3100,0,0
D,2012-10-15,0.3100,0.3100,0.3100,0.3100,360,0
D,2012-10-12,0.3050,0.3050,0.3050,0.3050,200,0
D,2012-10-11,0.3100,0.3100,0.3100,0.3100,0,0
D,2012-10-10,0.3100,0.3100,0.3100,0.3100,32,0
D,2012-10-09,0.3000,0.3100,0.3000,0.3100,524,0
D,2012-10-08,0.3050,0.3050,0.3050,0.3050,355,0
D,2012-10-05,0.3050,0.3100,0.3000,0.3050,1307,0
D,2012-10-04,0.3050,0.3050,0.3000,0.3050,1373,0
D,2012-10-03,0.3000,0.3100,0.3000,0.3050,611,0
D,2012-05-03,0.3900,0.4200,0.3900,0.4000,540,0
D,2012-05-02,0.3900,0.3900,0.3900,0.3900,48,0
