D,2014-10-14,0.3500,0.3500,0.3500,0.3500,0,0
D,2014-10-13,0.3500,0.3500,0.3500,0.3500,0,0
D,2014-10-10,0.3500,0.3500,0.3500,0.3500,300,0
D,2014-10-09,0.3600,0.3600,0.3600,0.3600,100,0
D,2014-10-08,0.3400,0.3400,0.3400,0.3400,0,0
D,2014-10-07,0.3400,0.3400,0.3400,0.3400,0,0
D,2014-10-03,0.3400,0.3400,0.3400,0.3400,0,0
D,2014-10-02,0.3400,0.3400,0.3400,0.3400,230,0
D,2014-10-01,0.3400,0.3400,0.3400,0.3400,10,0
D,2014-09-30,0.3450,0.3450,0.3450,0.3450,220,0
D,2014-09-29,0.3450,0.3450,0.3450,0.3450,0,0
D,2014-09-26,0.3450,0.3450,0.3450,0.3450,0,0
D,2014-09-25,0.3450,0.3450,0.3450,0.3450,50,0
D,2014-09-24,0.3400,0.3400,0.3400,0.3400,55,0
D,2014-09-23,0.3500,0.3500,0.3500,0.3500,0,0
D,2014-09-22,0.3500,0.3500,0.3500,0.3500,0,0
D,2014-09-19,0.3500,0.3500,0.3500,0.3500,0,0
D,2014-09-18,0.3500,0.3500,0.3500,0.3500,0,0
D,2014-09-17,0.3500,0.3500,0.3500,0.3500,0,0
D,2014-09-15,0.3500,0.3500,0.3500,0.3500,0,0
D,2014-09-12,0.3500,0.3500,0.3500,0.3500,0,0
D,2014-09-11,0.3500,0.3500,0.3500,0.3500,0,0
D,2014-09-10,0.3500,0.3500,0.3500,0.3500,0,0
D,2014-09-09,0.3500,0.3500,0.3500,0.3500,0,0
D,2014-09-08,0.3500,0.3500,0.3500,0.3500,0,0
D,2014-09-05,0.3500,0.3500,0.3500,0.3500,0,0
D,2014-09-04,0.3500,0.3500,0.3500,0.3500,0,0
D,2014-09-03,0.3500,0.3500,0.3500,0.3500,0,0
D,2014-09-02,0.3500,0.3500,0.3500,0.3500,0,0
D,2014-08-29,0.3500,0.3500,0.3500,0.3500,100,0
D,2014-08-28,0.3300,0.3300,0.3300,0.3300,0,0
D,2014-08-27,0.3300,0.3300,0.3300,0.3300,0,0
D,2014-08-26,0.3300,0.3300,0.3300,0.3300,180,0
D,2014-08-25,0.3600,0.3600,0.3600,0.3600,0,0
D,2014-08-22,0.3600,0.3600,0.3600,0.3600,0,0
D,2014-08-21,0.3600,0.3600,0.3600,0.3600,0,0
D,2014-08-20,0.3600,0.3600,0.3600,0.3600,360,0
D,2014-08-19,0.3600,0.3600,0.3600,0.3600,500,0
D,2014-08-18,0.3600,0.3600,0.3600,0.3600,0,0
D,2014-08-15,0.3600,0.3600,0.3600,0.3600,0,0
D,2014-08-14,0.3600,0.3600,0.3600,0.3600,0,0
D,2014-08-13,0.3600,0.3600,0.3600,0.3600,0,0
D,2014-08-12,0.3600,0.3600,0.3600,0.3600,100,0
D,2014-08-11,0.3500,0.3500,0.3500,0.3500,0,0
D,2014-08-08,0.3500,0.3500,0.3500,0.3500,300,0
D,2014-08-07,0.3550,0.3550,0.3550,0.3550,0,0
D,2014-08-06,0.3550,0.3550,0.3550,0.3550,0,0
D,2014-08-05,0.3550,0.3550,0.3550,0.3550,50,0
D,2014-08-04,0.3600,0.3600,0.3600,0.3600,0,0
D,2014-08-01,0.3600,0.3600,0.3600,0.3600,0,0
D,2014-07-31,0.3600,0.3600,0.3600,0.3600,252,0
D,2014-07-30,0.3650,0.3650,0.3650,0.3650,0,0
D,2014-07-25,0.3650,0.3650,0.3650,0.3650,0,0
D,2014-07-24,0.3650,0.3650,0.3650,0.3650,30,0
D,2014-07-23,0.3700,0.3700,0.3700,0.3700,190,0
D,2014-07-22,0.3700,0.3700,0.3700,0.3700,0,0
D,2014-07-21,0.3700,0.3700,0.3700,0.3700,0,0
D,2014-07-18,0.3700,0.3700,0.3700,0.3700,0,0
D,2014-07-17,0.3700,0.3700,0.3700,0.3700,45,0
D,2014-07-16,0.3700,0.4000,0.3600,0.3600,480,0
D,2014-07-14,0.3700,0.3700,0.3700,0.3700,0,0
D,2014-07-11,0.3700,0.3700,0.3700,0.3700,310,0
D,2014-07-10,0.3600,0.3600,0.3600,0.3600,60,0
D,2014-07-09,0.3700,0.3700,0.3700,0.3700,0,0
D,2014-07-08,0.3700,0.3700,0.3700,0.3700,0,0
D,2014-07-07,0.3500,0.3700,0.3500,0.3700,292,0
D,2014-07-04,0.3500,0.3500,0.3500,0.3500,60,0
D,2014-07-03,0.3500,0.3600,0.3500,0.3600,394,0
D,2014-07-02,0.4000,0.4000,0.4000,0.4000,0,0
D,2014-07-01,0.4000,0.4000,0.4000,0.4000,0,0
D,2014-06-30,0.4000,0.4000,0.4000,0.4000,0,0
D,2014-06-27,0.4000,0.4000,0.4000,0.4000,0,0
D,2014-06-26,0.4000,0.4000,0.4000,0.4000,0,0
D,2014-06-25,0.3350,0.4000,0.3350,0.4000,121,0
D,2014-06-24,0.3300,0.3300,0.3300,0.3300,0,0
D,2014-06-23,0.3300,0.3300,0.3300,0.3300,0,0
D,2014-06-20,0.3300,0.3300,0.3300,0.3300,0,0
D,2014-06-19,0.3300,0.3300,0.3300,0.3300,0,0
D,2014-06-18,0.3300,0.3300,0.3300,0.3300,0,0
D,2014-06-17,0.3300,0.3300,0.3300,0.3300,0,0
D,2014-06-16,0.3300,0.3300,0.3300,0.3300,30,0
D,2014-06-13,0.3250,0.3250,0.3250,0.3250,234,0
D,2014-06-12,0.3250,0.3250,0.3250,0.3250,0,0
D,2014-06-11,0.3250,0.3250,0.3250,0.3250,252,0
D,2014-06-10,0.3200,0.3200,0.3200,0.3200,0,0
D,2014-06-09,0.3200,0.3200,0.3200,0.3200,0,0
D,2014-06-06,0.3200,0.3200,0.3200,0.3200,0,0
D,2014-06-05,0.3300,0.3300,0.3200,0.3200,240,0
D,2014-06-04,0.3200,0.3200,0.3200,0.3200,0,0
D,2014-06-03,0.3200,0.3200,0.3200,0.3200,0,0
D,2014-06-02,0.3200,0.3200,0.3200,0.3200,0,0
D,2014-05-30,0.3200,0.3200,0.3200,0.3200,0,0
D,2014-05-29,0.3200,0.3200,0.3200,0.3200,180,0
D,2014-05-28,0.3200,0.3200,0.3200,0.3200,0,0
D,2014-05-27,0.3200,0.3200,0.3200,0.3200,0,0
D,2014-05-26,0.3200,0.3200,0.3200,0.3200,0,0
D,2014-05-23,0.3200,0.3200,0.3200,0.3200,0,0
D,2014-05-22,0.3200,0.3200,0.3200,0.3200,60,0
D,2014-05-21,0.3200,0.3200,0.3200,0.3200,0,0
D,2014-05-20,0.3200,0.3200,0.3200,0.3200,0,0
D,2014-05-19,0.3200,0.3200,0.3200,0.3200,0,0
D,2014-05-16,0.3200,0.3200,0.3200,0.3200,0,0
D,2014-05-15,0.3200,0.3200,0.3200,0.3200,0,0
D,2014-05-14,0.3200,0.3200,0.3200,0.3200,0,0
D,2014-05-12,0.3200,0.3200,0.3200,0.3200,0,0
D,2014-05-09,0.3200,0.3200,0.3200,0.3200,0,0
D,2014-05-08,0.3200,0.3200,0.3200,0.3200,0,0
D,2014-05-07,0.3200,0.3200,0.3200,0.3200,0,0
D,2014-05-06,0.3200,0.3200,0.3200,0.3200,0,0
D,2014-05-05,0.3200,0.3200,0.3200,0.3200,20,0
D,2014-05-02,0.3200,0.3200,0.3200,0.3200,0,0
D,2014-04-30,0.3200,0.3200,0.3200,0.3200,0,0
D,2014-04-29,0.3200,0.3200,0.3200,0.3200,1050,0
D,2014-04-28,0.3200,0.3200,0.3200,0.3200,0,0
D,2014-04-25,0.3200,0.3200,0.3200,0.3200,0,0
D,2014-04-24,0.3200,0.3200,0.3200,0.3200,36,0
D,2014-04-23,0.3400,0.3550,0.3400,0.3500,5270,0
D,2014-04-22,0.3300,0.3300,0.3300,0.3300,110,0
D,2014-04-21,0.3150,0.3150,0.3150,0.3150,0,0
D,2014-04-18,0.3150,0.3150,0.3150,0.3150,0,0
D,2014-04-17,0.3150,0.3150,0.3150,0.3150,0,0
D,2014-04-16,0.3150,0.3150,0.3150,0.3150,300,0
D,2014-04-15,0.3150,0.3150,0.3150,0.3150,0,0
D,2014-04-14,0.3150,0.3150,0.3150,0.3150,0,0
D,2014-04-11,0.3150,0.3150,0.3150,0.3150,0,0
D,2014-04-10,0.3150,0.3150,0.3150,0.3150,0,0
D,2014-04-09,0.3150,0.3150,0.3150,0.3150,0,0
D,2014-04-08,0.3150,0.3150,0.3150,0.3150,0,0
D,2014-04-07,0.3150,0.3150,0.3150,0.3150,0,0
D,2014-04-04,0.3150,0.3150,0.3150,0.3150,0,0
D,2014-04-03,0.3150,0.3150,0.3150,0.3150,0,0
D,2014-04-02,0.3150,0.3150,0.3150,0.3150,0,0
D,2014-04-01,0.3150,0.3150,0.3150,0.3150,60,0
D,2014-03-31,0.3100,0.3100,0.3100,0.3100,0,0
D,2014-03-28,0.3100,0.3100,0.3100,0.3100,0,0
D,2014-03-27,0.3100,0.3100,0.3100,0.3100,195,0
D,2014-03-26,0.3200,0.3200,0.3200,0.3200,0,0
D,2014-03-25,0.3200,0.3200,0.3200,0.3200,100,0
D,2014-03-24,0.3100,0.3100,0.3100,0.3100,18,0
D,2014-03-21,0.3150,0.3200,0.3150,0.3200,230,0
D,2014-03-20,0.3100,0.3100,0.3100,0.3100,931,0
D,2014-03-19,0.3100,0.3100,0.3100,0.3100,0,0
D,2014-03-18,0.3100,0.3100,0.3100,0.3100,0,0
D,2014-03-17,0.3100,0.3100,0.3100,0.3100,0,0
D,2014-03-14,0.3050,0.3100,0.3050,0.3100,402,0
D,2014-03-13,0.3050,0.3050,0.3050,0.3050,0,0
D,2014-03-12,0.3050,0.3050,0.3050,0.3050,0,0
D,2014-03-11,0.3050,0.3050,0.3050,0.3050,0,0
D,2014-03-10,0.3050,0.3050,0.3050,0.3050,0,0
D,2014-03-07,0.3050,0.3050,0.3050,0.3050,0,0
D,2014-03-06,0.3050,0.3050,0.3050,0.3050,30,0
D,2014-03-05,0.3100,0.3100,0.3100,0.3100,0,0
D,2014-03-04,0.3100,0.3100,0.3100,0.3100,0,0
D,2014-03-03,0.3100,0.3100,0.3100,0.3100,0,0
D,2014-02-28,0.3100,0.3100,0.3100,0.3100,0,0
D,2014-02-27,0.3100,0.3100,0.3100,0.3100,0,0
D,2014-02-26,0.3100,0.3100,0.3100,0.3100,0,0
D,2014-02-25,0.3100,0.3100,0.3100,0.3100,0,0
D,2014-02-24,0.3100,0.3100,0.3100,0.3100,0,0
D,2014-02-21,0.3100,0.3100,0.3100,0.3100,0,0
D,2014-02-20,0.3100,0.3100,0.3100,0.3100,0,0
D,2014-02-19,0.3100,0.3100,0.3100,0.3100,631,0
D,2014-02-18,0.2950,0.2950,0.2950,0.2950,0,0
D,2014-02-17,0.2950,0.2950,0.2950,0.2950,30,0
D,2014-02-14,0.3000,0.3000,0.3000,0.3000,0,0
D,2014-02-13,0.3000,0.3000,0.3000,0.3000,0,0
D,2014-02-12,0.3000,0.3000,0.3000,0.3000,0,0
D,2014-02-11,0.3000,0.3000,0.3000,0.3000,0,0
D,2014-02-10,0.3000,0.3000,0.3000,0.3000,0,0
D,2014-02-07,0.3000,0.3000,0.3000,0.3000,0,0
D,2014-02-06,0.3000,0.3000,0.3000,0.3000,0,0
D,2014-02-05,0.3000,0.3000,0.3000,0.3000,0,0
D,2014-02-04,0.3000,0.3000,0.3000,0.3000,0,0
D,2014-01-30,0.3000,0.3000,0.3000,0.3000,0,0
D,2014-01-29,0.3000,0.3000,0.3000,0.3000,0,0
D,2014-01-28,0.3000,0.3000,0.3000,0.3000,0,0
D,2014-01-27,0.3000,0.3000,0.3000,0.3000,0,0
D,2014-01-24,0.3000,0.3000,0.3000,0.3000,60,0
D,2014-01-23,0.3000,0.3000,0.3000,0.3000,0,0
D,2014-01-22,0.3000,0.3000,0.3000,0.3000,0,0
D,2014-01-21,0.3000,0.3000,0.3000,0.3000,90,0
D,2014-01-20,0.3100,0.3100,0.3100,0.3100,90,0
D,2014-01-16,0.3150,0.3150,0.3150,0.3150,0,0
D,2014-01-15,0.3150,0.3150,0.3150,0.3150,0,0
D,2014-01-13,0.3150,0.3150,0.3150,0.3150,0,0
D,2014-01-10,0.3150,0.3150,0.3150,0.3150,0,0
D,2014-01-09,0.3150,0.3150,0.3150,0.3150,0,0
D,2014-01-08,0.3100,0.3150,0.3100,0.3150,450,0
D,2014-01-07,0.2900,0.2900,0.2900,0.2900,0,0
D,2014-01-06,0.2900,0.2900,0.2900,0.2900,0,0
D,2014-01-03,0.2900,0.2900,0.2900,0.2900,0,0
D,2014-01-02,0.2900,0.2900,0.2900,0.2900,0,0
D,2013-12-31,0.2900,0.2900,0.2900,0.2900,0,0
D,2013-12-30,0.2900,0.2900,0.2900,0.2900,0,0
D,2013-12-27,0.2900,0.2900,0.2900,0.2900,0,0
D,2013-12-26,0.2900,0.2900,0.2900,0.2900,0,0
D,2013-12-24,0.2900,0.2900,0.2900,0.2900,0,0
D,2013-12-23,0.2900,0.2900,0.2900,0.2900,0,0
D,2013-12-20,0.2900,0.2900,0.2900,0.2900,0,0
D,2013-12-19,0.2900,0.2900,0.2900,0.2900,0,0
D,2013-12-18,0.2900,0.2900,0.2900,0.2900,0,0
D,2013-12-17,0.2900,0.2900,0.2900,0.2900,120,0
D,2013-12-16,0.3000,0.3000,0.3000,0.3000,120,0
D,2013-12-13,0.3200,0.3200,0.3200,0.3200,0,0
D,2013-12-12,0.3200,0.3200,0.3200,0.3200,0,0
D,2013-12-11,0.3200,0.3200,0.3200,0.3200,0,0
D,2013-12-10,0.3200,0.3200,0.3200,0.3200,0,0
D,2013-12-09,0.3200,0.3200,0.3200,0.3200,0,0
D,2013-12-06,0.3200,0.3200,0.3200,0.3200,0,0
D,2013-12-05,0.3200,0.3200,0.3200,0.3200,0,0
D,2013-12-04,0.3200,0.3200,0.3200,0.3200,0,0
D,2013-12-03,0.3200,0.3200,0.3200,0.3200,0,0
D,2013-12-02,0.3200,0.3200,0.3200,0.3200,0,0
D,2013-11-29,0.3200,0.3200,0.3200,0.3200,0,0
D,2013-11-28,0.3200,0.3200,0.3200,0.3200,0,0
D,2013-11-27,0.3200,0.3200,0.3200,0.3200,0,0
D,2013-11-26,0.3200,0.3200,0.3200,0.3200,0,0
D,2013-11-25,0.3400,0.3400,0.3400,0.3400,0,0
D,2013-11-22,0.3400,0.3400,0.3350,0.3400,1456,0
D,2013-11-21,0.3400,0.3400,0.3400,0.3400,0,0
D,2013-11-20,0.3400,0.3400,0.3400,0.3400,0,0
D,2013-11-19,0.3400,0.3400,0.3400,0.3400,0,0
D,2013-11-18,0.3400,0.3400,0.3400,0.3400,24,0
D,2013-11-15,0.3450,0.3450,0.3450,0.3450,0,0
D,2013-11-14,0.3450,0.3450,0.3450,0.3450,500,0
D,2013-11-13,0.3200,0.3200,0.3200,0.3200,0,0
D,2013-11-12,0.3200,0.3200,0.3200,0.3200,0,0
D,2013-11-11,0.3200,0.3200,0.3200,0.3200,0,0
D,2013-11-08,0.3200,0.3200,0.3200,0.3200,0,0
D,2013-11-07,0.3200,0.3200,0.3200,0.3200,0,0
D,2013-11-06,0.3200,0.3200,0.3200,0.3200,0,0
D,2013-11-04,0.3200,0.3200,0.3200,0.3200,0,0
D,2013-11-01,0.3200,0.3200,0.3200,0.3200,0,0
D,2013-10-31,0.3200,0.3200,0.3200,0.3200,0,0
D,2013-10-30,0.3200,0.3200,0.3200,0.3200,0,0
D,2013-10-29,0.3200,0.3200,0.3200,0.3200,160,0
D,2013-10-28,0.3200,0.3200,0.3200,0.3200,0,0
D,2013-10-25,0.3200,0.3200,0.3200,0.3200,0,0
D,2013-10-24,0.3200,0.3200,0.3200,0.3200,0,0
D,2013-10-23,0.3200,0.3200,0.3200,0.3200,0,0
D,2013-10-22,0.3200,0.3200,0.3200,0.3200,0,0
D,2013-10-21,0.3200,0.3200,0.3200,0.3200,60,0
D,2013-10-18,0.3100,0.3100,0.3100,0.3100,0,0
D,2013-10-17,0.3100,0.3100,0.3100,0.3100,0,0
D,2013-10-16,0.3100,0.3100,0.3100,0.3100,0,0
D,2013-10-14,0.3100,0.3100,0.3100,0.3100,0,0
D,2013-10-11,0.3100,0.3100,0.3100,0.3100,240,0
D,2013-10-10,0.3100,0.3100,0.3100,0.3100,264,0
D,2013-10-09,0.3100,0.3100,0.3100,0.3100,0,0
D,2013-10-08,0.3100,0.3100,0.3100,0.3100,0,0
D,2013-10-07,0.3100,0.3100,0.3100,0.3100,90,0
D,2013-10-04,0.3100,0.3100,0.3100,0.3100,132,0
D,2013-10-03,0.3200,0.3200,0.3200,0.3200,120,0
D,2013-10-02,0.3100,0.3100,0.3100,0.3100,0,0
D,2013-10-01,0.3100,0.3100,0.3100,0.3100,30,0
D,2013-09-30,0.3100,0.3100,0.3100,0.3100,0,0
D,2013-09-27,0.3100,0.3100,0.3100,0.3100,0,0
D,2013-09-26,0.3100,0.3100,0.3100,0.3100,0,0
D,2013-09-25,0.3100,0.3100,0.3100,0.3100,0,0
D,2013-09-24,0.3100,0.3100,0.3100,0.3100,0,0
D,2013-09-23,0.3100,0.3100,0.3100,0.3100,0,0
D,2013-09-20,0.3100,0.3100,0.3100,0.3100,0,0
D,2013-09-19,0.3100,0.3100,0.3100,0.3100,0,0
D,2013-09-18,0.3100,0.3100,0.3100,0.3100,300,0
D,2013-09-17,0.3100,0.3100,0.3100,0.3100,24,0
D,2013-09-13,0.3100,0.3100,0.3100,0.3100,0,0
D,2013-09-12,0.3100,0.3100,0.3100,0.3100,90,0
D,2013-09-11,0.3100,0.3100,0.3100,0.3100,0,0
D,2013-09-10,0.3100,0.3100,0.3100,0.3100,0,0
D,2013-09-09,0.3100,0.3100,0.3100,0.3100,0,0
D,2013-09-06,0.3100,0.3100,0.3100,0.3100,0,0
D,2013-09-05,0.3100,0.3100,0.3100,0.3100,0,0
D,2013-09-04,0.3100,0.3100,0.3100,0.3100,675,0
D,2013-09-03,0.3100,0.3100,0.3100,0.3100,0,0
D,2013-09-02,0.3150,0.3150,0.3000,0.3100,2100,0
D,2013-08-30,0.3150,0.3150,0.3150,0.3150,0,0
D,2013-08-29,0.3150,0.3150,0.3150,0.3150,0,0
D,2013-08-28,0.3150,0.3150,0.3150,0.3150,120,0
D,2013-08-27,0.3100,0.3100,0.3100,0.3100,1380,0
D,2013-08-26,0.3100,0.3100,0.3100,0.3100,0,0
D,2013-08-23,0.3100,0.3100,0.3100,0.3100,0,0
D,2013-08-22,0.3100,0.3100,0.3100,0.3100,510,0
D,2013-08-21,0.3050,0.3050,0.3050,0.3050,0,0
D,2013-08-20,0.3050,0.3050,0.3050,0.3050,228,0
D,2013-08-19,0.3000,0.3000,0.3000,0.3000,0,0
D,2013-08-16,0.3000,0.3000,0.3000,0.3000,0,0
D,2013-08-15,0.3400,0.3400,0.3000,0.3000,60,0
D,2013-08-14,0.3100,0.3100,0.3100,0.3100,0,0
D,2013-08-13,0.3100,0.3100,0.3100,0.3100,0,0
D,2013-08-12,0.3100,0.3100,0.3100,0.3100,0,0
D,2013-08-07,0.3100,0.3100,0.3100,0.3100,12,0
D,2013-08-06,0.3200,0.3200,0.3200,0.3200,60,0
D,2013-08-05,0.3150,0.3150,0.3150,0.3150,0,0
D,2013-08-02,0.3150,0.3150,0.3150,0.3150,0,0
D,2013-08-01,0.3150,0.3150,0.3150,0.3150,0,0
D,2013-07-31,0.3150,0.3150,0.3150,0.3150,0,0
D,2013-07-30,0.3150,0.3150,0.3150,0.3150,0,0
D,2013-07-29,0.3150,0.3150,0.3150,0.3150,0,0
D,2013-07-26,0.3150,0.3150,0.3150,0.3150,0,0
D,2013-07-25,0.3150,0.3150,0.3150,0.3150,0,0
D,2013-07-24,0.3150,0.3150,0.3150,0.3150,0,0
D,2013-07-23,0.3150,0.3150,0.3150,0.3150,0,0
D,2013-07-22,0.3150,0.3150,0.3150,0.3150,0,0
D,2013-07-19,0.3150,0.3150,0.3150,0.3150,0,0
D,2013-07-18,0.3150,0.3150,0.3150,0.3150,0,0
D,2013-07-17,0.3150,0.3150,0.3150,0.3150,12,0
D,2013-07-16,0.3200,0.3200,0.3200,0.3200,0,0
D,2013-07-15,0.3200,0.3200,0.3200,0.3200,0,0
D,2013-07-12,0.3200,0.3200,0.3200,0.3200,0,0
D,2013-07-11,0.3200,0.3200,0.3200,0.3200,0,0
D,2013-07-10,0.3200,0.3200,0.3200,0.3200,0,0
D,2013-07-09,0.3200,0.3200,0.3200,0.3200,0,0
D,2013-07-08,0.3200,0.3200,0.3200,0.3200,0,0
D,2013-07-05,0.3200,0.3200,0.3200,0.3200,0,0
D,2013-07-04,0.3200,0.3200,0.3200,0.3200,0,0
D,2013-07-03,0.3200,0.3200,0.3200,0.3200,0,0
D,2013-07-02,0.3200,0.3200,0.3200,0.3200,0,0
D,2013-07-01,0.3200,0.3200,0.3200,0.3200,0,0
D,2013-06-28,0.3200,0.3200,0.3200,0.3200,0,0
D,2013-06-27,0.3200,0.3200,0.3200,0.3200,0,0
D,2013-06-26,0.3200,0.3200,0.3200,0.3200,0,0
D,2013-06-25,0.3200,0.3200,0.3200,0.3200,60,0
D,2013-06-24,0.3200,0.3200,0.3200,0.3200,300,0
D,2013-06-21,0.3200,0.3200,0.3200,0.3200,0,0
D,2013-06-20,0.3200,0.3200,0.3200,0.3200,30,0
D,2013-06-19,0.3200,0.3200,0.3200,0.3200,0,0
D,2013-06-18,0.3200,0.3200,0.3200,0.3200,0,0
D,2013-06-17,0.3200,0.3200,0.3200,0.3200,120,0
D,2013-06-14,0.3200,0.3200,0.3200,0.3200,120,0
D,2013-06-13,0.3200,0.3200,0.3200,0.3200,120,0
D,2013-06-12,0.3250,0.3250,0.3250,0.3250,0,0
D,2013-06-11,0.3250,0.3250,0.3250,0.3250,0,0
D,2013-06-10,0.3250,0.3250,0.3250,0.3250,0,0
D,2013-06-07,0.3250,0.3250,0.3250,0.3250,0,0
D,2013-06-06,0.3250,0.3250,0.3250,0.3250,50,0
D,2013-06-05,0.3250,0.3250,0.3250,0.3250,50,0
D,2013-06-04,0.3400,0.3400,0.3400,0.3400,26,0
D,2013-06-03,0.3200,0.3200,0.3200,0.3200,0,0
D,2013-05-31,0.3200,0.3200,0.3200,0.3200,120,0
D,2013-05-30,0.3200,0.3200,0.3200,0.3200,0,0
D,2013-05-29,0.3200,0.3200,0.3200,0.3200,0,0
D,2013-05-28,0.3200,0.3200,0.3200,0.3200,791,0
D,2013-05-27,0.3250,0.3250,0.3250,0.3250,0,0
D,2013-05-23,0.3250,0.3250,0.3250,0.3250,0,0
D,2013-05-22,0.3250,0.3250,0.3250,0.3250,0,0
D,2013-05-21,0.3300,0.3300,0.3250,0.3250,90,0
D,2013-05-20,0.3250,0.3250,0.3250,0.3250,126,0
D,2013-05-17,0.3200,0.3200,0.3200,0.3200,0,0
D,2013-05-16,0.3250,0.3250,0.3200,0.3200,879,0
D,2013-05-15,0.3200,0.3200,0.3200,0.3200,200,0
D,2013-05-14,0.3250,0.3250,0.3150,0.3150,526,0
D,2013-05-13,0.3200,0.3200,0.3200,0.3200,0,0
D,2013-05-10,0.3350,0.3350,0.3200,0.3200,30,0
D,2013-05-09,0.3150,0.3150,0.3150,0.3150,0,0
D,2013-05-08,0.3150,0.3150,0.3150,0.3150,0,0
D,2013-05-07,0.3150,0.3150,0.3150,0.3150,230,0
D,2013-05-06,0.3150,0.3150,0.3150,0.3150,0,0
D,2013-05-03,0.3150,0.3150,0.3150,0.3150,0,0
D,2013-05-02,0.3150,0.3150,0.3150,0.3150,0,0
D,2013-04-30,0.3200,0.3200,0.3150,0.3150,560,0
D,2013-04-29,0.3200,0.3200,0.3200,0.3200,600,0
D,2013-04-26,0.3200,0.3200,0.3200,0.3200,0,0
D,2013-04-25,0.3200,0.3200,0.3200,0.3200,0,0
D,2013-04-24,0.3150,0.3250,0.3150,0.3200,263,0
D,2013-04-23,0.3250,0.3250,0.3250,0.3250,10,0
D,2013-04-22,0.3300,0.3300,0.3300,0.3300,0,0
D,2013-04-19,0.3300,0.3300,0.3300,0.3300,1,0
D,2013-04-18,0.3200,0.3250,0.3200,0.3250,568,0
D,2013-04-17,0.3150,0.3150,0.3150,0.3150,0,0
D,2013-04-16,0.3150,0.3150,0.3150,0.3150,0,0
D,2013-04-15,0.3150,0.3150,0.3150,0.3150,12,0
D,2013-04-12,0.3200,0.3200,0.3200,0.3200,144,0
D,2013-04-11,0.3200,0.3200,0.3200,0.3200,50,0
D,2013-04-10,0.3200,0.3200,0.3200,0.3200,0,0
D,2013-04-09,0.3250,0.3250,0.3200,0.3200,700,0
D,2013-04-08,0.3200,0.3200,0.3200,0.3200,0,0
D,2013-04-05,0.3200,0.3200,0.3200,0.3200,0,0
D,2013-04-04,0.3200,0.3200,0.3200,0.3200,100,0
D,2013-04-03,0.3200,0.3200,0.3200,0.3200,250,0
D,2013-04-02,0.3250,0.3250,0.3250,0.3250,0,0
D,2013-04-01,0.3250,0.3250,0.3250,0.3250,100,0
D,2013-03-29,0.3300,0.3300,0.3300,0.3300,0,0
D,2013-03-28,0.3300,0.3300,0.3300,0.3300,60,0
D,2013-03-27,0.3250,0.3250,0.3250,0.3250,500,0
D,2013-03-26,0.3250,0.3250,0.3250,0.3250,550,0
D,2013-03-25,0.3250,0.3250,0.3250,0.3250,0,0
D,2013-03-22,0.3250,0.3250,0.3250,0.3250,0,0
D,2013-03-21,0.3250,0.3250,0.3200,0.3250,878,0
D,2013-03-20,0.3350,0.3350,0.3300,0.3300,1192,0
D,2013-03-19,0.3250,0.3250,0.3250,0.3250,980,0
D,2013-03-18,0.3500,0.3500,0.3500,0.3500,0,0
D,2013-03-15,0.3500,0.3500,0.3500,0.3500,300,0
D,2013-03-14,0.3550,0.3600,0.3550,0.3600,150,0
D,2013-03-13,0.3600,0.3600,0.3600,0.3600,0,0
D,2013-03-12,0.3600,0.3600,0.3600,0.3600,0,0
D,2013-03-11,0.3600,0.3600,0.3600,0.3600,0,0
D,2013-03-08,0.3500,0.3600,0.3500,0.3600,208,0
D,2013-03-07,0.3200,0.3200,0.3200,0.3200,108,0
D,2013-03-06,0.3200,0.3200,0.3200,0.3200,0,0
D,2013-03-05,0.3200,0.3200,0.3200,0.3200,0,0
D,2013-03-04,0.3200,0.3200,0.3200,0.3200,0,0
D,2013-03-01,0.3200,0.3200,0.3200,0.3200,0,0
D,2013-02-28,0.3500,0.3500,0.3200,0.3200,300,0
D,2013-02-27,0.3500,0.3500,0.3500,0.3500,0,0
D,2013-02-26,0.3500,0.3500,0.3500,0.3500,0,0
D,2013-02-25,0.3500,0.3500,0.3500,0.3500,0,0
D,2013-02-22,0.3200,0.3500,0.3200,0.3500,101,0
D,2013-02-21,0.3200,0.3200,0.3200,0.3200,468,0
D,2013-02-20,0.3150,0.3150,0.3150,0.3150,120,0
D,2013-02-19,0.3150,0.3150,0.3150,0.3150,0,0
D,2013-02-18,0.3150,0.3150,0.3150,0.3150,0,0
D,2013-02-15,0.3150,0.3150,0.3150,0.3150,0,0
D,2013-02-14,0.3150,0.3150,0.3150,0.3150,30,0
D,2013-02-13,0.3500,0.3500,0.3500,0.3500,0,0
D,2013-02-08,0.3050,0.3500,0.3050,0.3500,750,0
D,2013-02-07,0.3200,0.3200,0.3000,0.3050,950,0
D,2013-02-06,0.3100,0.3100,0.3100,0.3100,20,0
D,2013-02-05,0.3200,0.3200,0.3200,0.3200,0,0
D,2013-02-04,0.3200,0.3200,0.3200,0.3200,30,0
D,2013-01-31,0.3400,0.3400,0.3400,0.3400,100,0
D,2013-01-30,0.3900,0.3900,0.3900,0.3900,0,0
D,2013-01-29,0.3900,0.3900,0.3900,0.3900,0,0
D,2013-01-25,0.3900,0.3900,0.3900,0.3900,0,0
D,2013-01-23,0.3900,0.3900,0.3900,0.3900,0,0
D,2013-01-22,0.3900,0.3900,0.3900,0.3900,0,0
D,2013-01-21,0.3900,0.3900,0.3900,0.3900,0,0
D,2013-01-18,0.3900,0.3900,0.3900,0.3900,0,0
D,2013-01-17,0.3900,0.3900,0.3900,0.3900,0,0
D,2013-01-16,0.3900,0.3900,0.3900,0.3900,0,0
D,2013-01-15,0.3900,0.3900,0.3900,0.3900,0,0
D,2013-01-14,0.3900,0.3900,0.3900,0.3900,0,0
D,2013-01-11,0.3900,0.3900,0.3900,0.3900,0,0
D,2013-01-10,0.3900,0.3900,0.3900,0.3900,0,0
D,2013-01-09,0.3900,0.3900,0.3900,0.3900,0,0
D,2013-01-08,0.3900,0.3900,0.3900,0.3900,0,0
D,2013-01-07,0.3900,0.3900,0.3900,0.3900,0,0
D,2013-01-04,0.3900,0.3900,0.3900,0.3900,0,0
D,2013-01-03,0.3900,0.3900,0.3900,0.3900,0,0
D,2013-01-02,0.3900,0.3900,0.3900,0.3900,0,0
D,2012-12-31,0.3900,0.3900,0.3900,0.3900,0,0
D,2012-12-28,0.3900,0.3900,0.3900,0.3900,0,0
D,2012-12-27,0.3900,0.3900,0.3900,0.3900,0,0
D,2012-12-26,0.3900,0.3900,0.3900,0.3900,0,0
D,2012-12-24,0.3900,0.3900,0.3900,0.3900,0,0
D,2012-12-21,0.3900,0.3900,0.3900,0.3900,1,0
D,2012-12-20,0.3600,0.3600,0.3600,0.3600,0,0
D,2012-12-19,0.3600,0.3600,0.3600,0.3600,59,0
D,2012-12-18,0.3600,0.3600,0.3600,0.3600,0,0
D,2012-12-17,0.3600,0.3600,0.3600,0.3600,0,0
D,2012-12-14,0.3600,0.3600,0.3600,0.3600,0,0
D,2012-12-13,0.3600,0.3600,0.3600,0.3600,0,0
D,2012-12-12,0.3600,0.3600,0.3600,0.3600,0,0
D,2012-12-11,0.3600,0.3600,0.3600,0.3600,0,0
D,2012-12-10,0.3600,0.3600,0.3600,0.3600,0,0
D,2012-12-07,0.3600,0.3600,0.3600,0.3600,0,0
D,2012-12-06,0.3600,0.3600,0.3600,0.3600,30,0
D,2012-12-05,0.3600,0.3600,0.3600,0.3600,0,0
D,2012-12-04,0.3600,0.3600,0.3600,0.3600,0,0
D,2012-12-03,0.3600,0.3600,0.3600,0.3600,180,0
D,2012-11-30,0.3300,0.3300,0.3300,0.3300,30,0
