D,2014-10-14,0.1200,0.1300,0.1200,0.1250,75336,0
D,2014-10-13,0.1300,0.1300,0.1250,0.1250,49440,0
D,2014-10-10,0.1300,0.1350,0.1300,0.1350,25901,0
D,2014-10-09,0.1350,0.1400,0.1300,0.1350,43801,0
D,2014-10-08,0.1400,0.1400,0.1300,0.1350,133719,0
D,2014-10-07,0.1500,0.1500,0.1400,0.1400,79143,0
D,2014-10-03,0.1500,0.1550,0.1450,0.1450,40657,0
D,2014-10-02,0.1600,0.1600,0.1500,0.1500,124034,0
D,2014-10-01,0.1600,0.1650,0.1550,0.1600,103140,0
D,2014-09-30,0.1650,0.1650,0.1600,0.1600,14433,0
D,2014-09-29,0.1600,0.1650,0.1600,0.1600,36186,0
D,2014-09-26,0.1600,0.1650,0.1600,0.1650,63491,0
D,2014-09-25,0.1700,0.1700,0.1600,0.1650,99061,0
D,2014-09-24,0.1650,0.1700,0.1600,0.1700,79314,0
D,2014-09-23,0.1650,0.1700,0.1600,0.1600,70101,0
D,2014-09-22,0.1650,0.1700,0.1600,0.1700,354624,0
D,2014-09-19,0.1650,0.1650,0.1600,0.1600,34011,0
D,2014-09-18,0.1600,0.1650,0.1550,0.1650,44126,0
D,2014-09-17,0.1650,0.1650,0.1550,0.1600,145669,0
D,2014-09-15,0.1700,0.1700,0.1650,0.1650,214872,0
D,2014-09-12,0.1700,0.1750,0.1700,0.1700,164474,0
D,2014-09-11,0.1750,0.1800,0.1700,0.1750,112695,0
D,2014-09-10,0.1750,0.1850,0.1750,0.1750,384646,0
D,2014-09-09,0.1700,0.1850,0.1650,0.1750,848658,0
D,2014-09-08,0.1650,0.1750,0.1600,0.1700,355806,0
D,2014-09-05,0.1650,0.1700,0.1650,0.1650,167725,0
D,2014-09-04,0.1700,0.1700,0.1600,0.1650,219332,0
D,2014-09-03,0.1650,0.1750,0.1600,0.1650,1140696,0
D,2014-09-02,0.1450,0.1650,0.1450,0.1600,611402,0
D,2014-08-29,0.1450,0.1500,0.1400,0.1400,66613,0
D,2014-08-28,0.1450,0.1500,0.1400,0.1500,68700,0
D,2014-08-27,0.1500,0.1550,0.1450,0.1450,113398,0
D,2014-08-26,0.1450,0.1700,0.1400,0.1500,1259892,0
D,2014-08-25,0.1300,0.1350,0.1250,0.1300,16467,0
D,2014-08-22,0.1350,0.1350,0.1250,0.1300,74909,0
D,2014-08-21,0.1300,0.1350,0.1250,0.1350,84543,0
D,2014-08-20,0.1200,0.1400,0.1200,0.1300,596661,0
D,2014-08-19,0.1200,0.1250,0.1200,0.1200,23669,0
D,2014-08-18,0.1200,0.1200,0.1200,0.1200,19551,0
D,2014-08-15,0.1200,0.1250,0.1200,0.1200,40256,0
D,2014-08-14,0.1150,0.1250,0.1150,0.1200,53669,0
D,2014-08-13,0.1150,0.1200,0.1150,0.1150,13990,0
D,2014-08-12,0.1150,0.1150,0.1100,0.1150,15051,0
D,2014-08-11,0.1200,0.1200,0.1150,0.1150,7511,0
D,2014-08-08,0.1250,0.1250,0.1100,0.1200,33890,0
D,2014-08-07,0.1150,0.1250,0.1150,0.1200,134257,0
D,2014-08-06,0.1150,0.1200,0.1150,0.1200,9660,0
D,2014-08-05,0.1200,0.1200,0.1150,0.1150,19171,0
D,2014-08-04,0.1100,0.1200,0.1100,0.1200,65179,0
D,2014-08-01,0.1100,0.1100,0.1100,0.1100,500,0
D,2014-07-31,0.1150,0.1150,0.1150,0.1150,19911,0
D,2014-07-30,0.1150,0.1150,0.1150,0.1150,14636,0
D,2014-07-25,0.1150,0.1150,0.1150,0.1150,32029,0
D,2014-07-24,0.1150,0.1200,0.1150,0.1150,8165,0
D,2014-07-23,0.1200,0.1200,0.1150,0.1200,26558,0
D,2014-07-22,0.1250,0.1250,0.1200,0.1250,30146,0
D,2014-07-21,0.1250,0.1250,0.1200,0.1250,80419,0
D,2014-07-18,0.1200,0.1250,0.1150,0.1250,24694,0
D,2014-07-17,0.1200,0.1300,0.1150,0.1250,148100,0
D,2014-07-16,0.1150,0.1200,0.1150,0.1200,38956,0
D,2014-07-14,0.1100,0.1150,0.1100,0.1150,9402,0
D,2014-07-11,0.1100,0.1150,0.1100,0.1100,4900,0
D,2014-07-10,0.1100,0.1150,0.1100,0.1150,10200,0
D,2014-07-09,0.1100,0.1100,0.1050,0.1100,3140,0
D,2014-07-08,0.1100,0.1150,0.1100,0.1150,3450,0
D,2014-07-07,0.1100,0.1100,0.1100,0.1100,5140,0
D,2014-07-04,0.1150,0.1150,0.1100,0.1150,8691,0
D,2014-07-03,0.1100,0.1150,0.1100,0.1150,15811,0
D,2014-07-02,0.1100,0.1100,0.1050,0.1100,4038,0
D,2014-07-01,0.1050,0.1050,0.1050,0.1050,30,0
D,2014-06-30,0.1100,0.1150,0.1100,0.1100,5709,0
D,2014-06-27,0.1100,0.1100,0.1100,0.1100,1451,0
D,2014-06-26,0.1100,0.1100,0.1100,0.1100,1151,0
D,2014-06-25,0.1100,0.1150,0.1100,0.1100,3821,0
D,2014-06-24,0.1150,0.1150,0.1050,0.1100,5718,0
D,2014-06-23,0.1100,0.1150,0.1050,0.1150,8442,0
D,2014-06-20,0.1050,0.1100,0.1050,0.1100,2050,0
D,2014-06-19,0.1100,0.1100,0.1050,0.1050,12751,0
D,2014-06-18,0.1050,0.1150,0.1050,0.1150,17554,0
D,2014-06-17,0.1100,0.1100,0.1050,0.1100,1870,0
D,2014-06-16,0.1050,0.1050,0.1050,0.1050,480,0
D,2014-06-13,0.1100,0.1100,0.1050,0.1050,9334,0
D,2014-06-12,0.1150,0.1150,0.1100,0.1100,31430,0
D,2014-06-11,0.1100,0.1200,0.1100,0.1150,31234,0
D,2014-06-10,0.1050,0.1100,0.1050,0.1050,1590,0
D,2014-06-09,0.1100,0.1100,0.1050,0.1100,2770,0
D,2014-06-06,0.1150,0.1150,0.1100,0.1100,2001,0
D,2014-06-05,0.1100,0.1100,0.1100,0.1100,0,0
D,2014-06-04,0.1100,0.1100,0.1100,0.1100,17901,0
D,2014-06-03,0.1050,0.1050,0.1050,0.1050,2730,0
D,2014-06-02,0.1100,0.1100,0.1050,0.1050,2921,0
D,2014-05-30,0.1050,0.1050,0.1050,0.1050,2530,0
D,2014-05-29,0.1050,0.1100,0.1050,0.1100,3360,0
D,2014-05-28,0.1100,0.1150,0.1100,0.1100,6160,0
D,2014-05-27,0.1100,0.1100,0.1100,0.1100,6700,0
D,2014-05-26,0.1100,0.1100,0.1050,0.1050,4930,0
D,2014-05-23,0.1050,0.1050,0.1050,0.1050,1880,0
D,2014-05-22,0.1050,0.1050,0.1050,0.1050,30,0
D,2014-05-21,0.1100,0.1100,0.1050,0.1050,5438,0
D,2014-05-20,0.1100,0.1100,0.1050,0.1100,10600,0
D,2014-05-19,0.1050,0.1050,0.1050,0.1050,700,0
D,2014-05-16,0.1050,0.1050,0.1050,0.1050,1430,0
D,2014-05-15,0.1050,0.1050,0.1050,0.1050,1300,0
D,2014-05-14,0.1100,0.1100,0.1100,0.1100,4100,0
D,2014-05-12,0.1100,0.1100,0.1050,0.1050,2700,0
D,2014-05-09,0.1100,0.1150,0.1050,0.1100,13352,0
D,2014-05-08,0.1100,0.1150,0.1050,0.1100,7197,0
D,2014-05-07,0.1050,0.1100,0.1050,0.1050,3624,0
D,2014-05-06,0.1100,0.1100,0.1050,0.1050,12950,0
D,2014-05-05,0.1100,0.1100,0.1050,0.1050,3680,0
D,2014-05-02,0.1100,0.1100,0.1050,0.1100,2800,0
D,2014-04-30,0.1100,0.1100,0.1100,0.1100,100,0
D,2014-04-29,0.1100,0.1100,0.1050,0.1100,35000,0
D,2014-04-28,0.1150,0.1150,0.1100,0.1100,3300,0
D,2014-04-25,0.1150,0.1150,0.1100,0.1100,15913,0
D,2014-04-24,0.1100,0.1150,0.1100,0.1150,13460,0
D,2014-04-23,0.1150,0.1150,0.1100,0.1100,8758,0
D,2014-04-22,0.1150,0.1150,0.1100,0.1100,2660,0
D,2014-04-21,0.1150,0.1200,0.1150,0.1150,34213,0
D,2014-04-18,0.1150,0.1150,0.1100,0.1100,8403,0
D,2014-04-17,0.1100,0.1100,0.1100,0.1100,5377,0
D,2014-04-16,0.1100,0.1150,0.1100,0.1150,35970,0
D,2014-04-15,0.1050,0.1050,0.1050,0.1050,7427,0
D,2014-04-14,0.1050,0.1050,0.1000,0.1050,11031,0
D,2014-04-11,0.1100,0.1100,0.1050,0.1050,5370,0
D,2014-04-10,0.1050,0.1100,0.1050,0.1050,4737,0
D,2014-04-09,0.1050,0.1100,0.1000,0.1100,21760,0
D,2014-04-08,0.1050,0.1050,0.1050,0.1050,3039,0
D,2014-04-07,0.1050,0.1050,0.1050,0.1050,3636,0
D,2014-04-04,0.1050,0.1100,0.1050,0.1050,14206,0
D,2014-04-03,0.1050,0.1050,0.1050,0.1050,2700,0
D,2014-04-02,0.1050,0.1050,0.1050,0.1050,3826,0
D,2014-04-01,0.1050,0.1050,0.1000,0.1050,15996,0
D,2014-03-31,0.1050,0.1100,0.1050,0.1050,7650,0
D,2014-03-28,0.1050,0.1050,0.1050,0.1050,2050,0
D,2014-03-27,0.1050,0.1050,0.1050,0.1050,7400,0
D,2014-03-26,0.1050,0.1050,0.1050,0.1050,3622,0
D,2014-03-25,0.1050,0.1100,0.1050,0.1050,26499,0
D,2014-03-24,0.1050,0.1050,0.1050,0.1050,3470,0
D,2014-03-21,0.1050,0.1100,0.1050,0.1100,6401,0
D,2014-03-20,0.1100,0.1100,0.1050,0.1050,5260,0
D,2014-03-19,0.1100,0.1100,0.1050,0.1100,5910,0
D,2014-03-18,0.1100,0.1100,0.1100,0.1100,3000,0
D,2014-03-17,0.1100,0.1100,0.1100,0.1100,2400,0
D,2014-03-14,0.1100,0.1100,0.1050,0.1100,40976,0
D,2014-03-13,0.1100,0.1150,0.1100,0.1150,1140,0
D,2014-03-12,0.1100,0.1100,0.1100,0.1100,944,0
D,2014-03-11,0.1100,0.1100,0.1100,0.1100,5720,0
D,2014-03-10,0.1100,0.1150,0.1100,0.1150,9550,0
D,2014-03-07,0.1100,0.1100,0.1100,0.1100,640,0
D,2014-03-06,0.1100,0.1150,0.1100,0.1150,1944,0
D,2014-03-05,0.1100,0.1150,0.1100,0.1100,2480,0
D,2014-03-04,0.1150,0.1150,0.1100,0.1100,420,0
D,2014-03-03,0.1100,0.1150,0.1100,0.1150,27853,0
D,2014-02-28,0.1100,0.1150,0.1100,0.1150,14111,0
D,2014-02-27,0.1100,0.1150,0.1100,0.1100,11493,0
D,2014-02-26,0.1150,0.1150,0.1100,0.1100,2110,0
D,2014-02-25,0.1200,0.1200,0.1150,0.1150,34520,0
D,2014-02-24,0.1150,0.1250,0.1150,0.1200,32654,0
D,2014-02-21,0.1150,0.1150,0.1150,0.1150,7900,0
D,2014-02-20,0.1150,0.1150,0.1150,0.1150,10759,0
D,2014-02-19,0.1150,0.1200,0.1100,0.1200,11783,0
D,2014-02-18,0.1150,0.1150,0.1150,0.1150,19171,0
D,2014-02-17,0.1150,0.1150,0.1100,0.1150,8432,0
D,2014-02-14,0.1100,0.1150,0.1100,0.1150,13850,0
D,2014-02-13,0.1150,0.1150,0.1100,0.1100,5570,0
D,2014-02-12,0.1150,0.1150,0.1100,0.1100,740,0
D,2014-02-11,0.1100,0.1200,0.1100,0.1200,25361,0
D,2014-02-10,0.1100,0.1100,0.1100,0.1100,14150,0
D,2014-02-07,0.1050,0.1150,0.1050,0.1100,13540,0
D,2014-02-06,0.1050,0.1100,0.1050,0.1100,5370,0
D,2014-02-05,0.1050,0.1050,0.1050,0.1050,2500,0
D,2014-02-04,0.1100,0.1100,0.1050,0.1050,2330,0
D,2014-01-30,0.1100,0.1100,0.1100,0.1100,3000,0
D,2014-01-29,0.1100,0.1100,0.1050,0.1100,20577,0
D,2014-01-28,0.1100,0.1100,0.1050,0.1100,6872,0
D,2014-01-27,0.1100,0.1100,0.1050,0.1100,1310,0
D,2014-01-24,0.1100,0.1100,0.1050,0.1100,11582,0
D,2014-01-23,0.1100,0.1100,0.1100,0.1100,32360,0
D,2014-01-22,0.1100,0.1100,0.1100,0.1100,8220,0
D,2014-01-21,0.1100,0.1150,0.1100,0.1150,10154,0
D,2014-01-20,0.1150,0.1150,0.1100,0.1100,1890,0
D,2014-01-16,0.1100,0.1200,0.1100,0.1150,37904,0
D,2014-01-15,0.1150,0.1150,0.1100,0.1100,5771,0
D,2014-01-13,0.1150,0.1150,0.1150,0.1150,3151,0
D,2014-01-10,0.1150,0.1200,0.1150,0.1200,10711,0
D,2014-01-09,0.1150,0.1200,0.1150,0.1200,6514,0
D,2014-01-08,0.1150,0.1200,0.1150,0.1200,26645,0
D,2014-01-07,0.1150,0.1200,0.1150,0.1200,22462,0
D,2014-01-06,0.1100,0.1150,0.1100,0.1150,12018,0
D,2014-01-03,0.1050,0.1150,0.1050,0.1150,32827,0
D,2014-01-02,0.1100,0.1100,0.1100,0.1100,24556,0
D,2013-12-31,0.1100,0.1100,0.1100,0.1100,8190,0
D,2013-12-30,0.1100,0.1100,0.1100,0.1100,4732,0
D,2013-12-27,0.1150,0.1150,0.1100,0.1100,9098,0
D,2013-12-26,0.1100,0.1150,0.1100,0.1100,29532,0
D,2013-12-24,0.1100,0.1100,0.1100,0.1100,6220,0
D,2013-12-23,0.1100,0.1100,0.1100,0.1100,4100,0
D,2013-12-20,0.1100,0.1150,0.1100,0.1100,3371,0
D,2013-12-19,0.1100,0.1150,0.1100,0.1100,2549,0
D,2013-12-18,0.1150,0.1150,0.1100,0.1100,42742,0
D,2013-12-17,0.1200,0.1200,0.1150,0.1200,3580,0
D,2013-12-16,0.1150,0.1200,0.1150,0.1150,9978,0
D,2013-12-13,0.1150,0.1200,0.1150,0.1200,2860,0
D,2013-12-12,0.1150,0.1150,0.1150,0.1150,2810,0
D,2013-12-11,0.1200,0.1200,0.1150,0.1150,21264,0
D,2013-12-10,0.1250,0.1250,0.1150,0.1200,27987,0
D,2013-12-09,0.1150,0.1250,0.1150,0.1250,32112,0
D,2013-12-06,0.1150,0.1150,0.1150,0.1150,7789,0
D,2013-12-05,0.1150,0.1150,0.1150,0.1150,10476,0
D,2013-12-04,0.1150,0.1150,0.1100,0.1100,7130,0
D,2013-12-03,0.1150,0.1150,0.1100,0.1150,17126,0
D,2013-12-02,0.1150,0.1150,0.1100,0.1150,23779,0
D,2013-11-29,0.1150,0.1200,0.1150,0.1200,8770,0
D,2013-11-28,0.1150,0.1200,0.1150,0.1150,10211,0
D,2013-11-27,0.1250,0.1250,0.1100,0.1200,118640,0
D,2013-11-26,0.1300,0.1300,0.1300,0.1300,14430,0
D,2013-11-25,0.1300,0.1300,0.1250,0.1250,7845,0
D,2013-11-22,0.1300,0.1300,0.1300,0.1300,15980,0
D,2013-11-21,0.1300,0.1300,0.1300,0.1300,15251,0
D,2013-11-20,0.1300,0.1300,0.1300,0.1300,5226,0
D,2013-11-19,0.1300,0.1300,0.1300,0.1300,8820,0
D,2013-11-18,0.1300,0.1300,0.1250,0.1300,15126,0
D,2013-11-15,0.1300,0.1300,0.1250,0.1300,25110,0
D,2013-11-14,0.1250,0.1350,0.1250,0.1300,22798,0
D,2013-11-13,0.1300,0.1300,0.1250,0.1300,26803,0
D,2013-11-12,0.1350,0.1350,0.1300,0.1300,11384,0
D,2013-11-11,0.1350,0.1400,0.1300,0.1350,49263,0
D,2013-11-08,0.1300,0.1350,0.1300,0.1350,31063,0
D,2013-11-07,0.1300,0.1350,0.1250,0.1350,46951,0
D,2013-11-06,0.1350,0.1350,0.1250,0.1300,44956,0
D,2013-11-04,0.1300,0.1350,0.1300,0.1300,48155,0
D,2013-11-01,0.1350,0.1350,0.1250,0.1250,65372,0
D,2013-10-31,0.1250,0.1350,0.1200,0.1350,131783,0
D,2013-10-30,0.1200,0.1300,0.1200,0.1200,129622,0
D,2013-10-29,0.1150,0.1200,0.1150,0.1150,17700,0
D,2013-10-28,0.1150,0.1200,0.1150,0.1150,20458,0
D,2013-10-25,0.1200,0.1200,0.1150,0.1150,4482,0
D,2013-10-24,0.1150,0.1200,0.1150,0.1200,8600,0
D,2013-10-23,0.1150,0.1200,0.1150,0.1200,7635,0
D,2013-10-22,0.1150,0.1150,0.1150,0.1150,10236,0
D,2013-10-21,0.1150,0.1150,0.1150,0.1150,5708,0
D,2013-10-18,0.1150,0.1150,0.1150,0.1150,3830,0
D,2013-10-17,0.1200,0.1200,0.1150,0.1200,13911,0
D,2013-10-16,0.1200,0.1200,0.1150,0.1150,865,0
D,2013-10-14,0.1200,0.1200,0.1200,0.1200,15478,0
D,2013-10-11,0.1200,0.1200,0.1150,0.1150,4670,0
D,2013-10-10,0.1200,0.1250,0.1150,0.1250,18055,0
D,2013-10-09,0.1150,0.1200,0.1150,0.1200,2700,0
D,2013-10-08,0.1150,0.1150,0.1150,0.1150,1650,0
D,2013-10-07,0.1200,0.1200,0.1150,0.1150,7281,0
D,2013-10-04,0.1150,0.1200,0.1150,0.1200,5461,0
D,2013-10-03,0.1250,0.1250,0.1150,0.1150,6300,0
D,2013-10-02,0.1200,0.1250,0.1200,0.1250,9222,0
D,2013-10-01,0.1200,0.1200,0.1200,0.1200,2700,0
D,2013-09-30,0.1250,0.1250,0.1200,0.1200,16252,0
D,2013-09-27,0.1200,0.1300,0.1200,0.1250,56331,0
D,2013-09-26,0.1150,0.1200,0.1150,0.1200,4516,0
D,2013-09-25,0.1200,0.1200,0.1150,0.1150,30520,0
D,2013-09-24,0.1200,0.1200,0.1150,0.1200,57125,0
D,2013-09-23,0.1150,0.1250,0.1150,0.1200,33158,0
D,2013-09-20,0.1200,0.1200,0.1200,0.1200,18355,0
D,2013-09-19,0.1150,0.1250,0.1150,0.1200,60139,0
D,2013-09-18,0.1150,0.1150,0.1100,0.1100,6353,0
D,2013-09-17,0.1150,0.1150,0.1100,0.1100,7500,0
D,2013-09-13,0.1150,0.1150,0.1150,0.1150,4329,0
D,2013-09-12,0.1150,0.1150,0.1150,0.1150,6322,0
D,2013-09-11,0.1150,0.1200,0.1150,0.1150,28887,0
D,2013-09-10,0.1150,0.1150,0.1100,0.1150,7370,0
D,2013-09-09,0.1150,0.1150,0.1100,0.1100,4760,0
D,2013-09-06,0.1150,0.1150,0.1100,0.1100,4815,0
D,2013-09-05,0.1150,0.1150,0.1100,0.1150,25798,0
D,2013-09-04,0.1150,0.1150,0.1100,0.1100,9803,0
D,2013-09-03,0.1100,0.1150,0.1100,0.1100,5700,0
D,2013-09-02,0.1150,0.1150,0.1100,0.1150,6737,0
D,2013-08-30,0.1150,0.1200,0.1150,0.1150,36072,0
D,2013-08-29,0.1150,0.1150,0.1100,0.1100,34092,0
D,2013-08-28,0.1100,0.1150,0.1050,0.1150,77239,0
D,2013-08-27,0.1300,0.1300,0.1150,0.1150,83696,0
D,2013-08-26,0.1300,0.1350,0.1250,0.1300,56805,0
D,2013-08-23,0.1300,0.1350,0.1250,0.1250,42474,0
D,2013-08-22,0.1350,0.1350,0.1250,0.1300,75315,0
D,2013-08-21,0.1350,0.1350,0.1300,0.1300,16310,0
D,2013-08-20,0.1400,0.1400,0.1300,0.1350,61613,0
D,2013-08-19,0.1450,0.1500,0.1400,0.1450,112035,0
D,2013-08-16,0.1200,0.1500,0.1200,0.1450,341106,0
D,2013-08-15,0.1250,0.1250,0.1200,0.1200,10690,0
D,2013-08-14,0.1200,0.1250,0.1200,0.1250,9560,0
D,2013-08-13,0.1200,0.1200,0.1200,0.1200,16490,0
D,2013-08-12,0.1200,0.1200,0.1150,0.1200,8052,0
D,2013-08-07,0.1200,0.1200,0.1150,0.1200,11331,0
D,2013-08-06,0.1200,0.1200,0.1200,0.1200,1850,0
D,2013-08-05,0.1200,0.1200,0.1150,0.1200,4884,0
D,2013-08-02,0.1200,0.1250,0.1200,0.1200,6622,0
D,2013-08-01,0.1200,0.1200,0.1150,0.1200,3363,0
D,2013-07-31,0.1200,0.1200,0.1150,0.1200,19663,0
D,2013-07-30,0.1200,0.1250,0.1200,0.1250,23370,0
D,2013-07-29,0.1250,0.1250,0.1150,0.1200,16085,0
D,2013-07-26,0.1200,0.1200,0.1200,0.1200,8212,0
D,2013-07-25,0.1150,0.1200,0.1150,0.1200,70669,0
D,2013-07-24,0.1200,0.1200,0.1150,0.1150,3200,0
D,2013-07-23,0.1200,0.1250,0.1200,0.1200,13118,0
D,2013-07-22,0.1200,0.1250,0.1150,0.1250,25710,0
D,2013-07-19,0.1200,0.1200,0.1150,0.1200,5001,0
D,2013-07-18,0.1150,0.1200,0.1150,0.1200,2625,0
D,2013-07-17,0.1150,0.1200,0.1100,0.1150,13574,0
D,2013-07-16,0.1150,0.1150,0.1100,0.1150,7760,0
D,2013-07-15,0.1150,0.1150,0.1100,0.1150,6477,0
D,2013-07-12,0.1150,0.1150,0.1150,0.1150,5112,0
D,2013-07-11,0.1150,0.1200,0.1150,0.1150,6751,0
D,2013-07-10,0.1150,0.1150,0.1100,0.1100,860,0
D,2013-07-09,0.1150,0.1150,0.1100,0.1150,11420,0
D,2013-07-08,0.1150,0.1150,0.1150,0.1150,11497,0
D,2013-07-05,0.1150,0.1150,0.1100,0.1150,30001,0
D,2013-07-04,0.1100,0.1100,0.1050,0.1100,7595,0
D,2013-07-03,0.1100,0.1100,0.1050,0.1050,685,0
D,2013-07-02,0.1050,0.1100,0.1050,0.1050,7420,0
D,2013-07-01,0.1100,0.1100,0.1050,0.1050,3830,0
D,2013-06-28,0.1100,0.1100,0.1100,0.1100,14480,0
D,2013-06-27,0.1150,0.1150,0.1100,0.1100,12545,0
D,2013-06-26,0.1100,0.1150,0.1050,0.1150,19247,0
D,2013-06-25,0.1150,0.1150,0.1050,0.1050,47090,0
D,2013-06-24,0.1250,0.1250,0.1100,0.1100,63518,0
D,2013-06-21,0.1200,0.1200,0.1150,0.1200,70499,0
D,2013-06-20,0.1250,0.1250,0.1200,0.1250,6300,0
D,2013-06-19,0.1250,0.1250,0.1250,0.1250,45180,0
D,2013-06-18,0.1300,0.1300,0.1200,0.1300,71800,0
D,2013-06-17,0.1250,0.1300,0.1200,0.1300,45750,0
D,2013-06-14,0.1200,0.1250,0.1200,0.1250,16180,0
D,2013-06-13,0.1250,0.1250,0.1200,0.1200,38370,0
D,2013-06-12,0.1250,0.1300,0.1200,0.1300,54640,0
D,2013-06-11,0.1300,0.1350,0.1250,0.1250,68111,0
D,2013-06-10,0.1200,0.1300,0.1200,0.1300,163395,0
D,2013-06-07,0.1150,0.1150,0.1100,0.1150,39808,0
D,2013-06-06,0.1150,0.1150,0.1100,0.1150,18484,0
D,2013-06-05,0.1200,0.1200,0.1150,0.1150,50825,0
D,2013-06-04,0.1200,0.1250,0.1200,0.1250,26608,0
D,2013-06-03,0.1250,0.1250,0.1200,0.1200,60250,0
D,2013-05-31,0.1200,0.1250,0.1200,0.1250,53735,0
D,2013-05-30,0.1300,0.1300,0.1200,0.1200,25628,0
D,2013-05-29,0.1300,0.1350,0.1250,0.1300,112245,0
D,2013-05-28,0.1200,0.1250,0.1200,0.1250,107424,0
D,2013-05-27,0.1100,0.1200,0.1100,0.1200,36729,0
D,2013-05-23,0.1200,0.1200,0.1100,0.1100,91558,0
D,2013-05-22,0.1200,0.1200,0.1150,0.1200,84850,0
D,2013-05-21,0.1300,0.1300,0.1150,0.1200,158240,0
D,2013-05-20,0.1250,0.1300,0.1200,0.1300,79007,0
D,2013-05-17,0.1050,0.1200,0.1050,0.1200,93924,0
D,2013-05-16,0.1050,0.1100,0.1000,0.1100,62624,0
D,2013-05-15,0.1000,0.1050,0.1000,0.1050,73078,0
D,2013-05-14,0.1000,0.1000,0.0950,0.1000,11400,0
D,2013-05-13,0.0950,0.1000,0.0950,0.1000,23298,0
D,2013-05-10,0.0900,0.0950,0.0900,0.0950,8843,0
D,2013-05-09,0.0900,0.0950,0.0900,0.0950,6400,0
D,2013-05-08,0.0900,0.0900,0.0900,0.0900,18201,0
D,2013-05-07,0.0900,0.0950,0.0900,0.0950,36925,0
D,2013-05-06,0.0850,0.0900,0.0850,0.0900,32313,0
D,2013-05-03,0.0800,0.0850,0.0800,0.0850,8430,0
D,2013-05-02,0.0800,0.0850,0.0800,0.0800,6370,0
D,2013-04-30,0.0850,0.0850,0.0800,0.0800,12396,0
D,2013-04-29,0.0850,0.0850,0.0850,0.0850,1600,0
D,2013-04-26,0.0900,0.0900,0.0850,0.0900,2500,0
D,2013-04-25,0.0850,0.0850,0.0850,0.0850,4590,0
D,2013-04-24,0.0850,0.0850,0.0850,0.0850,3270,0
D,2013-04-23,0.0900,0.0900,0.0850,0.0900,2250,0
D,2013-04-22,0.0850,0.0900,0.0850,0.0900,1520,0
D,2013-04-19,0.0900,0.0900,0.0900,0.0900,0,0
D,2013-04-18,0.0900,0.0900,0.0850,0.0900,7388,0
D,2013-04-17,0.0850,0.0850,0.0850,0.0850,2420,0
D,2013-04-16,0.0850,0.0900,0.0850,0.0850,1090,0
D,2013-04-15,0.0900,0.0900,0.0900,0.0900,1000,0
D,2013-04-12,0.0900,0.0950,0.0850,0.0900,17111,0
D,2013-04-11,0.0950,0.0950,0.0900,0.0900,8475,0
D,2013-04-10,0.0900,0.0950,0.0900,0.0950,14950,0
D,2013-04-09,0.0900,0.0950,0.0900,0.0900,13010,0
D,2013-04-08,0.0900,0.0900,0.0900,0.0900,30959,0
D,2013-04-05,0.0800,0.0900,0.0800,0.0900,45365,0
D,2013-04-04,0.0800,0.0800,0.0800,0.0800,4600,0
D,2013-04-03,0.0800,0.0800,0.0800,0.0800,5075,0
D,2013-04-02,0.0800,0.0850,0.0800,0.0800,1980,0
D,2013-04-01,0.0800,0.0800,0.0800,0.0800,2150,0
D,2013-03-29,0.0800,0.0800,0.0800,0.0800,3120,0
D,2013-03-28,0.0800,0.0800,0.0800,0.0800,3120,0
D,2013-03-27,0.0800,0.0800,0.0800,0.0800,3025,0
D,2013-03-26,0.0800,0.0800,0.0800,0.0800,2310,0
D,2013-03-25,0.0800,0.0800,0.0800,0.0800,2550,0
D,2013-03-22,0.0800,0.0800,0.0800,0.0800,2900,0
D,2013-03-21,0.0800,0.0800,0.0800,0.0800,1060,0
D,2013-03-20,0.0800,0.0800,0.0800,0.0800,3860,0
D,2013-03-19,0.0800,0.0800,0.0800,0.0800,8450,0
D,2013-03-18,0.0800,0.0800,0.0800,0.0800,6820,0
D,2013-03-15,0.0800,0.0800,0.0800,0.0800,3600,0
D,2013-03-14,0.0800,0.0800,0.0800,0.0800,11100,0
D,2013-03-13,0.0800,0.0850,0.0800,0.0800,5550,0
D,2013-03-12,0.0800,0.0850,0.0800,0.0850,3561,0
D,2013-03-11,0.0800,0.0850,0.0800,0.0800,5678,0
D,2013-03-08,0.0800,0.0800,0.0750,0.0800,16990,0
D,2013-03-07,0.0800,0.0800,0.0750,0.0800,4380,0
D,2013-03-06,0.0800,0.0800,0.0750,0.0750,5108,0
D,2013-03-05,0.0800,0.0800,0.0800,0.0800,5050,0
D,2013-03-04,0.0800,0.0800,0.0800,0.0800,6670,0
D,2013-03-01,0.0800,0.0800,0.0750,0.0800,22210,0
D,2013-02-28,0.0800,0.0800,0.0750,0.0750,19270,0
D,2013-02-27,0.0800,0.0800,0.0750,0.0750,4030,0
D,2013-02-26,0.0750,0.0800,0.0750,0.0800,2150,0
D,2013-02-25,0.0800,0.0800,0.0750,0.0750,1400,0
D,2013-02-22,0.0750,0.0750,0.0750,0.0750,2270,0
D,2013-02-21,0.0750,0.0750,0.0750,0.0750,4450,0
D,2013-02-20,0.0750,0.0750,0.0750,0.0750,5780,0
D,2013-02-19,0.0750,0.0750,0.0750,0.0750,60,0
D,2013-02-18,0.0750,0.0750,0.0750,0.0750,500,0
D,2013-02-15,0.0750,0.0750,0.0750,0.0750,700,0
D,2013-02-14,0.0750,0.0750,0.0750,0.0750,760,0
D,2013-02-13,0.0800,0.0800,0.0800,0.0800,1000,0
D,2013-02-08,0.0800,0.0800,0.0750,0.0800,6581,0
D,2013-02-07,0.0750,0.0750,0.0750,0.0750,200,0
D,2013-02-06,0.0800,0.0800,0.0750,0.0750,2200,0
D,2013-02-05,0.0800,0.0800,0.0800,0.0800,5810,0
D,2013-02-04,0.0800,0.0800,0.0800,0.0800,2590,0
D,2013-01-31,0.0800,0.0800,0.0800,0.0800,4600,0
D,2013-01-30,0.0800,0.0800,0.0800,0.0800,17723,0
D,2013-01-29,0.0800,0.0850,0.0800,0.0800,28116,0
D,2013-01-25,0.0800,0.0800,0.0800,0.0800,2500,0
D,2013-01-23,0.0850,0.0850,0.0800,0.0800,2875,0
D,2013-01-22,0.0800,0.0850,0.0800,0.0800,71880,0
D,2013-01-21,0.0850,0.0850,0.0800,0.0850,44001,0
D,2013-01-18,0.0850,0.0900,0.0850,0.0850,2780,0
D,2013-01-17,0.0850,0.0900,0.0850,0.0850,2461,0
D,2013-01-16,0.0900,0.0900,0.0850,0.0850,11950,0
D,2013-01-15,0.0950,0.0950,0.0900,0.0900,22820,0
D,2013-01-14,0.0850,0.0950,0.0850,0.0900,58485,0
D,2013-01-11,0.0850,0.0850,0.0850,0.0850,7054,0
D,2013-01-10,0.0850,0.0850,0.0850,0.0850,620,0
D,2013-01-09,0.0900,0.0900,0.0850,0.0850,9900,0
D,2013-01-08,0.0900,0.0900,0.0850,0.0900,4500,0
D,2013-01-07,0.0900,0.0900,0.0850,0.0850,37173,0
D,2013-01-04,0.0900,0.0900,0.0850,0.0900,5670,0
D,2013-01-03,0.0850,0.0850,0.0850,0.0850,3400,0
D,2013-01-02,0.0850,0.0850,0.0850,0.0850,3400,0
D,2012-12-31,0.0900,0.0900,0.0850,0.0850,5840,0
D,2012-12-28,0.0900,0.0900,0.0850,0.0900,5861,0
D,2012-12-27,0.0850,0.0900,0.0850,0.0900,29201,0
D,2012-12-26,0.0800,0.0800,0.0800,0.0800,950,0
D,2012-12-24,0.0850,0.0850,0.0800,0.0850,4550,0
D,2012-12-21,0.0850,0.0850,0.0850,0.0850,2110,0
D,2012-12-20,0.0850,0.0850,0.0850,0.0850,10560,0
D,2012-12-19,0.0850,0.0850,0.0850,0.0850,210,0
D,2012-12-18,0.0850,0.0900,0.0850,0.0900,622,0
D,2012-12-17,0.0850,0.0850,0.0850,0.0850,7868,0
D,2012-12-14,0.0850,0.0850,0.0850,0.0850,0,0
D,2012-12-13,0.0850,0.0850,0.0850,0.0850,11202,0
D,2012-12-12,0.0850,0.0850,0.0850,0.0850,2725,0
D,2012-12-11,0.0850,0.0850,0.0850,0.0850,26692,0
D,2012-12-10,0.0850,0.0850,0.0850,0.0850,600,0
D,2012-12-07,0.0900,0.0900,0.0850,0.0850,6090,0
D,2012-12-06,0.0850,0.0900,0.0850,0.0900,9400,0
D,2012-12-05,0.0850,0.0850,0.0850,0.0850,1500,0
D,2012-12-04,0.0850,0.0850,0.0850,0.0850,4240,0
D,2012-12-03,0.0900,0.0900,0.0850,0.0850,10758,0
D,2012-11-30,0.0850,0.0850,0.0850,0.0850,3600,0
D,2012-11-29,0.0850,0.0850,0.0850,0.0850,4400,0
D,2012-11-28,0.0850,0.0900,0.0850,0.0850,13272,0
D,2012-11-27,0.0900,0.0900,0.0850,0.0850,3950,0
D,2012-11-26,0.0900,0.0900,0.0900,0.0900,3600,0
D,2012-11-23,0.0900,0.0900,0.0900,0.0900,7301,0
D,2012-11-22,0.0950,0.0950,0.0900,0.0900,7399,0
D,2012-11-21,0.0900,0.0900,0.0850,0.0900,9700,0
D,2012-11-20,0.0900,0.0950,0.0900,0.0900,20000,0
D,2012-11-19,0.0900,0.0950,0.0900,0.0950,5991,0
D,2012-11-16,0.0850,0.0900,0.0850,0.0900,39860,0
D,2012-11-14,0.0850,0.0850,0.0850,0.0850,2245,0
D,2012-11-12,0.0900,0.0900,0.0850,0.0900,5723,0
D,2012-11-09,0.0900,0.0900,0.0850,0.0900,22070,0
D,2012-11-08,0.0900,0.0900,0.0850,0.0850,71512,0
D,2012-11-07,0.0950,0.0950,0.0900,0.0900,6770,0
D,2012-11-06,0.0950,0.0950,0.0900,0.0950,44350,0
D,2012-11-05,0.0950,0.0950,0.0900,0.0950,24513,0
D,2012-11-02,0.0950,0.1050,0.0950,0.0950,197234,0
D,2012-11-01,0.0900,0.0950,0.0900,0.0900,25781,0
D,2012-10-31,0.0900,0.0950,0.0900,0.0900,47590,0
D,2012-10-30,0.0900,0.0900,0.0900,0.0900,32418,0
D,2012-10-29,0.0850,0.0950,0.0850,0.0900,43922,0
D,2012-10-25,0.0850,0.0850,0.0800,0.0850,46567,0
D,2012-10-24,0.0800,0.0850,0.0800,0.0850,7000,0
D,2012-10-23,0.0800,0.0850,0.0800,0.0850,11650,0
D,2012-10-22,0.0800,0.0800,0.0800,0.0800,2100,0
D,2012-10-19,0.0850,0.0850,0.0800,0.0850,5650,0
D,2012-10-18,0.0800,0.0800,0.0800,0.0800,0,0
D,2012-10-17,0.0800,0.0800,0.0800,0.0800,2410,0
D,2012-10-16,0.0800,0.0850,0.0800,0.0800,33145,0
D,2012-10-15,0.0850,0.0850,0.0800,0.0800,2350,0
D,2012-10-12,0.0800,0.0850,0.0750,0.0850,17860,0
D,2012-10-11,0.0800,0.0800,0.0800,0.0800,3770,0
D,2012-10-10,0.0800,0.0850,0.0800,0.0800,37510,0
D,2012-10-09,0.0800,0.0800,0.0750,0.0750,1300,0
D,2012-10-08,0.0750,0.0800,0.0750,0.0800,3030,0
D,2012-10-05,0.0750,0.0800,0.0750,0.0800,4270,0
D,2012-10-04,0.0800,0.0800,0.0750,0.0750,2500,0
D,2012-10-03,0.0750,0.0750,0.0750,0.0750,940,0
D,2012-05-03,0.0850,0.0850,0.0800,0.0800,30772,0
D,2012-05-02,0.0850,0.0850,0.0800,0.0850,23303,0
