D,2014-10-14,0.9200,0.9200,0.9150,0.9150,691,0
D,2014-10-13,0.9300,0.9300,0.9200,0.9200,970,0
D,2014-10-10,0.9450,0.9450,0.9350,0.9350,1110,0
D,2014-10-09,0.9500,0.9650,0.9450,0.9450,480,0
D,2014-10-08,0.9800,0.9800,0.9400,0.9500,2752,0
D,2014-10-07,0.9950,0.9950,0.9850,0.9850,928,0
D,2014-10-03,0.9900,0.9950,0.9900,0.9900,431,0
D,2014-10-02,0.9950,0.9950,0.9900,0.9900,810,0
D,2014-10-01,1.0000,1.0000,1.0000,1.0000,130,0
D,2014-09-30,0.9950,1.0000,0.9900,0.9950,490,0
D,2014-09-29,1.0000,1.0000,0.9950,0.9950,1240,0
D,2014-09-26,1.0000,1.0100,1.0000,1.0100,315,0
D,2014-09-25,1.0100,1.0100,1.0000,1.0000,520,0
D,2014-09-24,1.0000,1.0400,1.0000,1.0100,2294,0
D,2014-09-23,0.9900,1.0000,0.9900,1.0000,350,0
D,2014-09-22,1.0000,1.0000,0.9900,0.9900,1020,0
D,2014-09-19,1.0000,1.0100,1.0000,1.0000,910,0
D,2014-09-18,1.0100,1.0100,0.9900,0.9900,1109,0
D,2014-09-17,1.0100,1.0100,1.0100,1.0100,20,0
D,2014-09-15,1.0200,1.0300,1.0200,1.0300,270,0
D,2014-09-12,1.0400,1.0400,1.0200,1.0300,723,0
D,2014-09-11,1.0400,1.0400,1.0400,1.0400,104,0
D,2014-09-10,1.0300,1.0400,1.0300,1.0400,420,0
D,2014-09-09,1.0300,1.0300,1.0200,1.0200,360,0
D,2014-09-08,1.0300,1.0400,1.0300,1.0400,136,0
D,2014-09-05,1.0200,1.0500,1.0200,1.0500,300,0
D,2014-09-04,1.0300,1.0300,1.0200,1.0200,80,0
D,2014-09-03,1.0200,1.0300,1.0200,1.0300,121,0
D,2014-09-02,1.0200,1.0400,1.0200,1.0300,1257,0
D,2014-08-29,1.0200,1.0300,1.0100,1.0100,1307,0
D,2014-08-28,1.0300,1.0300,1.0300,1.0300,358,0
D,2014-08-27,1.0400,1.0500,1.0300,1.0500,897,0
D,2014-08-26,1.0500,1.0500,1.0400,1.0400,220,0
D,2014-08-25,1.0600,1.0600,1.0500,1.0500,520,0
D,2014-08-22,1.0600,1.0600,1.0600,1.0600,430,0
D,2014-08-21,1.0600,1.0700,1.0600,1.0700,351,0
D,2014-08-20,1.0800,1.0800,1.0600,1.0600,1220,0
D,2014-08-19,1.1000,1.1000,1.0800,1.0900,610,0
D,2014-08-18,1.0800,1.1000,1.0700,1.1000,1940,0
D,2014-08-15,1.0700,1.0800,1.0700,1.0800,2348,0
D,2014-08-14,1.0500,1.0700,1.0500,1.0700,297,0
D,2014-08-13,1.0500,1.0700,1.0500,1.0600,1440,0
D,2014-08-12,1.0500,1.0600,1.0500,1.0600,1145,0
D,2014-08-11,1.0500,1.0600,1.0500,1.0600,530,0
D,2014-08-08,1.0700,1.0700,1.0500,1.0500,2465,0
D,2014-08-07,1.0700,1.0800,1.0700,1.0800,1190,0
D,2014-08-06,1.0900,1.0900,1.0600,1.0700,3954,0
D,2014-08-05,1.1000,1.1000,1.0800,1.0900,2930,0
D,2014-08-04,1.1000,1.1000,1.0900,1.1000,1584,0
D,2014-08-01,1.0900,1.1000,1.0900,1.0900,1096,0
D,2014-07-31,1.0900,1.1500,1.0800,1.1100,12798,0
D,2014-07-30,1.0700,1.0900,1.0600,1.0900,2625,0
D,2014-07-25,1.0800,1.0800,1.0700,1.0700,1440,0
D,2014-07-24,1.0800,1.0900,1.0700,1.0900,3016,0
D,2014-07-23,1.0700,1.0900,1.0700,1.0900,2608,0
D,2014-07-22,1.0500,1.0700,1.0500,1.0700,990,0
D,2014-07-21,1.0700,1.0700,1.0500,1.0600,2715,0
D,2014-07-18,1.0600,1.0800,1.0600,1.0700,3631,0
D,2014-07-17,1.0700,1.0900,1.0600,1.0600,4210,0
D,2014-07-16,1.0500,1.0700,1.0400,1.0600,5020,0
D,2014-07-14,1.0800,1.0900,1.0400,1.0500,9327,0
D,2014-07-11,1.0800,1.1000,1.0700,1.0800,2200,0
D,2014-07-10,1.1200,1.1200,1.0800,1.0800,12321,0
D,2014-07-09,1.1800,1.1800,1.1200,1.1300,13289,0
D,2014-07-08,1.1700,1.2100,1.1600,1.1900,53921,0
D,2014-07-07,1.0000,1.0700,1.0000,1.0700,9448,0
D,2014-07-04,1.0100,1.0200,1.0100,1.0100,1928,0
D,2014-07-03,1.0200,1.0200,1.0000,1.0000,600,0
D,2014-07-02,1.0200,1.0200,1.0000,1.0200,1589,0
D,2014-07-01,1.0000,1.0300,0.9900,1.0200,1800,0
D,2014-06-30,0.9900,1.0000,0.9900,1.0000,280,0
D,2014-06-27,1.0000,1.0000,0.9900,0.9900,90,0
D,2014-06-26,0.9850,1.0000,0.9850,1.0000,50,0
D,2014-06-25,1.0200,1.0200,1.0100,1.0100,670,0
D,2014-06-24,1.0000,1.0200,0.9950,1.0200,830,0
D,2014-06-23,0.9950,1.0000,0.9900,1.0000,580,0
D,2014-06-20,0.9850,0.9950,0.9850,0.9900,413,0
D,2014-06-19,1.0100,1.0100,0.9950,1.0100,180,0
D,2014-06-18,1.0000,1.0200,0.9900,1.0200,163,0
D,2014-06-17,1.0200,1.0200,1.0000,1.0100,1050,0
D,2014-06-16,0.9800,1.0200,0.9800,1.0200,1038,0
D,2014-06-13,0.9900,0.9900,0.9750,0.9750,169,0
D,2014-06-12,0.9850,0.9850,0.9800,0.9850,125,0
D,2014-06-11,0.9750,0.9850,0.9750,0.9850,350,0
D,2014-06-10,0.9700,0.9750,0.9700,0.9750,278,0
D,2014-06-09,0.9750,0.9750,0.9750,0.9750,210,0
D,2014-06-06,0.9800,0.9800,0.9750,0.9750,293,0
D,2014-06-05,0.9700,0.9700,0.9700,0.9700,0,0
D,2014-06-04,0.9700,0.9700,0.9700,0.9700,50,0
D,2014-06-03,0.9700,0.9700,0.9700,0.9700,382,0
D,2014-06-02,0.9800,0.9800,0.9700,0.9750,449,0
D,2014-05-30,0.9750,0.9800,0.9750,0.9800,300,0
D,2014-05-29,0.9750,0.9800,0.9700,0.9800,320,0
D,2014-05-28,0.9850,0.9850,0.9850,0.9850,200,0
D,2014-05-27,0.9850,0.9850,0.9750,0.9750,640,0
D,2014-05-26,0.9900,0.9900,0.9900,0.9900,0,0
D,2014-05-23,0.9900,0.9900,0.9900,0.9900,204,0
D,2014-05-22,0.9900,1.0100,0.9850,1.0100,230,0
D,2014-05-21,0.9900,0.9900,0.9800,0.9800,303,0
D,2014-05-20,0.9950,0.9950,0.9950,0.9950,180,0
D,2014-05-19,0.9950,0.9950,0.9950,0.9950,137,0
D,2014-05-16,0.9950,1.0000,0.9950,1.0000,395,0
D,2014-05-15,1.0000,1.0100,0.9950,1.0100,795,0
D,2014-05-14,0.9950,0.9950,0.9950,0.9950,10,0
D,2014-05-12,0.9900,0.9950,0.9900,0.9950,120,0
D,2014-05-09,0.9850,0.9950,0.9850,0.9950,1775,0
D,2014-05-08,0.9800,0.9800,0.9750,0.9750,277,0
D,2014-05-07,0.9800,0.9800,0.9750,0.9800,155,0
D,2014-05-06,0.9750,0.9800,0.9750,0.9750,830,0
D,2014-05-05,0.9750,0.9750,0.9750,0.9750,740,0
D,2014-05-02,0.9900,0.9900,0.9800,0.9850,5775,0
D,2014-04-30,1.0000,1.0000,0.9950,0.9950,1180,0
D,2014-04-29,1.0100,1.0100,0.9950,1.0000,1160,0
D,2014-04-28,1.0300,1.0300,1.0100,1.0100,2260,0
D,2014-04-25,1.0300,1.0300,1.0100,1.0100,1650,0
D,2014-04-24,1.0200,1.0300,1.0200,1.0300,4012,0
D,2014-04-23,1.0400,1.0500,1.0300,1.0300,3660,0
D,2014-04-22,1.0400,1.0700,1.0300,1.0400,7849,0
D,2014-04-21,1.0100,1.0400,1.0100,1.0300,8010,0
D,2014-04-18,1.0100,1.0100,1.0000,1.0100,851,0
D,2014-04-17,1.0200,1.0300,0.9950,1.0200,3941,0
D,2014-04-16,0.9850,1.0400,0.9850,1.0200,11024,0
D,2014-04-15,0.9850,0.9850,0.9800,0.9850,661,0
D,2014-04-14,0.9950,0.9950,0.9800,0.9850,610,0
D,2014-04-11,0.9800,1.0100,0.9800,0.9950,3450,0
D,2014-04-10,0.9900,0.9900,0.9700,0.9800,656,0
D,2014-04-09,0.9850,0.9900,0.9850,0.9900,390,0
D,2014-04-08,0.9850,0.9950,0.9800,0.9800,1422,0
D,2014-04-07,1.0000,1.0000,0.9800,0.9950,540,0
D,2014-04-04,0.9950,1.0100,0.9800,1.0100,1332,0
D,2014-04-03,0.9900,1.0100,0.9900,1.0000,850,0
D,2014-04-02,0.9900,1.0300,0.9850,0.9850,6562,0
D,2014-04-01,0.9700,0.9900,0.9700,0.9850,697,0
D,2014-03-31,0.9650,0.9700,0.9600,0.9700,364,0
D,2014-03-28,0.9600,0.9650,0.9600,0.9650,550,0
D,2014-03-27,0.9600,0.9600,0.9550,0.9550,1166,0
D,2014-03-26,0.9650,0.9650,0.9550,0.9550,1565,0
D,2014-03-25,0.9750,0.9750,0.9650,0.9700,690,0
D,2014-03-24,0.9700,0.9750,0.9650,0.9750,972,0
D,2014-03-21,0.9900,0.9900,0.9750,0.9750,1475,0
D,2014-03-20,0.9900,1.0300,0.9900,1.0000,5999,0
D,2014-03-19,0.9600,0.9850,0.9600,0.9750,749,0
D,2014-03-18,0.9600,0.9600,0.9600,0.9600,180,0
D,2014-03-17,0.9650,0.9650,0.9600,0.9600,760,0
D,2014-03-14,0.9650,0.9700,0.9600,0.9700,510,0
D,2014-03-13,0.9700,0.9750,0.9650,0.9750,171,0
D,2014-03-12,0.9750,0.9750,0.9750,0.9750,450,0
D,2014-03-11,0.9750,0.9750,0.9750,0.9750,227,0
D,2014-03-10,0.9750,0.9800,0.9750,0.9750,1218,0
D,2014-03-07,0.9850,0.9850,0.9750,0.9750,305,0
D,2014-03-06,0.9800,0.9850,0.9750,0.9800,1277,0
D,2014-03-05,0.9750,0.9800,0.9750,0.9800,419,0
D,2014-03-04,0.9550,0.9750,0.9550,0.9750,655,0
D,2014-03-03,0.9800,0.9800,0.9600,0.9600,1786,0
D,2014-02-28,0.9900,0.9950,0.9850,0.9850,821,0
D,2014-02-27,1.0000,1.0000,0.9900,0.9900,1217,0
D,2014-02-26,1.0100,1.0200,1.0000,1.0100,1210,0
D,2014-02-25,0.9950,1.0600,0.9950,1.0200,4582,0
D,2014-02-24,1.0000,1.0200,0.9950,0.9950,1441,0
D,2014-02-21,0.9850,1.0200,0.9850,1.0000,2668,0
D,2014-02-20,0.9850,1.0000,0.9800,0.9800,820,0
D,2014-02-19,1.0100,1.0100,0.9950,0.9950,960,0
D,2014-02-18,0.9950,1.0100,0.9900,1.0100,1623,0
D,2014-02-17,0.9800,1.0100,0.9800,1.0100,1365,0
D,2014-02-14,0.9800,0.9950,0.9800,0.9900,540,0
D,2014-02-13,0.9900,1.0000,0.9900,0.9900,603,0
D,2014-02-12,0.9950,1.0100,0.9900,1.0100,761,0
D,2014-02-11,0.9650,1.0000,0.9650,1.0000,1168,0
D,2014-02-10,0.9500,0.9500,0.9450,0.9500,310,0
D,2014-02-07,0.9600,0.9700,0.9600,0.9600,459,0
D,2014-02-06,0.9450,0.9500,0.9450,0.9500,641,0
D,2014-02-05,0.9450,0.9450,0.9300,0.9300,485,0
D,2014-02-04,0.9450,0.9450,0.9450,0.9450,0,0
D,2014-01-30,0.9500,0.9500,0.9400,0.9450,601,0
D,2014-01-29,0.9600,0.9700,0.9600,0.9700,413,0
D,2014-01-28,0.9500,0.9500,0.9500,0.9500,450,0
D,2014-01-27,0.9500,0.9550,0.9500,0.9500,473,0
D,2014-01-24,0.9600,0.9700,0.9600,0.9700,1501,0
D,2014-01-23,0.9800,0.9850,0.9700,0.9700,1500,0
D,2014-01-22,0.9750,1.0000,0.9750,0.9850,4792,0
D,2014-01-21,1.0100,1.0100,0.9750,0.9750,1260,0
D,2014-01-20,1.0000,1.0200,0.9850,1.0100,2516,0
D,2014-01-16,0.9950,0.9950,0.9800,0.9850,3143,0
D,2014-01-15,1.0300,1.0300,1.0000,1.0000,2350,0
D,2014-01-13,1.0600,1.0700,1.0200,1.0400,3048,0
D,2014-01-10,1.1000,1.1100,1.0500,1.0700,8554,0
D,2014-01-09,0.9650,1.0800,0.9550,1.0700,29902,0
D,2014-01-08,0.9500,0.9800,0.9450,0.9600,4205,0
D,2014-01-07,0.9300,0.9300,0.9300,0.9300,310,0
D,2014-01-06,0.9300,0.9300,0.9250,0.9250,100,0
D,2014-01-03,0.9400,0.9500,0.9300,0.9350,330,0
D,2014-01-02,0.9100,0.9650,0.9100,0.9500,2593,0
D,2013-12-31,0.9000,0.9100,0.9000,0.9000,749,0
D,2013-12-30,0.8950,0.8950,0.8950,0.8950,150,0
D,2013-12-27,0.8800,0.8950,0.8800,0.8950,470,0
D,2013-12-26,0.8800,0.8900,0.8800,0.8900,560,0
D,2013-12-24,0.8800,0.8850,0.8750,0.8850,941,0
D,2013-12-23,0.8950,0.8950,0.8750,0.8750,500,0
D,2013-12-20,0.9000,0.9000,0.8900,0.8900,160,0
D,2013-12-19,0.9000,0.9000,0.9000,0.9000,350,0
D,2013-12-18,0.9000,0.9000,0.8950,0.8950,489,0
D,2013-12-17,0.9050,0.9100,0.9050,0.9050,200,0
D,2013-12-16,0.9050,0.9100,0.9050,0.9100,120,0
D,2013-12-13,0.9050,0.9100,0.9050,0.9100,185,0
D,2013-12-12,0.9050,0.9100,0.9050,0.9100,220,0
D,2013-12-11,0.9200,0.9200,0.9150,0.9150,377,0
D,2013-12-10,0.9200,0.9200,0.9200,0.9200,0,0
D,2013-12-09,0.9200,0.9200,0.9200,0.9200,100,0
D,2013-12-06,0.9250,0.9250,0.9200,0.9200,235,0
D,2013-12-05,0.9350,0.9350,0.9200,0.9200,370,0
D,2013-12-04,0.9250,0.9250,0.9200,0.9250,210,0
D,2013-12-03,0.9100,0.9500,0.9050,0.9500,1215,0
D,2013-12-02,0.9100,0.9100,0.9100,0.9100,10,0
D,2013-11-29,0.9350,0.9350,0.9200,0.9200,660,0
D,2013-11-28,0.9400,0.9400,0.9300,0.9300,800,0
D,2013-11-27,0.9400,0.9450,0.9400,0.9450,220,0
D,2013-11-26,0.9450,0.9500,0.9450,0.9450,270,0
D,2013-11-25,0.9450,0.9500,0.9450,0.9500,430,0
D,2013-11-22,0.9500,0.9550,0.9500,0.9500,450,0
D,2013-11-21,0.9550,0.9550,0.9550,0.9550,742,0
D,2013-11-20,0.9450,0.9600,0.9450,0.9500,560,0
D,2013-11-19,0.9450,0.9500,0.9450,0.9500,191,0
D,2013-11-18,0.9550,0.9550,0.9400,0.9450,150,0
D,2013-11-15,0.9400,0.9400,0.9350,0.9350,136,0
D,2013-11-14,0.9500,0.9500,0.9400,0.9400,320,0
D,2013-11-13,0.9600,0.9600,0.9450,0.9500,1020,0
D,2013-11-12,0.9650,0.9650,0.9600,0.9650,1111,0
D,2013-11-11,0.9550,0.9700,0.9550,0.9650,394,0
D,2013-11-08,0.9550,0.9600,0.9550,0.9600,230,0
D,2013-11-07,0.9500,0.9600,0.9500,0.9550,570,0
D,2013-11-06,0.9600,0.9600,0.9500,0.9500,190,0
D,2013-11-04,0.9600,0.9700,0.9400,0.9400,450,0
D,2013-11-01,0.9500,0.9600,0.9500,0.9550,449,0
D,2013-10-31,0.9700,0.9700,0.9600,0.9600,351,0
D,2013-10-30,0.9600,0.9600,0.9600,0.9600,100,0
D,2013-10-29,0.9750,0.9750,0.9600,0.9600,400,0
D,2013-10-28,0.9800,0.9900,0.9800,0.9900,30,0
D,2013-10-25,0.9700,0.9700,0.9600,0.9650,480,0
D,2013-10-24,0.9750,0.9750,0.9600,0.9600,378,0
D,2013-10-23,0.9550,0.9600,0.9550,0.9600,320,0
D,2013-10-22,0.9600,0.9600,0.9550,0.9550,455,0
D,2013-10-21,0.9550,0.9600,0.9550,0.9550,420,0
D,2013-10-18,0.9500,0.9600,0.9450,0.9600,331,0
D,2013-10-17,0.9600,0.9600,0.9500,0.9600,368,0
D,2013-10-16,0.9600,0.9600,0.9600,0.9600,0,0
D,2013-10-14,0.9400,0.9600,0.9400,0.9600,50,0
D,2013-10-11,0.9400,0.9500,0.9400,0.9500,240,0
D,2013-10-10,0.9350,0.9350,0.9350,0.9350,200,0
D,2013-10-09,0.9350,0.9400,0.9350,0.9350,586,0
D,2013-10-08,0.9350,0.9400,0.9350,0.9350,543,0
D,2013-10-07,0.9350,0.9450,0.9350,0.9350,390,0
D,2013-10-04,0.9350,0.9350,0.9350,0.9350,40,0
D,2013-10-03,0.9400,0.9400,0.9350,0.9350,435,0
D,2013-10-02,0.9500,0.9500,0.9400,0.9400,825,0
D,2013-10-01,0.9450,0.9450,0.9400,0.9400,629,0
D,2013-09-30,0.9500,0.9500,0.9450,0.9450,260,0
D,2013-09-27,0.9500,0.9600,0.9500,0.9500,332,0
D,2013-09-26,0.9650,0.9700,0.9500,0.9500,392,0
D,2013-09-25,0.9500,0.9600,0.9500,0.9600,700,0
D,2013-09-24,0.9500,0.9600,0.9400,0.9450,722,0
D,2013-09-23,0.9700,0.9750,0.9650,0.9650,910,0
D,2013-09-20,0.9800,0.9850,0.9750,0.9800,802,0
D,2013-09-19,0.9550,0.9850,0.9550,0.9750,1730,0
D,2013-09-18,0.9300,0.9500,0.9300,0.9500,867,0
D,2013-09-17,0.9300,0.9350,0.9250,0.9300,146,0
D,2013-09-13,0.9150,0.9200,0.9100,0.9100,750,0
D,2013-09-12,0.9100,0.9200,0.9100,0.9200,862,0
D,2013-09-11,0.9300,0.9300,0.9050,0.9050,1065,0
D,2013-09-10,0.9200,0.9250,0.9150,0.9250,873,0
D,2013-09-09,0.9150,0.9150,0.9100,0.9100,930,0
D,2013-09-06,0.9150,0.9150,0.8950,0.9000,1875,0
D,2013-09-05,0.9050,0.9150,0.9050,0.9150,681,0
D,2013-09-04,0.9050,0.9100,0.8950,0.9000,1290,0
D,2013-09-03,0.9100,0.9250,0.9050,0.9150,730,0
D,2013-09-02,0.9100,0.9250,0.9100,0.9200,510,0
D,2013-08-30,0.9300,0.9350,0.9200,0.9300,641,0
D,2013-08-29,0.9300,0.9350,0.9300,0.9300,1409,0
D,2013-08-28,0.9200,0.9200,0.8850,0.9150,4542,0
D,2013-08-27,1.0200,1.0200,0.9450,0.9500,4710,0
D,2013-08-26,1.0300,1.0300,1.0200,1.0200,1010,0
D,2013-08-23,1.0300,1.0500,1.0200,1.0400,2230,0
D,2013-08-22,1.0400,1.0400,1.0100,1.0300,2440,0
D,2013-08-21,1.0300,1.0700,1.0300,1.0700,945,0
D,2013-08-20,1.0800,1.0800,1.0200,1.0400,1620,0
D,2013-08-19,1.1000,1.1200,1.0900,1.1000,2142,0
D,2013-08-16,1.0800,1.1200,1.0800,1.1200,2153,0
D,2013-08-15,1.0400,1.1000,1.0400,1.1000,5592,0
D,2013-08-14,1.0300,1.0300,1.0200,1.0300,2407,0
D,2013-08-13,1.0300,1.0300,1.0300,1.0300,882,0
D,2013-08-12,1.0000,1.0300,1.0000,1.0300,1646,0
D,2013-08-07,0.9950,0.9950,0.9950,0.9950,360,0
D,2013-08-06,0.9950,1.0000,0.9850,1.0000,700,0
D,2013-08-05,0.9900,1.0100,0.9900,0.9900,570,0
D,2013-08-02,1.0100,1.0200,0.9850,0.9850,908,0
D,2013-08-01,0.9600,1.0100,0.9600,1.0100,740,0
D,2013-07-31,0.9900,0.9900,0.9650,0.9650,765,0
D,2013-07-30,1.0100,1.0100,0.9550,1.0000,871,0
D,2013-07-29,1.0300,1.0300,1.0100,1.0100,1848,0
D,2013-07-26,1.0300,1.0400,1.0200,1.0300,1355,0
D,2013-07-25,1.0400,1.0400,1.0300,1.0300,954,0
D,2013-07-24,1.0400,1.0500,1.0300,1.0300,1336,0
D,2013-07-23,1.0500,1.0500,1.0300,1.0400,1515,0
D,2013-07-22,1.0400,1.0700,1.0400,1.0500,3025,0
D,2013-07-19,1.0300,1.0500,1.0300,1.0300,1919,0
D,2013-07-18,1.0300,1.0300,1.0100,1.0200,3205,0
D,2013-07-17,1.0700,1.0700,1.0300,1.0300,3645,0
D,2013-07-16,1.0900,1.1100,1.0500,1.0700,4284,0
D,2013-07-15,1.1500,1.1700,1.1400,1.1500,8917,0
D,2013-07-12,1.2100,1.2100,1.1600,1.1600,7348,0
D,2013-07-11,1.1100,1.1900,1.0900,1.1900,19604,0
D,2013-07-10,1.0900,1.1100,1.0900,1.0900,4300,0
D,2013-07-09,1.1300,1.1300,1.0800,1.0900,8437,0
D,2013-07-08,1.0700,1.1400,1.0700,1.1300,23329,0
D,2013-07-05,0.9800,1.0200,0.9800,1.0200,15133,0
D,2013-07-04,0.9200,0.9300,0.9150,0.9150,2516,0
D,2013-07-03,0.9250,0.9300,0.9000,0.9050,315,0
D,2013-07-02,0.9250,0.9500,0.9200,0.9200,3230,0
D,2013-07-01,0.8850,0.9100,0.8850,0.9100,2948,0
D,2013-06-28,0.8700,0.8800,0.8550,0.8750,2455,0
D,2013-06-27,0.8750,0.8850,0.8700,0.8700,1655,0
D,2013-06-26,0.8600,0.8650,0.8550,0.8650,749,0
D,2013-06-25,0.8700,0.8950,0.8350,0.8500,4740,0
D,2013-06-24,0.9200,0.9200,0.8550,0.8700,2750,0
D,2013-06-21,0.9050,0.9200,0.8850,0.9200,2337,0
D,2013-06-20,0.9700,0.9700,0.9200,0.9300,2362,0
D,2013-06-19,0.9950,1.0300,0.9750,0.9750,15836,0
D,2013-06-18,0.9000,0.9800,0.9000,0.9700,14384,0
D,2013-06-17,0.8400,0.9000,0.8400,0.8950,2330,0
D,2013-06-14,0.8300,0.8300,0.8200,0.8300,780,0
D,2013-06-13,0.8500,0.8500,0.8300,0.8400,760,0
D,2013-06-12,0.8550,0.8550,0.8550,0.8550,30,0
D,2013-06-11,0.8500,0.9000,0.8500,0.8550,1292,0
D,2013-06-10,0.8550,0.8600,0.8400,0.8400,2215,0
D,2013-06-07,0.8500,0.8500,0.8400,0.8400,150,0
D,2013-06-06,0.8600,0.8600,0.8400,0.8600,1091,0
D,2013-06-05,0.8600,0.8600,0.8500,0.8500,1330,0
D,2013-06-04,0.8500,0.8500,0.8500,0.8500,330,0
D,2013-06-03,0.8600,0.8750,0.8600,0.8600,1300,0
D,2013-05-31,0.8650,0.8700,0.8550,0.8600,1260,0
D,2013-05-30,0.8850,0.8850,0.8600,0.8650,1496,0
D,2013-05-29,0.8750,0.9150,0.8750,0.8800,2255,0
D,2013-05-28,0.8800,0.8850,0.8550,0.8750,1105,0
D,2013-05-27,0.8400,0.8900,0.8400,0.8850,2230,0
D,2013-05-23,0.8900,0.9100,0.8550,0.8650,2147,0
D,2013-05-22,0.9400,0.9600,0.8900,0.9100,4944,0
D,2013-05-21,0.9000,0.9350,0.9000,0.9350,4422,0
D,2013-05-20,0.8700,0.9000,0.8550,0.9000,3357,0
D,2013-05-17,0.8200,0.8400,0.8150,0.8400,2546,0
D,2013-05-16,0.8200,0.8300,0.8150,0.8200,1278,0
D,2013-05-15,0.8400,0.8400,0.7950,0.8400,3343,0
D,2013-05-14,0.8300,0.8800,0.8250,0.8500,6615,0
D,2013-05-13,0.7800,0.8350,0.7750,0.8250,7985,0
D,2013-05-10,0.7000,0.7600,0.7000,0.7550,4828,0
D,2013-05-09,0.7000,0.7100,0.6850,0.7000,1310,0
D,2013-05-08,0.7200,0.7200,0.7000,0.7000,3281,0
D,2013-05-07,0.6950,0.7150,0.6950,0.7150,2399,0
D,2013-05-06,0.6800,0.6950,0.6700,0.6950,1160,0
D,2013-05-03,0.6650,0.6650,0.6450,0.6550,816,0
D,2013-05-02,0.6600,0.6700,0.6550,0.6600,565,0
D,2013-04-30,0.6800,0.6800,0.6700,0.6800,345,0
D,2013-04-29,0.6700,0.6800,0.6600,0.6800,875,0
D,2013-04-26,0.6750,0.6750,0.6400,0.6400,1400,0
D,2013-04-25,0.6800,0.6800,0.6800,0.6800,10,0
D,2013-04-24,0.6800,0.6800,0.6500,0.6500,243,0
D,2013-04-23,0.6700,0.6850,0.6500,0.6500,430,0
D,2013-04-22,0.6850,0.7000,0.6800,0.6800,520,0
D,2013-04-19,0.6800,0.6900,0.6700,0.6800,2545,0
D,2013-04-18,0.7100,0.7100,0.6950,0.6950,1693,0
D,2013-04-17,0.7000,0.7150,0.7000,0.7150,5466,0
D,2013-04-16,0.7200,0.7200,0.6800,0.7050,370,0
D,2013-04-15,0.7250,0.7250,0.7050,0.7050,472,0
D,2013-04-12,0.7350,0.7500,0.6600,0.7000,2824,0
D,2013-04-11,0.7550,0.7550,0.7400,0.7550,4498,0
D,2013-04-10,0.8000,0.8000,0.7900,0.7950,5224,0
D,2013-04-09,0.8100,0.8100,0.7900,0.7950,4060,0
D,2013-04-08,0.8000,0.8100,0.8000,0.8100,5880,0
D,2013-04-05,0.7750,0.7900,0.7750,0.7900,8542,0
D,2013-04-04,0.7700,0.7800,0.7650,0.7700,2952,0
D,2013-04-03,0.7700,0.7700,0.7350,0.7650,6552,0
D,2013-04-02,0.7600,0.7750,0.7500,0.7700,19852,0
D,2013-04-01,0.7250,0.7550,0.7150,0.7450,41501,0
D,2013-03-29,0.6600,0.6700,0.6600,0.6700,200,0
D,2013-03-28,0.6450,0.6800,0.6450,0.6800,50,0
D,2013-03-27,0.6800,0.6800,0.6800,0.6800,60,0
D,2013-03-26,0.6550,0.6650,0.6550,0.6650,118,0
D,2013-03-25,0.6400,0.6600,0.6400,0.6400,155,0
D,2013-03-22,0.6300,0.6500,0.6300,0.6500,40,0
D,2013-03-21,0.6350,0.6350,0.6350,0.6350,20,0
D,2013-03-20,0.6300,0.6350,0.6300,0.6350,240,0
D,2013-03-19,0.6300,0.6600,0.6300,0.6300,120,0
D,2013-03-18,0.6300,0.6300,0.6300,0.6300,160,0
D,2013-03-15,0.6300,0.6300,0.6300,0.6300,70,0
D,2013-03-14,0.6300,0.6400,0.6300,0.6400,90,0
D,2013-03-13,0.6400,0.6400,0.6400,0.6400,80,0
D,2013-03-12,0.6500,0.6500,0.6500,0.6500,130,0
D,2013-03-11,0.6200,0.6500,0.6200,0.6500,120,0
D,2013-03-08,0.6200,0.6300,0.6200,0.6300,70,0
D,2013-03-07,0.6350,0.6350,0.6300,0.6300,220,0
D,2013-03-06,0.6200,0.6300,0.6200,0.6300,130,0
D,2013-03-05,0.6150,0.6150,0.6150,0.6150,0,0
D,2013-03-04,0.6250,0.6250,0.6150,0.6150,530,0
D,2013-03-01,0.6300,0.6300,0.6300,0.6300,0,0
D,2013-02-28,0.6300,0.6300,0.6300,0.6300,150,0
D,2013-02-27,0.6100,0.6250,0.6100,0.6100,300,0
D,2013-02-26,0.6200,0.6200,0.6200,0.6200,100,0
D,2013-02-25,0.6200,0.6200,0.6200,0.6200,110,0
D,2013-02-22,0.6300,0.6300,0.6300,0.6300,470,0
D,2013-02-21,0.6300,0.6300,0.6300,0.6300,0,0
D,2013-02-20,0.6300,0.6350,0.6300,0.6300,145,0
D,2013-02-19,0.6500,0.6500,0.6500,0.6500,200,0
D,2013-02-18,0.6600,0.6600,0.6600,0.6600,0,0
D,2013-02-15,0.6600,0.6600,0.6600,0.6600,160,0
D,2013-02-14,0.6600,0.6650,0.6150,0.6600,290,0
D,2013-02-13,0.6600,0.6600,0.6600,0.6600,1,0
D,2013-02-08,0.6600,0.6600,0.6600,0.6600,30,0
D,2013-02-07,0.6500,0.6650,0.6500,0.6550,330,0
D,2013-02-06,0.6500,0.6650,0.6500,0.6500,150,0
D,2013-02-05,0.6500,0.6650,0.6500,0.6650,190,0
D,2013-02-04,0.6700,0.6700,0.6650,0.6650,400,0
D,2013-01-31,0.6600,0.6600,0.6600,0.6600,0,0
D,2013-01-30,0.6600,0.6600,0.6600,0.6600,50,0
D,2013-01-29,0.7000,0.7000,0.7000,0.7000,50,0
D,2013-01-25,0.6800,0.7000,0.6800,0.7000,255,0
D,2013-01-23,0.6750,0.6800,0.6750,0.6800,75,0
D,2013-01-22,0.6450,0.6800,0.6450,0.6800,250,0
D,2013-01-21,0.6750,0.6750,0.6700,0.6700,99,0
D,2013-01-18,0.7200,0.7200,0.6800,0.7100,90,0
D,2013-01-17,0.6750,0.7200,0.6750,0.7150,270,0
D,2013-01-16,0.6700,0.6750,0.6700,0.6750,40,0
D,2013-01-15,0.6850,0.6850,0.6850,0.6850,250,0
D,2013-01-14,0.7050,0.7050,0.6900,0.6900,310,0
D,2013-01-11,0.7200,0.7200,0.7050,0.7050,190,0
D,2013-01-10,0.7300,0.7300,0.7100,0.7100,380,0
D,2013-01-09,0.7300,0.7300,0.7300,0.7300,80,0
D,2013-01-08,0.7800,0.7800,0.7250,0.7300,120,0
D,2013-01-07,0.7000,0.7800,0.7000,0.7650,610,0
D,2013-01-04,0.7100,0.7100,0.7100,0.7100,0,0
D,2013-01-03,0.7100,0.7100,0.7100,0.7100,0,0
D,2013-01-02,0.7100,0.7100,0.7100,0.7100,0,0
D,2012-12-31,0.7100,0.7100,0.7100,0.7100,50,0
D,2012-12-28,0.7000,0.7000,0.7000,0.7000,60,0
D,2012-12-27,0.6700,0.6700,0.6700,0.6700,100,0
D,2012-12-26,0.6800,0.6800,0.6600,0.6600,80,0
D,2012-12-24,0.6700,0.6700,0.6700,0.6700,10,0
D,2012-12-21,0.7000,0.7000,0.6650,0.6650,81,0
D,2012-12-20,0.6550,0.7200,0.6550,0.7200,231,0
D,2012-12-19,0.6800,0.6800,0.6800,0.6800,0,0
D,2012-12-18,0.6800,0.6800,0.6800,0.6800,50,0
D,2012-12-17,0.7300,0.7300,0.7300,0.7300,67,0
D,2012-12-14,0.7300,0.7300,0.7300,0.7300,0,0
D,2012-12-13,0.7000,0.7300,0.7000,0.7300,140,0
D,2012-12-12,0.7000,0.7000,0.7000,0.7000,0,0
D,2012-12-11,0.7000,0.7000,0.7000,0.7000,77,0
D,2012-12-10,0.7200,0.7200,0.7000,0.7000,30,0
D,2012-12-07,0.7100,0.7200,0.7100,0.7200,169,0
D,2012-12-06,0.7100,0.7100,0.7100,0.7100,61,0
D,2012-12-05,0.7150,0.7150,0.6300,0.7100,199,0
D,2012-12-04,0.7150,0.7150,0.7150,0.7150,0,0
D,2012-12-03,0.7150,0.7150,0.7150,0.7150,60,0
D,2012-11-30,0.7150,0.7150,0.7150,0.7150,0,0
D,2012-11-29,0.7100,0.7200,0.7100,0.7150,140,0
D,2012-11-28,0.7100,0.7100,0.7100,0.7100,120,0
D,2012-11-27,0.7100,0.7100,0.7100,0.7100,220,0
D,2012-11-26,0.7200,0.7250,0.7200,0.7250,90,0
D,2012-11-23,0.7300,0.7300,0.7300,0.7300,0,0
D,2012-11-22,0.7500,0.7500,0.7300,0.7300,185,0
D,2012-11-21,0.7350,0.7450,0.7350,0.7450,510,0
D,2012-11-20,0.7400,0.7400,0.7300,0.7300,150,0
D,2012-11-19,0.7600,0.7600,0.7600,0.7600,19,0
D,2012-11-16,0.7400,0.7400,0.7400,0.7400,0,0
D,2012-11-14,0.7300,0.7400,0.7300,0.7400,201,0
D,2012-11-12,0.7200,0.7200,0.7200,0.7200,0,0
D,2012-11-09,0.7200,0.7200,0.7200,0.7200,20,0
D,2012-11-08,0.7400,0.7400,0.7400,0.7400,0,0
D,2012-11-07,0.7350,0.7400,0.7350,0.7400,201,0
D,2012-11-06,0.7350,0.7350,0.7300,0.7300,130,0
D,2012-11-05,0.7400,0.7400,0.7400,0.7400,60,0
D,2012-11-02,0.7400,0.7400,0.7400,0.7400,70,0
D,2012-11-01,0.7500,0.7500,0.7500,0.7500,690,0
D,2012-10-31,0.7550,0.7550,0.7550,0.7550,20,0
D,2012-10-30,0.7600,0.7700,0.7600,0.7600,391,0
D,2012-10-29,0.7400,0.7600,0.7400,0.7500,199,0
D,2012-10-25,0.7500,0.7500,0.7400,0.7400,200,0
D,2012-10-24,0.7300,0.7450,0.7300,0.7400,470,0
D,2012-10-23,0.7550,0.7550,0.7300,0.7300,150,0
D,2012-10-22,0.7550,0.7750,0.7550,0.7750,55,0
D,2012-10-19,0.7600,0.7750,0.7500,0.7750,581,0
D,2012-10-18,0.7400,0.7500,0.7400,0.7500,70,0
D,2012-10-17,0.7500,0.7500,0.7400,0.7400,283,0
D,2012-10-16,0.7500,0.7500,0.7300,0.7300,133,0
D,2012-10-15,0.7250,0.7300,0.7250,0.7300,99,0
D,2012-10-12,0.7300,0.7350,0.7300,0.7350,87,0
D,2012-10-11,0.7200,0.7200,0.7200,0.7200,20,0
D,2012-10-10,0.7750,0.7750,0.7750,0.7750,0,0
D,2012-10-09,0.7500,0.7750,0.7500,0.7750,230,0
D,2012-10-08,0.7400,0.7450,0.7400,0.7450,130,0
D,2012-10-05,0.7700,0.7700,0.7700,0.7700,30,0
D,2012-10-04,0.7750,0.7750,0.7600,0.7600,132,0
D,2012-10-03,0.7800,0.7800,0.7500,0.7500,57,0
D,2012-05-03,0.8800,0.8850,0.8800,0.8800,530,0
D,2012-05-02,0.8850,0.8850,0.8850,0.8850,200,0
