D,2014-10-14,0.6750,0.6800,0.6700,0.6800,900,0
D,2014-10-13,0.6900,0.6900,0.6750,0.6800,620,0
D,2014-10-10,0.6950,0.6950,0.6800,0.6850,1703,0
D,2014-10-09,0.7000,0.7000,0.6950,0.6950,805,0
D,2014-10-08,0.7100,0.7100,0.6950,0.6950,1790,0
D,2014-10-07,0.7100,0.7150,0.7050,0.7050,1367,0
D,2014-10-03,0.7150,0.7150,0.7100,0.7100,290,0
D,2014-10-02,0.7150,0.7200,0.7100,0.7100,985,0
D,2014-10-01,0.7200,0.7200,0.7100,0.7100,1260,0
D,2014-09-30,0.7200,0.7200,0.7150,0.7200,670,0
D,2014-09-29,0.7300,0.7300,0.7200,0.7200,765,0
D,2014-09-26,0.7300,0.7300,0.7200,0.7200,2278,0
D,2014-09-25,0.7300,0.7300,0.7200,0.7200,1137,0
D,2014-09-24,0.7300,0.7350,0.7300,0.7350,840,0
D,2014-09-23,0.7400,0.7450,0.7250,0.7300,1787,0
D,2014-09-22,0.7300,0.7700,0.7300,0.7450,9637,0
D,2014-09-19,0.7200,0.7300,0.7200,0.7300,2915,0
D,2014-09-18,0.7200,0.7250,0.7100,0.7250,812,0
D,2014-09-17,0.7150,0.7200,0.7150,0.7200,408,0
D,2014-09-15,0.7150,0.7150,0.7050,0.7050,230,0
D,2014-09-12,0.7200,0.7200,0.7150,0.7200,320,0
D,2014-09-11,0.7200,0.7250,0.7050,0.7050,520,0
D,2014-09-10,0.7000,0.7100,0.7000,0.7050,560,0
D,2014-09-09,0.7000,0.7000,0.6950,0.6950,240,0
D,2014-09-08,0.6950,0.7050,0.6900,0.7050,664,0
D,2014-09-05,0.7050,0.7050,0.7000,0.7000,400,0
D,2014-09-04,0.7000,0.7000,0.7000,0.7000,350,0
D,2014-09-03,0.6900,0.7000,0.6900,0.7000,720,0
D,2014-09-02,0.7000,0.7000,0.6950,0.7000,194,0
D,2014-08-29,0.6950,0.7000,0.6950,0.7000,500,0
D,2014-08-28,0.7000,0.7000,0.6950,0.6950,130,0
D,2014-08-27,0.7000,0.7100,0.7000,0.7000,480,0
D,2014-08-26,0.7000,0.7100,0.7000,0.7100,360,0
D,2014-08-25,0.7200,0.7200,0.6900,0.6950,448,0
D,2014-08-22,0.7250,0.7250,0.7200,0.7200,320,0
D,2014-08-21,0.7300,0.7350,0.7200,0.7350,846,0
D,2014-08-20,0.7450,0.7500,0.7300,0.7350,4321,0
D,2014-08-19,0.7550,0.7550,0.7350,0.7350,2596,0
D,2014-08-18,0.7650,0.7650,0.7500,0.7550,3850,0
D,2014-08-15,0.7500,0.7750,0.7400,0.7500,9096,0
D,2014-08-14,0.7150,0.7250,0.7150,0.7150,955,0
D,2014-08-13,0.7100,0.7200,0.7100,0.7150,1292,0
D,2014-08-12,0.7050,0.7300,0.7000,0.7050,681,0
D,2014-08-11,0.7000,0.7100,0.6950,0.7100,250,0
D,2014-08-08,0.7000,0.7050,0.6900,0.6900,2281,0
D,2014-08-07,0.6850,0.7350,0.6850,0.7350,716,0
D,2014-08-06,0.6950,0.7000,0.6850,0.6850,1709,0
D,2014-08-05,0.6900,0.7000,0.6900,0.6950,1081,0
D,2014-08-04,0.6750,0.6950,0.6750,0.6950,1204,0
D,2014-08-01,0.6800,0.6800,0.6700,0.6700,3082,0
D,2014-07-31,0.6850,0.6950,0.6800,0.6850,2270,0
D,2014-07-30,0.7100,0.7100,0.7000,0.7050,1730,0
D,2014-07-25,0.7150,0.7150,0.7050,0.7100,4020,0
D,2014-07-24,0.7300,0.7300,0.7150,0.7150,2185,0
D,2014-07-23,0.7350,0.7350,0.7200,0.7250,1121,0
D,2014-07-22,0.7300,0.7350,0.7300,0.7350,1020,0
D,2014-07-21,0.7300,0.7550,0.7300,0.7300,4592,0
D,2014-07-18,0.7200,0.7350,0.7100,0.7300,1637,0
D,2014-07-17,0.7200,0.7350,0.7200,0.7350,1260,0
D,2014-07-16,0.7100,0.7200,0.7100,0.7150,3665,0
D,2014-07-14,0.7100,0.7300,0.7100,0.7200,1520,0
D,2014-07-11,0.7500,0.7500,0.7350,0.7350,5542,0
D,2014-07-10,0.7700,0.7700,0.7500,0.7550,4062,0
D,2014-07-09,0.7550,0.7700,0.7550,0.7650,9228,0
D,2014-07-08,0.7600,0.7700,0.7400,0.7500,3256,0
D,2014-07-07,0.7400,0.7850,0.7400,0.7600,16534,0
D,2014-07-04,0.7500,0.7500,0.7200,0.7350,3806,0
D,2014-07-03,0.7300,0.7600,0.7300,0.7500,13981,0
D,2014-07-02,0.6650,0.7300,0.6650,0.7250,15985,0
D,2014-07-01,0.6700,0.6700,0.6600,0.6600,1229,0
D,2014-06-30,0.6600,0.6750,0.6600,0.6700,1419,0
D,2014-06-27,0.7050,0.7050,0.6650,0.6750,4360,0
D,2014-06-26,0.6550,0.7100,0.6550,0.6850,16291,0
D,2014-06-25,0.6400,0.6650,0.6400,0.6500,6130,0
D,2014-06-24,0.6100,0.6450,0.6100,0.6350,2618,0
D,2014-06-23,0.6050,0.6050,0.6050,0.6050,0,0
D,2014-06-20,0.6050,0.6200,0.6000,0.6050,825,0
D,2014-06-19,0.6100,0.6100,0.6000,0.6000,1010,0
D,2014-06-18,0.6150,0.6150,0.6150,0.6150,300,0
D,2014-06-17,0.6150,0.6200,0.6100,0.6100,874,0
D,2014-06-16,0.6150,0.6200,0.6150,0.6200,650,0
D,2014-06-13,0.6050,0.6100,0.6050,0.6100,110,0
D,2014-06-12,0.6150,0.6150,0.6100,0.6100,200,0
D,2014-06-11,0.6100,0.6200,0.6100,0.6150,375,0
D,2014-06-10,0.6100,0.6100,0.6100,0.6100,310,0
D,2014-06-09,0.6300,0.6300,0.6200,0.6200,450,0
D,2014-06-06,0.6150,0.6150,0.6150,0.6150,477,0
D,2014-06-05,0.6100,0.6150,0.6100,0.6150,370,0
D,2014-06-04,0.6150,0.6150,0.6150,0.6150,500,0
D,2014-06-03,0.6200,0.6200,0.6200,0.6200,50,0
D,2014-06-02,0.6250,0.6250,0.6250,0.6250,20,0
D,2014-05-30,0.6150,0.6250,0.6050,0.6250,451,0
D,2014-05-29,0.6200,0.6200,0.6200,0.6200,0,0
D,2014-05-28,0.6200,0.6200,0.6200,0.6200,50,0
D,2014-05-27,0.6200,0.6250,0.6200,0.6200,310,0
D,2014-05-26,0.6200,0.6300,0.6200,0.6250,929,0
D,2014-05-23,0.6250,0.6250,0.6200,0.6200,470,0
D,2014-05-22,0.6200,0.6200,0.6200,0.6200,400,0
D,2014-05-21,0.6200,0.6300,0.6200,0.6200,681,0
D,2014-05-20,0.6200,0.6250,0.6200,0.6250,511,0
D,2014-05-19,0.6250,0.6300,0.6200,0.6250,1106,0
D,2014-05-16,0.6250,0.6250,0.6200,0.6250,1105,0
D,2014-05-15,0.6200,0.6250,0.6000,0.6250,616,0
D,2014-05-14,0.6100,0.6200,0.6050,0.6100,1038,0
D,2014-05-12,0.6050,0.6150,0.6050,0.6100,480,0
D,2014-05-09,0.6150,0.6150,0.6050,0.6050,420,0
D,2014-05-08,0.6050,0.6050,0.6050,0.6050,500,0
D,2014-05-07,0.6000,0.6100,0.6000,0.6100,420,0
D,2014-05-06,0.6100,0.6100,0.6100,0.6100,190,0
D,2014-05-05,0.6100,0.6250,0.6100,0.6100,1110,0
D,2014-05-02,0.6250,0.6250,0.6100,0.6200,838,0
D,2014-04-30,0.6100,0.6250,0.6100,0.6250,62,0
D,2014-04-29,0.6400,0.6400,0.6050,0.6050,1020,0
D,2014-04-28,0.6250,0.6450,0.6200,0.6350,5439,0
D,2014-04-25,0.6100,0.6250,0.6100,0.6150,1530,0
D,2014-04-24,0.6200,0.6200,0.6100,0.6100,378,0
D,2014-04-23,0.6200,0.6250,0.6200,0.6250,400,0
D,2014-04-22,0.6100,0.6100,0.6100,0.6100,100,0
D,2014-04-21,0.6050,0.6100,0.6050,0.6100,150,0
D,2014-04-18,0.6050,0.6300,0.6050,0.6200,640,0
D,2014-04-17,0.6050,0.6050,0.6050,0.6050,166,0
D,2014-04-16,0.6100,0.6150,0.6050,0.6050,970,0
D,2014-04-15,0.6050,0.6100,0.6050,0.6050,605,0
D,2014-04-14,0.6100,0.6150,0.6100,0.6150,1266,0
D,2014-04-11,0.5950,0.6000,0.5950,0.5950,850,0
D,2014-04-10,0.6100,0.6100,0.6000,0.6050,780,0
D,2014-04-09,0.6000,0.6150,0.6000,0.6150,1280,0
D,2014-04-08,0.6150,0.6150,0.6050,0.6100,620,0
D,2014-04-07,0.6200,0.6250,0.6200,0.6200,632,0
D,2014-04-04,0.6400,0.6400,0.6200,0.6350,5912,0
D,2014-04-03,0.5800,0.6550,0.5800,0.6200,10830,0
D,2014-04-02,0.5800,0.5800,0.5800,0.5800,430,0
D,2014-04-01,0.5800,0.5800,0.5750,0.5800,415,0
D,2014-03-31,0.5900,0.5900,0.5900,0.5900,260,0
D,2014-03-28,0.5600,0.5900,0.5550,0.5900,415,0
D,2014-03-27,0.5800,0.5800,0.5800,0.5800,360,0
D,2014-03-26,0.5700,0.5800,0.5700,0.5800,450,0
D,2014-03-25,0.5500,0.5800,0.5500,0.5800,50,0
D,2014-03-24,0.5950,0.5950,0.5650,0.5650,260,0
D,2014-03-21,0.5650,0.5650,0.5600,0.5650,1020,0
D,2014-03-20,0.5600,0.5600,0.5600,0.5600,100,0
D,2014-03-19,0.5600,0.5600,0.5550,0.5600,460,0
D,2014-03-18,0.5600,0.5600,0.5600,0.5600,0,0
D,2014-03-17,0.5600,0.5600,0.5600,0.5600,0,0
D,2014-03-14,0.5600,0.5600,0.5600,0.5600,30,0
D,2014-03-13,0.5750,0.5800,0.5550,0.5600,270,0
D,2014-03-12,0.5700,0.5700,0.5700,0.5700,0,0
D,2014-03-11,0.5700,0.5700,0.5700,0.5700,280,0
D,2014-03-10,0.5600,0.5650,0.5600,0.5600,250,0
D,2014-03-07,0.5600,0.5700,0.5600,0.5700,160,0
D,2014-03-06,0.5800,0.5800,0.5650,0.5650,150,0
D,2014-03-05,0.5750,0.5750,0.5650,0.5700,1897,0
D,2014-03-04,0.5650,0.5650,0.5600,0.5650,170,0
D,2014-03-03,0.5900,0.5900,0.5700,0.5700,80,0
D,2014-02-28,0.5600,0.5600,0.5600,0.5600,0,0
D,2014-02-27,0.5600,0.5650,0.5600,0.5600,680,0
D,2014-02-26,0.5700,0.5700,0.5700,0.5700,0,0
D,2014-02-25,0.5750,0.5750,0.5700,0.5700,100,0
D,2014-02-24,0.5750,0.5750,0.5700,0.5700,550,0
D,2014-02-21,0.5750,0.5750,0.5700,0.5750,465,0
D,2014-02-20,0.5800,0.5800,0.5800,0.5800,30,0
D,2014-02-19,0.5800,0.5800,0.5800,0.5800,100,0
D,2014-02-18,0.5900,0.5900,0.5900,0.5900,0,0
D,2014-02-17,0.5900,0.5900,0.5900,0.5900,42,0
D,2014-02-14,0.5900,0.5900,0.5900,0.5900,40,0
D,2014-02-13,0.5900,0.5900,0.5900,0.5900,0,0
D,2014-02-12,0.5850,0.5900,0.5800,0.5900,500,0
D,2014-02-11,0.5800,0.5800,0.5800,0.5800,500,0
D,2014-02-10,0.5800,0.5800,0.5750,0.5750,120,0
D,2014-02-07,0.5700,0.5700,0.5700,0.5700,20,0
D,2014-02-06,0.5800,0.5800,0.5800,0.5800,0,0
D,2014-02-05,0.5900,0.5900,0.5800,0.5800,200,0
D,2014-02-04,0.5800,0.5800,0.5800,0.5800,0,0
D,2014-01-30,0.5800,0.5800,0.5800,0.5800,300,0
D,2014-01-29,0.5850,0.5900,0.5800,0.5800,3100,0
D,2014-01-28,0.5900,0.5900,0.5800,0.5800,795,0
D,2014-01-27,0.5900,0.5900,0.5900,0.5900,250,0
D,2014-01-24,0.6000,0.6000,0.6000,0.6000,250,0
D,2014-01-23,0.6000,0.6000,0.6000,0.6000,300,0
D,2014-01-22,0.5900,0.6000,0.5900,0.6000,545,0
D,2014-01-21,0.5950,0.5950,0.5950,0.5950,0,0
D,2014-01-20,0.5950,0.5950,0.5900,0.5950,260,0
D,2014-01-16,0.6000,0.6000,0.5900,0.5900,340,0
D,2014-01-15,0.5950,0.6000,0.5950,0.5950,850,0
D,2014-01-13,0.6000,0.6000,0.5950,0.5950,430,0
D,2014-01-10,0.6000,0.6000,0.5950,0.6000,3540,0
D,2014-01-09,0.6050,0.6050,0.5950,0.6000,4680,0
D,2014-01-08,0.6000,0.6100,0.6000,0.6050,1040,0
D,2014-01-07,0.6000,0.6050,0.6000,0.6000,1260,0
D,2014-01-06,0.6000,0.6000,0.6000,0.6000,1160,0
D,2014-01-03,0.6000,0.6000,0.6000,0.6000,983,0
D,2014-01-02,0.6000,0.6000,0.6000,0.6000,220,0
D,2013-12-31,0.5850,0.6000,0.5850,0.6000,570,0
D,2013-12-30,0.6000,0.6000,0.6000,0.6000,100,0
D,2013-12-27,0.6000,0.6000,0.6000,0.6000,900,0
D,2013-12-26,0.5950,0.6000,0.5950,0.6000,1151,0
D,2013-12-24,0.5900,0.5950,0.5900,0.5950,1640,0
D,2013-12-23,0.5900,0.5900,0.5900,0.5900,0,0
D,2013-12-20,0.5900,0.5900,0.5800,0.5900,310,0
D,2013-12-19,0.5900,0.5900,0.5900,0.5900,200,0
D,2013-12-18,0.5900,0.5900,0.5900,0.5900,100,0
D,2013-12-17,0.5800,0.5800,0.5750,0.5800,870,0
D,2013-12-16,0.5800,0.5800,0.5800,0.5800,150,0
D,2013-12-13,0.5800,0.5800,0.5750,0.5800,510,0
D,2013-12-12,0.5800,0.5800,0.5750,0.5750,173,0
D,2013-12-11,0.5750,0.5750,0.5750,0.5750,600,0
D,2013-12-10,0.5800,0.5800,0.5800,0.5800,50,0
D,2013-12-09,0.5800,0.5800,0.5800,0.5800,0,0
D,2013-12-06,0.5800,0.5800,0.5800,0.5800,200,0
D,2013-12-05,0.5800,0.5800,0.5800,0.5800,150,0
D,2013-12-04,0.5800,0.5800,0.5800,0.5800,200,0
D,2013-12-03,0.5850,0.5850,0.5800,0.5800,80,0
D,2013-12-02,0.5800,0.5800,0.5800,0.5800,200,0
D,2013-11-29,0.5800,0.5800,0.5800,0.5800,150,0
D,2013-11-28,0.5800,0.5800,0.5800,0.5800,80,0
D,2013-11-27,0.5800,0.5800,0.5750,0.5800,610,0
D,2013-11-26,0.5800,0.5800,0.5800,0.5800,100,0
D,2013-11-25,0.5700,0.5750,0.5700,0.5750,435,0
D,2013-11-22,0.5800,0.5800,0.5700,0.5750,460,0
D,2013-11-21,0.5800,0.5800,0.5800,0.5800,660,0
D,2013-11-20,0.5900,0.5900,0.5900,0.5900,100,0
D,2013-11-19,0.5850,0.5850,0.5850,0.5850,200,0
D,2013-11-18,0.6000,0.6000,0.5850,0.5850,60,0
D,2013-11-15,0.5900,0.6500,0.5900,0.6000,940,0
D,2013-11-14,0.5800,0.5900,0.5800,0.5800,440,0
D,2013-11-13,0.5750,0.5800,0.5750,0.5800,65,0
D,2013-11-12,0.5700,0.5800,0.5700,0.5800,290,0
D,2013-11-11,0.5800,0.5800,0.5800,0.5800,300,0
D,2013-11-08,0.5800,0.5800,0.5800,0.5800,0,0
D,2013-11-07,0.5800,0.5800,0.5800,0.5800,0,0
D,2013-11-06,0.5800,0.5800,0.5800,0.5800,250,0
D,2013-11-04,0.5800,0.5800,0.5800,0.5800,240,0
D,2013-11-01,0.5800,0.5800,0.5800,0.5800,0,0
D,2013-10-31,0.6000,0.6000,0.5800,0.5800,150,0
D,2013-10-30,0.5800,0.5800,0.5800,0.5800,80,0
D,2013-10-29,0.5800,0.5800,0.5800,0.5800,0,0
D,2013-10-28,0.5700,0.5800,0.5700,0.5800,398,0
D,2013-10-25,0.5650,0.5800,0.5650,0.5800,100,0
D,2013-10-24,0.5800,0.5800,0.5700,0.5800,1200,0
D,2013-10-23,0.5800,0.5800,0.5800,0.5800,0,0
D,2013-10-22,0.5700,0.5800,0.5700,0.5800,120,0
D,2013-10-21,0.5800,0.5800,0.5800,0.5800,0,0
D,2013-10-18,0.5800,0.5900,0.5800,0.5800,299,0
D,2013-10-17,0.5750,0.5750,0.5750,0.5750,77,0
D,2013-10-16,0.6000,0.6000,0.6000,0.6000,0,0
D,2013-10-14,0.5900,0.6000,0.5900,0.6000,140,0
D,2013-10-11,0.6100,0.6100,0.6100,0.6100,0,0
D,2013-10-10,0.5850,0.6100,0.5850,0.6100,253,0
D,2013-10-09,0.5800,0.6100,0.5800,0.6100,42,0
D,2013-10-08,0.5850,0.5850,0.5850,0.5850,0,0
D,2013-10-07,0.5900,0.5900,0.5850,0.5850,540,0
D,2013-10-04,0.5950,0.5950,0.5750,0.5750,680,0
D,2013-10-03,0.5850,0.5900,0.5800,0.5900,210,0
D,2013-10-02,0.6000,0.6000,0.5800,0.5800,930,0
D,2013-10-01,0.6000,0.6000,0.5950,0.5950,150,0
D,2013-09-30,0.5950,0.5950,0.5950,0.5950,100,0
D,2013-09-27,0.5950,0.6000,0.5950,0.5950,687,0
D,2013-09-26,0.5900,0.6050,0.5900,0.6000,968,0
D,2013-09-25,0.5900,0.6000,0.5900,0.5900,750,0
D,2013-09-24,0.5800,0.5800,0.5800,0.5800,0,0
D,2013-09-23,0.5800,0.5800,0.5800,0.5800,400,0
D,2013-09-20,0.6000,0.6000,0.5800,0.6000,420,0
D,2013-09-19,0.6000,0.6000,0.6000,0.6000,50,0
D,2013-09-18,0.5950,0.5950,0.5950,0.5950,50,0
D,2013-09-17,0.6000,0.6000,0.6000,0.6000,0,0
D,2013-09-13,0.6000,0.6000,0.6000,0.6000,0,0
D,2013-09-12,0.6000,0.6000,0.6000,0.6000,100,0
D,2013-09-11,0.5900,0.5900,0.5850,0.5900,120,0
D,2013-09-10,0.5900,0.5900,0.5850,0.5850,180,0
D,2013-09-09,0.5800,0.5800,0.5800,0.5800,200,0
D,2013-09-06,0.5800,0.5800,0.5800,0.5800,350,0
D,2013-09-05,0.5800,0.5800,0.5800,0.5800,0,0
D,2013-09-04,0.5800,0.5800,0.5800,0.5800,60,0
D,2013-09-03,0.6000,0.6000,0.5800,0.5800,270,0
D,2013-09-02,0.5950,0.5950,0.5950,0.5950,0,0
D,2013-08-30,0.5800,0.5950,0.5800,0.5950,224,0
D,2013-08-29,0.5800,0.5800,0.5500,0.5700,1876,0
D,2013-08-28,0.5650,0.6000,0.5500,0.6000,1014,0
D,2013-08-27,0.5950,0.5950,0.5800,0.5800,240,0
D,2013-08-26,0.6050,0.6050,0.6000,0.6000,1290,0
D,2013-08-23,0.6100,0.6100,0.6050,0.6050,490,0
D,2013-08-22,0.6150,0.6200,0.6050,0.6100,460,0
D,2013-08-21,0.6100,0.6200,0.6100,0.6200,350,0
D,2013-08-20,0.6200,0.6200,0.6100,0.6100,470,0
D,2013-08-19,0.6200,0.6200,0.6200,0.6200,1528,0
D,2013-08-16,0.6100,0.6150,0.6100,0.6150,110,0
D,2013-08-15,0.6100,0.6200,0.6100,0.6200,110,0
D,2013-08-14,0.6100,0.6100,0.6050,0.6050,1250,0
D,2013-08-13,0.6050,0.6050,0.6050,0.6050,360,0
D,2013-08-12,0.6100,0.6100,0.6050,0.6050,500,0
D,2013-08-07,0.6200,0.6200,0.6200,0.6200,170,0
D,2013-08-06,0.6100,0.6200,0.6100,0.6100,180,0
D,2013-08-05,0.6100,0.6100,0.6100,0.6100,30,0
D,2013-08-02,0.6100,0.6100,0.6050,0.6050,450,0
D,2013-08-01,0.6050,0.6100,0.6050,0.6100,340,0
D,2013-07-31,0.6100,0.6100,0.6050,0.6100,1490,0
D,2013-07-30,0.6100,0.6100,0.6050,0.6100,500,0
D,2013-07-29,0.6150,0.6150,0.6100,0.6100,570,0
D,2013-07-26,0.6200,0.6200,0.6200,0.6200,0,0
D,2013-07-25,0.6150,0.6200,0.6150,0.6200,396,0
D,2013-07-24,0.6150,0.6150,0.6150,0.6150,300,0
D,2013-07-23,0.6150,0.6150,0.6150,0.6150,60,0
D,2013-07-22,0.6150,0.6150,0.6150,0.6150,130,0
D,2013-07-19,0.6100,0.6150,0.6100,0.6150,600,0
D,2013-07-18,0.6200,0.6250,0.6200,0.6250,30,0
D,2013-07-17,0.6100,0.6300,0.6100,0.6300,360,0
D,2013-07-16,0.6100,0.6200,0.6100,0.6200,1150,0
D,2013-07-15,0.6150,0.6150,0.6150,0.6150,710,0
D,2013-07-12,0.6150,0.6200,0.6150,0.6150,1000,0
D,2013-07-11,0.6150,0.6200,0.6050,0.6150,4310,0
D,2013-07-10,0.6150,0.6150,0.6100,0.6100,520,0
D,2013-07-09,0.6200,0.6200,0.6200,0.6200,730,0
D,2013-07-08,0.6300,0.6300,0.6300,0.6300,100,0
D,2013-07-05,0.6200,0.6300,0.6200,0.6300,120,0
D,2013-07-04,0.6200,0.6250,0.6200,0.6250,231,0
D,2013-07-03,0.6250,0.6250,0.6200,0.6200,410,0
D,2013-07-02,0.6200,0.6200,0.6150,0.6200,330,0
D,2013-07-01,0.6200,0.6200,0.6200,0.6200,310,0
D,2013-06-28,0.6300,0.6300,0.6200,0.6200,22,0
D,2013-06-27,0.6200,0.6300,0.6200,0.6300,160,0
D,2013-06-26,0.6200,0.6200,0.6150,0.6150,270,0
D,2013-06-25,0.6150,0.6150,0.6150,0.6150,50,0
D,2013-06-24,0.6300,0.6300,0.6200,0.6200,420,0
D,2013-06-21,0.6100,0.6100,0.6100,0.6100,130,0
D,2013-06-20,0.6600,0.7050,0.6100,0.6100,580,0
D,2013-06-19,0.6200,0.6200,0.6200,0.6200,110,0
D,2013-06-18,0.6200,0.6200,0.6100,0.6100,300,0
D,2013-06-17,0.6200,0.6200,0.6100,0.6100,150,0
D,2013-06-14,0.6200,0.6200,0.6200,0.6200,370,0
D,2013-06-13,0.6200,0.6200,0.6200,0.6200,80,0
D,2013-06-12,0.6200,0.6300,0.6200,0.6200,100,0
D,2013-06-11,0.6400,0.6400,0.6300,0.6350,350,0
D,2013-06-10,0.6450,0.6500,0.6350,0.6500,760,0
D,2013-06-07,0.6300,0.6350,0.6250,0.6300,815,0
D,2013-06-06,0.6400,0.6400,0.6400,0.6400,198,0
D,2013-06-05,0.6250,0.6250,0.6250,0.6250,70,0
D,2013-06-04,0.6300,0.6300,0.6300,0.6300,100,0
D,2013-06-03,0.6800,0.6800,0.6400,0.6400,1000,0
D,2013-05-31,0.6600,0.6600,0.6400,0.6400,550,0
D,2013-05-30,0.6600,0.6800,0.6600,0.6750,1662,0
D,2013-05-29,0.6750,0.6800,0.6750,0.6750,480,0
D,2013-05-28,0.6800,0.6900,0.6800,0.6900,2510,0
D,2013-05-27,0.6600,0.6800,0.6600,0.6750,368,0
D,2013-05-23,0.6850,0.6850,0.6650,0.6650,711,0
D,2013-05-22,0.7600,0.7600,0.6800,0.6850,4415,0
D,2013-05-21,0.6700,0.7650,0.6550,0.7400,15828,0
D,2013-05-20,0.6300,0.6550,0.6300,0.6550,1672,0
D,2013-05-17,0.6300,0.6300,0.6200,0.6250,1450,0
D,2013-05-16,0.6350,0.6350,0.6300,0.6300,323,0
D,2013-05-15,0.6500,0.6500,0.6350,0.6450,590,0
D,2013-05-14,0.6500,0.6500,0.6400,0.6450,1470,0
D,2013-05-13,0.6800,0.6800,0.6300,0.6450,1850,0
D,2013-05-10,0.6000,0.6600,0.6000,0.6600,995,0
D,2013-05-09,0.6050,0.6050,0.6000,0.6000,600,0
D,2013-05-08,0.6000,0.6050,0.6000,0.6000,780,0
D,2013-05-07,0.6000,0.6000,0.5950,0.6000,812,0
D,2013-05-06,0.5900,0.6000,0.5850,0.5850,230,0
D,2013-05-03,0.5850,0.5850,0.5800,0.5800,410,0
D,2013-05-02,0.5900,0.5900,0.5900,0.5900,0,0
D,2013-04-30,0.5900,0.5900,0.5900,0.5900,0,0
D,2013-04-29,0.5900,0.5900,0.5900,0.5900,10,0
D,2013-04-26,0.6100,0.6100,0.5900,0.5900,310,0
D,2013-04-25,0.6000,0.6000,0.6000,0.6000,0,0
D,2013-04-24,0.6000,0.6000,0.6000,0.6000,0,0
D,2013-04-23,0.6000,0.6100,0.6000,0.6000,1350,0
D,2013-04-22,0.6000,0.6000,0.6000,0.6000,0,0
D,2013-04-19,0.6000,0.6000,0.6000,0.6000,248,0
D,2013-04-18,0.6000,0.6000,0.5950,0.6000,400,0
D,2013-04-17,0.5950,0.6000,0.5900,0.6000,529,0
D,2013-04-16,0.6000,0.6000,0.6000,0.6000,70,0
D,2013-04-15,0.5900,0.5900,0.5900,0.5900,200,0
D,2013-04-12,0.6000,0.6000,0.6000,0.6000,300,0
D,2013-04-11,0.6000,0.6000,0.6000,0.6000,420,0
D,2013-04-10,0.6000,0.6000,0.6000,0.6000,30,0
D,2013-04-09,0.5950,0.5950,0.5950,0.5950,480,0
D,2013-04-08,0.6100,0.6100,0.5950,0.6000,610,0
D,2013-04-05,0.5900,0.5900,0.5900,0.5900,100,0
D,2013-04-04,0.5900,0.5900,0.5900,0.5900,350,0
D,2013-04-03,0.6050,0.6050,0.5950,0.6000,580,0
D,2013-04-02,0.6000,0.6000,0.5950,0.6000,1100,0
D,2013-04-01,0.6000,0.6000,0.6000,0.6000,0,0
D,2013-03-29,0.6000,0.6000,0.6000,0.6000,10,0
D,2013-03-28,0.6100,0.6100,0.6000,0.6000,190,0
D,2013-03-27,0.6000,0.6100,0.6000,0.6100,498,0
D,2013-03-26,0.5950,0.6000,0.5950,0.5950,395,0
D,2013-03-25,0.5900,0.5950,0.5900,0.5950,112,0
D,2013-03-22,0.6000,0.6000,0.6000,0.6000,300,0
D,2013-03-21,0.6000,0.6000,0.6000,0.6000,0,0
D,2013-03-20,0.6000,0.6000,0.6000,0.6000,0,0
D,2013-03-19,0.6000,0.6000,0.6000,0.6000,0,0
D,2013-03-18,0.5900,0.6000,0.5800,0.6000,826,0
D,2013-03-15,0.6100,0.6100,0.6100,0.6100,145,0
D,2013-03-14,0.6150,0.6150,0.6100,0.6100,260,0
D,2013-03-13,0.6000,0.6200,0.5900,0.6200,230,0
D,2013-03-12,0.6000,0.6000,0.6000,0.6000,80,0
D,2013-03-11,0.6000,0.6000,0.6000,0.6000,20,0
D,2013-03-08,0.6000,0.6000,0.6000,0.6000,40,0
D,2013-03-07,0.6000,0.6000,0.6000,0.6000,20,0
D,2013-03-06,0.6100,0.6100,0.6100,0.6100,90,0
D,2013-03-05,0.6200,0.6200,0.6100,0.6100,195,0
D,2013-03-04,0.6050,0.6050,0.6000,0.6000,1011,0
D,2013-03-01,0.6100,0.6100,0.6100,0.6100,120,0
D,2013-02-28,0.6100,0.6100,0.6100,0.6100,0,0
D,2013-02-27,0.6100,0.6100,0.6100,0.6100,200,0
D,2013-02-26,0.6050,0.6100,0.6050,0.6100,327,0
D,2013-02-25,0.6050,0.6050,0.6050,0.6050,100,0
D,2013-02-22,0.6100,0.6100,0.6100,0.6100,281,0
D,2013-02-21,0.6100,0.6100,0.6050,0.6050,520,0
D,2013-02-20,0.6100,0.6100,0.6100,0.6100,530,0
D,2013-02-19,0.6200,0.6250,0.6200,0.6200,1040,0
D,2013-02-18,0.6250,0.6250,0.6250,0.6250,70,0
D,2013-02-15,0.6300,0.6300,0.6250,0.6250,220,0
D,2013-02-14,0.6200,0.6200,0.6200,0.6200,100,0
D,2013-02-13,0.6250,0.6250,0.6250,0.6250,30,0
D,2013-02-08,0.6250,0.6250,0.6250,0.6250,100,0
D,2013-02-07,0.6250,0.6250,0.6200,0.6250,330,0
D,2013-02-06,0.6200,0.6200,0.6200,0.6200,158,0
D,2013-02-05,0.6300,0.6300,0.6300,0.6300,1000,0
D,2013-02-04,0.6400,0.6400,0.6300,0.6300,580,0
D,2013-01-31,0.6400,0.6400,0.6400,0.6400,1292,0
D,2013-01-30,0.6900,0.6950,0.6500,0.6600,5410,0
D,2013-01-29,0.6500,0.7100,0.6500,0.6850,6679,0
D,2013-01-25,0.6300,0.6300,0.6300,0.6300,320,0
D,2013-01-23,0.6300,0.6300,0.6250,0.6250,200,0
D,2013-01-22,0.6100,0.6200,0.6100,0.6200,1140,0
D,2013-01-21,0.6300,0.6300,0.6200,0.6200,1627,0
D,2013-01-18,0.6600,0.6600,0.6600,0.6600,44,0
D,2013-01-17,0.6400,0.6500,0.6400,0.6500,160,0
D,2013-01-16,0.6400,0.6400,0.6400,0.6400,156,0
D,2013-01-15,0.6500,0.6500,0.6350,0.6400,423,0
D,2013-01-14,0.6300,0.6500,0.6300,0.6500,610,0
D,2013-01-11,0.6300,0.6300,0.6300,0.6300,180,0
D,2013-01-10,0.6250,0.6350,0.6250,0.6350,430,0
D,2013-01-09,0.6250,0.6250,0.6250,0.6250,110,0
D,2013-01-08,0.6250,0.6250,0.6250,0.6250,110,0
D,2013-01-07,0.6250,0.6250,0.6250,0.6250,100,0
D,2013-01-04,0.6350,0.6400,0.6250,0.6250,500,0
D,2013-01-03,0.6350,0.6350,0.6350,0.6350,1540,0
D,2013-01-02,0.6400,0.6400,0.6350,0.6350,1000,0
D,2012-12-31,0.6350,0.6500,0.6350,0.6500,240,0
D,2012-12-28,0.6400,0.6400,0.6400,0.6400,750,0
D,2012-12-27,0.6400,0.6400,0.6400,0.6400,800,0
D,2012-12-26,0.6300,0.6500,0.6300,0.6500,1434,0
D,2012-12-24,0.6450,0.6450,0.6300,0.6300,66,0
D,2012-12-21,0.6400,0.6450,0.6200,0.6450,204,0
D,2012-12-20,0.6400,0.6500,0.6400,0.6500,750,0
D,2012-12-19,0.6300,0.6500,0.6300,0.6400,1550,0
D,2012-12-18,0.6000,0.6200,0.6000,0.6200,2446,0
D,2012-12-17,0.5900,0.6000,0.5900,0.6000,1530,0
D,2012-12-14,0.5950,0.5950,0.5950,0.5950,350,0
D,2012-12-13,0.5950,0.5950,0.5950,0.5950,100,0
D,2012-12-12,0.5900,0.5900,0.5850,0.5850,501,0
D,2012-12-11,0.5900,0.5900,0.5900,0.5900,100,0
D,2012-12-10,0.5900,0.6000,0.5900,0.6000,40,0
D,2012-12-07,0.6000,0.6000,0.5900,0.6000,610,0
D,2012-12-06,0.5900,0.5900,0.5900,0.5900,490,0
D,2012-12-05,0.5800,0.6000,0.5800,0.5900,390,0
D,2012-12-04,0.5750,0.5750,0.5600,0.5600,200,0
D,2012-12-03,0.5900,0.5900,0.5900,0.5900,50,0
D,2012-11-30,0.6000,0.6000,0.5900,0.5900,1050,0
D,2012-11-29,0.6000,0.6000,0.5850,0.5850,210,0
D,2012-11-28,0.6000,0.6000,0.6000,0.6000,0,0
D,2012-11-27,0.5900,0.6050,0.5900,0.6000,470,0
D,2012-11-26,0.5800,0.5800,0.5800,0.5800,100,0
D,2012-11-23,0.5900,0.5950,0.5800,0.5950,350,0
D,2012-11-22,0.5900,0.5900,0.5900,0.5900,50,0
D,2012-11-21,0.5950,0.5950,0.5900,0.5900,200,0
D,2012-11-20,0.6000,0.6000,0.5900,0.5900,790,0
D,2012-11-19,0.6050,0.6050,0.6000,0.6050,1880,0
D,2012-11-16,0.6000,0.6000,0.5900,0.5900,900,0
D,2012-11-14,0.5950,0.6000,0.5950,0.5950,540,0
D,2012-11-12,0.5950,0.6000,0.5950,0.6000,310,0
D,2012-11-09,0.6000,0.6000,0.5900,0.6000,1305,0
D,2012-11-08,0.6000,0.6000,0.6000,0.6000,200,0
D,2012-11-07,0.6000,0.6000,0.6000,0.6000,870,0
D,2012-11-06,0.6000,0.6000,0.5900,0.5950,1470,0
D,2012-11-05,0.6000,0.6000,0.6000,0.6000,100,0
D,2012-11-02,0.5900,0.6100,0.5900,0.5950,1860,0
D,2012-11-01,0.5900,0.5900,0.5900,0.5900,300,0
D,2012-10-31,0.6000,0.6000,0.5950,0.6000,1600,0
D,2012-10-30,0.6000,0.6000,0.6000,0.6000,60,0
D,2012-10-29,0.6000,0.6000,0.6000,0.6000,0,0
D,2012-10-25,0.6000,0.6000,0.6000,0.6000,500,0
D,2012-10-24,0.6000,0.6000,0.6000,0.6000,310,0
D,2012-10-23,0.6000,0.6100,0.6000,0.6000,680,0
D,2012-10-22,0.6300,0.6300,0.6000,0.6000,238,0
D,2012-10-19,0.6050,0.6100,0.6050,0.6100,200,0
D,2012-10-18,0.6000,0.6000,0.6000,0.6000,130,0
D,2012-10-17,0.6000,0.6000,0.6000,0.6000,0,0
D,2012-10-16,0.6000,0.6000,0.6000,0.6000,50,0
D,2012-10-15,0.6200,0.6200,0.6000,0.6000,150,0
D,2012-10-12,0.6000,0.6000,0.6000,0.6000,250,0
D,2012-10-11,0.6000,0.6000,0.5950,0.5950,470,0
D,2012-10-10,0.6050,0.6050,0.6000,0.6050,1350,0
D,2012-10-09,0.6050,0.6050,0.6000,0.6000,310,0
D,2012-10-08,0.6050,0.6050,0.6050,0.6050,0,0
D,2012-10-05,0.6050,0.6050,0.6050,0.6050,600,0
D,2012-10-04,0.6000,0.6050,0.6000,0.6000,250,0
D,2012-10-03,0.6000,0.6000,0.6000,0.6000,0,0
D,2012-05-03,0.7200,0.7200,0.7200,0.7200,0,0
D,2012-05-02,0.7300,0.7300,0.7200,0.7200,240,0
