D,2014-10-14,0.0050,0.0100,0.0050,0.0050,27960,0
D,2014-10-13,0.0050,0.0050,0.0050,0.0050,13900,0
D,2014-10-10,0.0150,0.0150,0.0100,0.0100,17700,0
D,2014-10-09,0.0150,0.0150,0.0150,0.0150,1000,0
D,2014-10-08,0.0250,0.0250,0.0150,0.0150,24050,0
D,2014-10-07,0.0300,0.0300,0.0250,0.0250,900,0
D,2014-10-03,0.0300,0.0300,0.0300,0.0300,0,0
D,2014-10-02,0.0300,0.0300,0.0300,0.0300,0,0
D,2014-10-01,0.0350,0.0350,0.0300,0.0300,501,0
D,2014-09-30,0.0300,0.0300,0.0300,0.0300,0,0
D,2014-09-29,0.0300,0.0300,0.0300,0.0300,0,0
D,2014-09-26,0.0300,0.0300,0.0300,0.0300,2000,0
D,2014-09-25,0.0350,0.0550,0.0350,0.0350,1300,0
D,2014-09-24,0.0300,0.0300,0.0300,0.0300,6000,0
D,2014-09-23,0.0450,0.0450,0.0450,0.0450,0,0
D,2014-09-22,0.0450,0.0450,0.0450,0.0450,0,0
D,2014-09-19,0.0450,0.0450,0.0450,0.0450,0,0
D,2014-09-18,0.0450,0.0450,0.0450,0.0450,0,0
D,2014-09-17,0.0450,0.0450,0.0450,0.0450,0,0
D,2014-09-15,0.0450,0.0450,0.0450,0.0450,0,0
D,2014-09-12,0.0450,0.0450,0.0450,0.0450,0,0
D,2014-09-11,0.0450,0.0450,0.0450,0.0450,500,0
D,2014-09-10,0.0450,0.0450,0.0450,0.0450,0,0
D,2014-09-09,0.0450,0.0450,0.0450,0.0450,0,0
D,2014-09-08,0.0450,0.0450,0.0450,0.0450,0,0
D,2014-09-05,0.0450,0.0450,0.0450,0.0450,1000,0
D,2014-09-04,0.0500,0.0500,0.0500,0.0500,0,0
D,2014-09-03,0.0500,0.0500,0.0500,0.0500,0,0
D,2014-09-02,0.0450,0.0500,0.0450,0.0500,1328,0
D,2014-08-29,0.0550,0.0550,0.0550,0.0550,0,0
D,2014-08-28,0.0550,0.0550,0.0550,0.0550,0,0
D,2014-08-27,0.0550,0.0550,0.0550,0.0550,680,0
D,2014-08-26,0.0500,0.0500,0.0500,0.0500,0,0
D,2014-08-25,0.0500,0.0500,0.0500,0.0500,0,0
D,2014-08-22,0.0500,0.0500,0.0500,0.0500,2000,0
D,2014-08-21,0.0450,0.0450,0.0450,0.0450,50,0
D,2014-08-20,0.0450,0.0450,0.0450,0.0450,1050,0
D,2014-08-19,0.0450,0.0450,0.0450,0.0450,0,0
D,2014-08-18,0.0450,0.0450,0.0450,0.0450,280,0
D,2014-08-15,0.0450,0.0450,0.0450,0.0450,60,0
D,2014-08-14,0.0500,0.0500,0.0500,0.0500,0,0
D,2014-08-13,0.0500,0.0500,0.0500,0.0500,1500,0
D,2014-08-12,0.0500,0.0500,0.0500,0.0500,0,0
D,2014-08-11,0.0500,0.0500,0.0500,0.0500,0,0
D,2014-08-08,0.0500,0.0500,0.0500,0.0500,5500,0
D,2014-08-07,0.0550,0.0550,0.0550,0.0550,500,0
D,2014-08-06,0.0600,0.0600,0.0600,0.0600,0,0
D,2014-08-05,0.0600,0.0600,0.0600,0.0600,88,0
D,2014-08-04,0.0550,0.0550,0.0550,0.0550,100,0
D,2014-08-01,0.0550,0.0550,0.0550,0.0550,500,0
D,2014-07-31,0.0600,0.0600,0.0600,0.0600,0,0
D,2014-07-30,0.0600,0.0600,0.0600,0.0600,1000,0
D,2014-07-25,0.0600,0.0600,0.0600,0.0600,2850,0
D,2014-07-24,0.0650,0.0650,0.0650,0.0650,0,0
D,2014-07-23,0.0650,0.0650,0.0650,0.0650,500,0
D,2014-07-22,0.0650,0.0650,0.0650,0.0650,500,0
D,2014-07-21,0.0650,0.0650,0.0650,0.0650,500,0
D,2014-07-18,0.0700,0.0700,0.0700,0.0700,0,0
D,2014-07-17,0.0700,0.0700,0.0700,0.0700,0,0
D,2014-07-16,0.0700,0.0700,0.0700,0.0700,1300,0
D,2014-07-14,0.0700,0.0700,0.0700,0.0700,500,0
D,2014-07-11,0.0700,0.0700,0.0700,0.0700,1000,0
D,2014-07-10,0.0700,0.0700,0.0700,0.0700,600,0
D,2014-07-09,0.0650,0.0650,0.0650,0.0650,400,0
D,2014-07-08,0.0650,0.0650,0.0650,0.0650,0,0
D,2014-07-07,0.0650,0.0650,0.0650,0.0650,0,0
D,2014-07-04,0.0650,0.0650,0.0650,0.0650,0,0
D,2014-07-03,0.0650,0.0650,0.0650,0.0650,120,0
D,2014-07-02,0.0650,0.0650,0.0650,0.0650,0,0
D,2014-07-01,0.0650,0.0650,0.0650,0.0650,0,0
D,2014-06-30,0.0700,0.0700,0.0650,0.0650,400,0
D,2014-06-27,0.0700,0.0700,0.0700,0.0700,1000,0
D,2014-06-26,0.0700,0.0700,0.0700,0.0700,1000,0
D,2014-06-25,0.0700,0.0700,0.0700,0.0700,0,0
D,2014-06-24,0.0700,0.0700,0.0700,0.0700,350,0
D,2014-06-23,0.0750,0.0750,0.0700,0.0700,989,0
D,2014-06-20,0.0750,0.0800,0.0750,0.0750,11135,0
D,2014-06-19,0.0650,0.0650,0.0650,0.0650,20,0
D,2014-06-18,0.0700,0.0700,0.0650,0.0650,3550,0
D,2014-06-17,0.0650,0.0700,0.0650,0.0700,500,0
D,2014-06-16,0.0650,0.0650,0.0650,0.0650,400,0
D,2014-06-13,0.0650,0.0650,0.0650,0.0650,1500,0
D,2014-06-12,0.0650,0.0700,0.0650,0.0700,1020,0
D,2014-06-11,0.0550,0.0550,0.0550,0.0550,0,0
D,2014-06-10,0.0550,0.0550,0.0550,0.0550,285,0
D,2014-06-09,0.0500,0.0500,0.0500,0.0500,1968,0
D,2014-06-06,0.0550,0.0550,0.0550,0.0550,0,0
D,2014-06-05,0.0550,0.0550,0.0550,0.0550,500,0
D,2014-06-04,0.0550,0.0550,0.0550,0.0550,2400,0
D,2014-06-03,0.0550,0.0550,0.0550,0.0550,100,0
D,2014-06-02,0.0650,0.0650,0.0650,0.0650,2000,0
D,2014-05-30,0.0600,0.0600,0.0600,0.0600,800,0
D,2014-05-29,0.0600,0.0600,0.0600,0.0600,0,0
D,2014-05-28,0.0600,0.0600,0.0600,0.0600,1600,0
D,2014-05-27,0.0550,0.0550,0.0550,0.0550,0,0
D,2014-05-26,0.0600,0.0600,0.0550,0.0550,860,0
D,2014-05-23,0.0650,0.0650,0.0600,0.0600,655,0
D,2014-05-22,0.0650,0.0850,0.0650,0.0850,651,0
D,2014-05-21,0.0700,0.0700,0.0700,0.0700,200,0
D,2014-05-20,0.0700,0.0700,0.0700,0.0700,500,0
D,2014-05-19,0.0750,0.0750,0.0750,0.0750,100,0
D,2014-05-16,0.0750,0.0750,0.0750,0.0750,300,0
D,2014-05-15,0.0800,0.0800,0.0800,0.0800,0,0
D,2014-05-14,0.0800,0.0800,0.0800,0.0800,200,0
D,2014-05-12,0.0750,0.0750,0.0750,0.0750,0,0
D,2014-05-09,0.0750,0.0750,0.0750,0.0750,0,0
D,2014-05-08,0.0750,0.0750,0.0750,0.0750,50,0
D,2014-05-07,0.0700,0.0700,0.0700,0.0700,0,0
D,2014-05-06,0.0700,0.0700,0.0700,0.0700,600,0
D,2014-05-05,0.0750,0.0750,0.0750,0.0750,500,0
D,2014-05-02,0.0750,0.0750,0.0750,0.0750,1560,0
D,2014-04-30,0.0800,0.0800,0.0800,0.0800,0,0
D,2014-04-29,0.0800,0.0800,0.0800,0.0800,500,0
D,2014-04-28,0.0750,0.0750,0.0750,0.0750,600,0
D,2014-04-25,0.0800,0.0800,0.0800,0.0800,0,0
D,2014-04-24,0.0800,0.0800,0.0800,0.0800,300,0
D,2014-04-23,0.0800,0.0800,0.0800,0.0800,750,0
D,2014-04-22,0.0850,0.0850,0.0850,0.0850,0,0
D,2014-04-21,0.0850,0.0850,0.0850,0.0850,1060,0
D,2014-04-18,0.0800,0.0800,0.0800,0.0800,0,0
D,2014-04-17,0.0800,0.0800,0.0800,0.0800,1618,0
D,2014-04-16,0.0900,0.0900,0.0850,0.0850,600,0
D,2014-04-15,0.0850,0.0850,0.0850,0.0850,0,0
D,2014-04-14,0.0850,0.0850,0.0850,0.0850,50,0
D,2014-04-11,0.0900,0.0900,0.0900,0.0900,0,0
D,2014-04-10,0.0900,0.0900,0.0900,0.0900,1000,0
D,2014-04-09,0.0950,0.0950,0.0950,0.0950,100,0
D,2014-04-08,0.0950,0.1000,0.0950,0.1000,235,0
D,2014-04-07,0.1100,0.1100,0.1100,0.1100,0,0
D,2014-04-04,0.1100,0.1100,0.1100,0.1100,1000,0
D,2014-04-03,0.1200,0.1200,0.1200,0.1200,2492,0
D,2014-04-02,0.1150,0.1250,0.1150,0.1150,5435,0
D,2014-04-01,0.1050,0.1050,0.1050,0.1050,1593,0
D,2014-03-31,0.1050,0.1050,0.1050,0.1050,2200,0
D,2014-03-28,0.1000,0.1000,0.1000,0.1000,0,0
D,2014-03-27,0.1000,0.1000,0.1000,0.1000,4299,0
D,2014-03-26,0.0950,0.0950,0.0950,0.0950,225,0
D,2014-03-25,0.0950,0.0950,0.0950,0.0950,0,0
D,2014-03-24,0.0900,0.0950,0.0900,0.0950,338,0
D,2014-03-21,0.0800,0.0800,0.0800,0.0800,588,0
D,2014-03-20,0.0850,0.0850,0.0850,0.0850,0,0
D,2014-03-19,0.0850,0.0850,0.0850,0.0850,0,0
D,2014-03-18,0.0850,0.0850,0.0850,0.0850,0,0
D,2014-03-17,0.0750,0.0850,0.0750,0.0850,688,0
D,2014-03-14,0.0800,0.0800,0.0800,0.0800,338,0
D,2014-03-13,0.0900,0.0900,0.0900,0.0900,0,0
D,2014-03-12,0.0900,0.0900,0.0900,0.0900,400,0
D,2014-03-11,0.0950,0.0950,0.0950,0.0950,0,0
D,2014-03-10,0.0950,0.0950,0.0950,0.0950,0,0
D,2014-03-07,0.0950,0.0950,0.0950,0.0950,0,0
D,2014-03-06,0.0950,0.0950,0.0950,0.0950,300,0
D,2014-03-05,0.1150,0.1150,0.1150,0.1150,0,0
D,2014-03-04,0.1150,0.1150,0.1150,0.1150,0,0
D,2014-03-03,0.1150,0.1150,0.1150,0.1150,0,0
D,2014-02-28,0.1150,0.1150,0.1150,0.1150,0,0
D,2014-02-27,0.1150,0.1150,0.1150,0.1150,0,0
D,2014-02-26,0.1150,0.1150,0.1150,0.1150,0,0
D,2014-02-25,0.1150,0.1150,0.1150,0.1150,0,0
D,2014-02-24,0.1150,0.1150,0.1150,0.1150,0,0
D,2014-02-21,0.1150,0.1150,0.1150,0.1150,0,0
D,2014-02-20,0.1150,0.1150,0.1150,0.1150,0,0
D,2014-02-19,0.1150,0.1150,0.1150,0.1150,0,0
D,2014-02-18,0.1150,0.1150,0.1150,0.1150,0,0
D,2014-02-17,0.1150,0.1150,0.1150,0.1150,0,0
D,2014-02-14,0.1150,0.1150,0.1150,0.1150,0,0
D,2014-02-13,0.1150,0.1150,0.1150,0.1150,0,0
D,2014-02-12,0.1150,0.1150,0.1150,0.1150,0,0
D,2014-02-11,0.1150,0.1150,0.1150,0.1150,260,0
D,2014-02-10,0.1200,0.1200,0.1150,0.1150,410,0
D,2014-02-07,0.1100,0.1100,0.1100,0.1100,250,0
D,2014-02-06,0.1050,0.1050,0.1050,0.1050,0,0
D,2014-02-05,0.1050,0.1050,0.1050,0.1050,0,0
D,2014-02-04,0.1050,0.1050,0.1050,0.1050,0,0
D,2014-01-30,0.1050,0.1050,0.1050,0.1050,60,0
D,2014-01-29,0.1050,0.1050,0.1050,0.1050,250,0
D,2014-01-28,0.1050,0.1050,0.1050,0.1050,300,0
D,2014-01-27,0.1500,0.1500,0.1500,0.1500,0,0
