D,2014-03-19,0.0350,0.0350,0.0350,0.0350,0,0
D,2014-03-18,0.0350,0.0350,0.0350,0.0350,0,0
D,2014-03-17,0.0350,0.0350,0.0350,0.0350,0,0
D,2014-03-14,0.0350,0.0350,0.0350,0.0350,0,0
D,2014-03-13,0.0400,0.0400,0.0350,0.0350,3800,0
D,2014-03-12,0.0450,0.0450,0.0400,0.0450,4373,0
D,2014-03-11,0.0450,0.0550,0.0450,0.0450,2517,0
D,2014-03-10,0.0500,0.0500,0.0500,0.0500,700,0
D,2014-03-07,0.0600,0.0600,0.0550,0.0550,1700,0
D,2014-03-06,0.0650,0.0650,0.0650,0.0650,170,0
D,2014-03-05,0.0600,0.0600,0.0600,0.0600,574,0
D,2014-03-04,0.0600,0.0600,0.0600,0.0600,4000,0
D,2014-03-03,0.0600,0.0650,0.0600,0.0650,2000,0
D,2014-02-28,0.0600,0.0600,0.0600,0.0600,300,0
D,2014-02-27,0.0650,0.0650,0.0650,0.0650,0,0
D,2014-02-26,0.0650,0.0650,0.0650,0.0650,0,0
D,2014-02-25,0.0650,0.0650,0.0650,0.0650,0,0
D,2014-02-24,0.0650,0.0650,0.0650,0.0650,0,0
D,2014-02-21,0.0650,0.0650,0.0650,0.0650,0,0
D,2014-02-20,0.0650,0.0650,0.0650,0.0650,0,0
D,2014-02-19,0.0650,0.0650,0.0650,0.0650,1250,0
D,2014-02-18,0.0800,0.0800,0.0800,0.0800,1000,0
D,2014-02-17,0.1000,0.1000,0.1000,0.1000,0,0
D,2014-02-14,0.1000,0.1000,0.1000,0.1000,0,0
D,2014-02-13,0.1000,0.1000,0.1000,0.1000,0,0
D,2014-02-12,0.1050,0.1050,0.1000,0.1000,1401,0
D,2014-02-11,0.1050,0.1050,0.1050,0.1050,600,0
D,2014-02-10,0.1050,0.1050,0.0900,0.0900,518,0
D,2014-02-07,0.0950,0.1050,0.0900,0.1050,646,0
D,2014-02-06,0.0750,0.0900,0.0750,0.0900,330,0
D,2014-02-05,0.0800,0.0800,0.0800,0.0800,0,0
D,2014-02-04,0.0800,0.0800,0.0800,0.0800,300,0
D,2014-01-30,0.0800,0.0800,0.0800,0.0800,0,0
D,2014-01-29,0.0900,0.0900,0.0800,0.0800,750,0
D,2014-01-28,0.0850,0.0850,0.0800,0.0800,2666,0
D,2014-01-27,0.1000,0.1000,0.0850,0.0850,3213,0
D,2014-01-24,0.1100,0.1100,0.1100,0.1100,2248,0
D,2014-01-23,0.1300,0.1300,0.1150,0.1150,3992,0
D,2014-01-22,0.1250,0.1250,0.1200,0.1200,1485,0
D,2014-01-21,0.1300,0.1300,0.1300,0.1300,70,0
D,2014-01-20,0.1350,0.1350,0.1250,0.1250,3350,0
D,2014-01-16,0.1500,0.1500,0.1400,0.1400,1300,0
D,2014-01-15,0.1500,0.1500,0.1500,0.1500,350,0
D,2014-01-13,0.1450,0.1550,0.1450,0.1450,3520,0
D,2014-01-10,0.1500,0.1500,0.1500,0.1500,200,0
D,2014-01-09,0.1500,0.1500,0.1450,0.1450,580,0
D,2014-01-08,0.1500,0.1500,0.1500,0.1500,1250,0
D,2014-01-07,0.1450,0.1550,0.1450,0.1550,1520,0
D,2014-01-06,0.1350,0.1500,0.1350,0.1500,2293,0
D,2014-01-03,0.1600,0.1600,0.1300,0.1350,16432,0
D,2014-01-02,0.1900,0.1900,0.1650,0.1700,4045,0
D,2013-12-31,0.1950,0.1950,0.1950,0.1950,200,0
D,2013-12-30,0.2050,0.2050,0.1900,0.1900,850,0
D,2013-12-27,0.1900,0.2050,0.1900,0.2050,4331,0
D,2013-12-26,0.1750,0.1850,0.1750,0.1850,2050,0
D,2013-12-24,0.1600,0.1650,0.1600,0.1650,1890,0
D,2013-12-23,0.1400,0.1550,0.1400,0.1500,2051,0
D,2013-12-20,0.1550,0.1600,0.1350,0.1500,4621,0
D,2013-12-19,0.1600,0.1650,0.1600,0.1600,3890,0
D,2013-12-18,0.1500,0.1650,0.1500,0.1550,5470,0
D,2013-12-17,0.1550,0.1550,0.1450,0.1500,1778,0
D,2013-12-16,0.1450,0.1550,0.1450,0.1550,6800,0
D,2013-12-13,0.1200,0.1500,0.1200,0.1400,7010,0
D,2013-12-12,0.1200,0.1250,0.1200,0.1200,1600,0
D,2013-12-11,0.1300,0.1350,0.1300,0.1300,2750,0
D,2013-12-10,0.1200,0.1300,0.1200,0.1300,3650,0
D,2013-12-09,0.1200,0.1200,0.1200,0.1200,50,0
D,2013-12-06,0.1050,0.1050,0.1050,0.1050,500,0
D,2013-12-05,0.1150,0.1150,0.1150,0.1150,0,0
D,2013-12-04,0.1100,0.1150,0.1100,0.1150,1850,0
D,2013-12-03,0.1200,0.1200,0.1200,0.1200,1250,0
D,2013-12-02,0.1100,0.1100,0.1100,0.1100,2708,0
D,2013-11-29,0.1050,0.1050,0.1000,0.1050,550,0
D,2013-11-28,0.1050,0.1050,0.1050,0.1050,0,0
D,2013-11-27,0.1000,0.1050,0.1000,0.1050,650,0
D,2013-11-26,0.1000,0.1000,0.1000,0.1000,500,0
D,2013-11-25,0.1050,0.1050,0.1000,0.1000,350,0
D,2013-11-22,0.1050,0.1050,0.1050,0.1050,0,0
D,2013-11-21,0.1050,0.1050,0.1050,0.1050,500,0
D,2013-11-20,0.1200,0.1200,0.1150,0.1150,1000,0
D,2013-11-19,0.1200,0.1450,0.1200,0.1200,4200,0
D,2013-11-18,0.1050,0.1050,0.1050,0.1050,203,0
D,2013-11-15,0.1100,0.1100,0.1050,0.1050,1300,0
D,2013-11-14,0.1000,0.1000,0.1000,0.1000,200,0
D,2013-11-13,0.1000,0.1000,0.1000,0.1000,0,0
D,2013-11-12,0.1000,0.1000,0.1000,0.1000,336,0
D,2013-11-11,0.1100,0.1100,0.1100,0.1100,200,0
D,2013-11-08,0.0850,0.1100,0.0850,0.1000,673,0
D,2013-11-07,0.0950,0.0950,0.0950,0.0950,0,0
D,2013-11-06,0.0950,0.0950,0.0950,0.0950,0,0
D,2013-11-04,0.1000,0.1050,0.0950,0.0950,900,0
D,2013-11-01,0.0900,0.0950,0.0900,0.0950,300,0
D,2013-10-31,0.0800,0.0800,0.0800,0.0800,300,0
D,2013-10-30,0.0850,0.0850,0.0850,0.0850,300,0
D,2013-10-29,0.0950,0.0950,0.0900,0.0900,1262,0
D,2013-10-28,0.1100,0.1100,0.1100,0.1100,0,0
D,2013-10-25,0.1150,0.1150,0.1050,0.1100,700,0
D,2013-10-24,0.1250,0.1250,0.1250,0.1250,100,0
D,2013-10-23,0.1050,0.1300,0.0950,0.1250,5842,0
D,2013-10-22,0.0800,0.0800,0.0800,0.0800,0,0
D,2013-10-21,0.0750,0.0800,0.0750,0.0800,310,0
D,2013-10-18,0.0800,0.0800,0.0800,0.0800,890,0
D,2013-10-17,0.0650,0.0750,0.0650,0.0750,570,0
D,2013-10-16,0.0650,0.0650,0.0650,0.0650,0,0
D,2013-10-14,0.0650,0.0650,0.0650,0.0650,200,0
D,2013-10-11,0.0550,0.0550,0.0550,0.0550,0,0
D,2013-10-10,0.0550,0.0550,0.0550,0.0550,0,0
D,2013-10-09,0.0550,0.0550,0.0550,0.0550,0,0
D,2013-10-08,0.0600,0.0600,0.0550,0.0550,1100,0
D,2013-10-07,0.0550,0.0550,0.0550,0.0550,50,0
D,2013-10-04,0.0650,0.0650,0.0650,0.0650,0,0
D,2013-10-03,0.0650,0.0650,0.0650,0.0650,0,0
D,2013-10-02,0.0650,0.0650,0.0650,0.0650,200,0
D,2013-10-01,0.0600,0.0650,0.0600,0.0650,1027,0
D,2013-09-30,0.0650,0.0650,0.0650,0.0650,0,0
D,2013-09-27,0.0650,0.0650,0.0650,0.0650,0,0
D,2013-09-26,0.0650,0.0650,0.0650,0.0650,0,0
D,2013-09-25,0.0650,0.0650,0.0650,0.0650,0,0
D,2013-09-24,0.0650,0.0650,0.0650,0.0650,300,0
D,2013-09-23,0.0600,0.0600,0.0600,0.0600,135,0
D,2013-09-20,0.0600,0.0600,0.0550,0.0550,595,0
D,2013-09-19,0.0500,0.0500,0.0500,0.0500,0,0
D,2013-09-18,0.0500,0.0500,0.0500,0.0500,0,0
D,2013-09-17,0.0500,0.0500,0.0500,0.0500,5000,0
D,2013-09-13,0.0500,0.0500,0.0500,0.0500,500,0
D,2013-09-12,0.0550,0.0550,0.0550,0.0550,300,0
D,2013-09-11,0.0450,0.0450,0.0450,0.0450,0,0
D,2013-09-10,0.0450,0.0450,0.0450,0.0450,0,0
D,2013-09-09,0.0450,0.0450,0.0450,0.0450,0,0
D,2013-09-06,0.0450,0.0450,0.0450,0.0450,250,0
D,2013-09-05,0.0400,0.0400,0.0400,0.0400,180,0
D,2013-09-04,0.0500,0.0500,0.0500,0.0500,0,0
D,2013-09-03,0.0500,0.0500,0.0500,0.0500,0,0
D,2013-09-02,0.0500,0.0500,0.0500,0.0500,0,0
D,2013-08-30,0.0500,0.0500,0.0500,0.0500,160,0
D,2013-08-29,0.0450,0.0450,0.0450,0.0450,90,0
D,2013-08-28,0.0300,0.0350,0.0300,0.0350,3570,0
D,2013-08-27,0.0500,0.0500,0.0350,0.0350,2291,0
D,2013-08-26,0.0550,0.0550,0.0550,0.0550,0,0
D,2013-08-23,0.0550,0.0550,0.0550,0.0550,0,0
D,2013-08-22,0.0600,0.0600,0.0550,0.0550,2100,0
D,2013-08-21,0.0650,0.0650,0.0650,0.0650,0,0
D,2013-08-20,0.0650,0.0650,0.0650,0.0650,451,0
D,2013-08-19,0.0750,0.0750,0.0750,0.0750,300,0
D,2013-08-16,0.0800,0.0800,0.0800,0.0800,0,0
D,2013-08-15,0.0750,0.0800,0.0750,0.0800,600,0
D,2013-08-14,0.0650,0.0650,0.0650,0.0650,0,0
D,2013-08-13,0.0650,0.0650,0.0650,0.0650,100,0
D,2013-08-12,0.0800,0.0800,0.0800,0.0800,0,0
D,2013-08-07,0.0800,0.0800,0.0800,0.0800,0,0
D,2013-08-06,0.0800,0.0800,0.0800,0.0800,0,0
D,2013-08-05,0.0800,0.0800,0.0800,0.0800,0,0
D,2013-08-02,0.0850,0.0850,0.0800,0.0800,1000,0
D,2013-08-01,0.1000,0.1000,0.1000,0.1000,0,0
D,2013-07-31,0.1000,0.1000,0.1000,0.1000,0,0
D,2013-07-30,0.1000,0.1000,0.1000,0.1000,0,0
D,2013-07-29,0.1000,0.1000,0.1000,0.1000,0,0
D,2013-07-26,0.1000,0.1000,0.1000,0.1000,0,0
D,2013-07-25,0.1000,0.1000,0.1000,0.1000,0,0
D,2013-07-24,0.1000,0.1000,0.1000,0.1000,0,0
D,2013-07-23,0.1000,0.1000,0.1000,0.1000,0,0
D,2013-07-22,0.1000,0.1000,0.1000,0.1000,100,0
D,2013-07-19,0.1050,0.1050,0.1050,0.1050,200,0
D,2013-07-18,0.1200,0.1200,0.1200,0.1200,0,0
D,2013-07-17,0.1200,0.1200,0.1200,0.1200,0,0
D,2013-07-16,0.1200,0.1200,0.1200,0.1200,200,0
D,2013-07-15,0.1350,0.1350,0.1350,0.1350,100,0
D,2013-07-12,0.1350,0.1350,0.1350,0.1350,0,0
D,2013-07-11,0.1200,0.1400,0.1200,0.1350,1500,0
D,2013-07-10,0.0900,0.0900,0.0900,0.0900,0,0
D,2013-07-09,0.0900,0.0900,0.0900,0.0900,0,0
D,2013-07-08,0.0900,0.0900,0.0900,0.0900,0,0
D,2013-07-05,0.0900,0.0900,0.0900,0.0900,0,0
D,2013-07-04,0.0900,0.0900,0.0900,0.0900,0,0
D,2013-07-03,0.0900,0.0900,0.0900,0.0900,0,0
D,2013-07-02,0.0900,0.0900,0.0900,0.0900,0,0
D,2013-07-01,0.0900,0.0900,0.0900,0.0900,0,0
D,2013-06-28,0.0900,0.0900,0.0900,0.0900,0,0
D,2013-06-27,0.0900,0.0900,0.0900,0.0900,0,0
D,2013-06-26,0.0900,0.0900,0.0900,0.0900,0,0
D,2013-06-25,0.0900,0.0900,0.0900,0.0900,300,0
D,2013-06-24,0.1300,0.1300,0.1100,0.1100,300,0
D,2013-06-21,0.1200,0.1200,0.1200,0.1200,0,0
D,2013-06-20,0.1200,0.1200,0.1200,0.1200,30,0
D,2013-06-19,0.1200,0.1200,0.1200,0.1200,0,0
D,2013-06-18,0.1200,0.1200,0.1200,0.1200,0,0
D,2013-06-17,0.1200,0.1200,0.1200,0.1200,0,0
D,2013-06-14,0.1200,0.1200,0.1200,0.1200,0,0
D,2013-06-13,0.1300,0.1300,0.1200,0.1200,20,0
D,2013-06-12,0.1450,0.1450,0.1450,0.1450,0,0
D,2013-06-11,0.1450,0.1450,0.1450,0.1450,100,0
D,2013-06-10,0.1400,0.1400,0.1400,0.1400,0,0
D,2013-06-07,0.1400,0.1400,0.1400,0.1400,300,0
D,2013-06-06,0.1300,0.1300,0.1300,0.1300,0,0
D,2013-06-05,0.1300,0.1300,0.1300,0.1300,0,0
D,2013-06-04,0.1400,0.1400,0.1300,0.1300,480,0
D,2013-06-03,0.1450,0.1550,0.1400,0.1400,2600,0
D,2013-05-31,0.1300,0.1400,0.1300,0.1400,1890,0
D,2013-05-30,0.1300,0.1300,0.1300,0.1300,200,0
D,2013-05-29,0.1300,0.1400,0.1300,0.1300,3093,0
D,2013-05-28,0.1050,0.1050,0.1050,0.1050,150,0
D,2013-05-27,0.1100,0.1100,0.1100,0.1100,300,0
D,2013-05-23,0.1050,0.1050,0.1000,0.1000,400,0
D,2013-05-22,0.1100,0.1100,0.1100,0.1100,450,0
D,2013-05-21,0.1050,0.1100,0.1050,0.1050,1300,0
D,2013-05-20,0.0900,0.0900,0.0900,0.0900,50,0
D,2013-05-17,0.0850,0.0850,0.0850,0.0850,0,0
D,2013-05-16,0.0850,0.0850,0.0850,0.0850,0,0
D,2013-05-15,0.0850,0.0850,0.0850,0.0850,0,0
D,2013-05-14,0.0850,0.0850,0.0850,0.0850,300,0
D,2013-05-13,0.0700,0.0750,0.0700,0.0750,300,0
D,2013-05-10,0.0600,0.0600,0.0600,0.0600,0,0
D,2013-05-09,0.0600,0.0600,0.0600,0.0600,0,0
D,2013-05-08,0.0600,0.0600,0.0600,0.0600,0,0
D,2013-05-07,0.0600,0.0600,0.0600,0.0600,0,0
D,2013-05-06,0.0550,0.0600,0.0550,0.0600,1400,0
D,2013-05-03,0.0400,0.0400,0.0400,0.0400,0,0
D,2013-05-02,0.0400,0.0400,0.0400,0.0400,0,0
D,2013-04-30,0.0400,0.0400,0.0400,0.0400,0,0
D,2013-04-29,0.0400,0.0400,0.0400,0.0400,0,0
D,2013-04-26,0.0400,0.0400,0.0400,0.0400,0,0
D,2013-04-25,0.0400,0.0400,0.0400,0.0400,0,0
D,2013-04-24,0.0400,0.0400,0.0400,0.0400,0,0
D,2013-04-23,0.0400,0.0400,0.0400,0.0400,0,0
D,2013-04-22,0.0400,0.0400,0.0400,0.0400,200,0
D,2013-04-19,0.0500,0.0500,0.0500,0.0500,300,0
D,2013-04-18,0.0500,0.0500,0.0500,0.0500,0,0
D,2013-04-17,0.0500,0.0500,0.0500,0.0500,500,0
D,2013-04-16,0.0500,0.0500,0.0500,0.0500,0,0
D,2013-04-15,0.0500,0.0500,0.0500,0.0500,40,0
D,2013-04-12,0.0500,0.0500,0.0500,0.0500,0,0
D,2013-04-11,0.0500,0.0500,0.0500,0.0500,350,0
D,2013-04-10,0.0500,0.0500,0.0500,0.0500,0,0
D,2013-04-09,0.0500,0.0500,0.0500,0.0500,10,0
D,2013-04-08,0.0550,0.0550,0.0550,0.0550,320,0
D,2013-04-05,0.0500,0.0600,0.0500,0.0600,1400,0
D,2013-04-04,0.0500,0.0500,0.0500,0.0500,100,0
D,2013-04-03,0.0550,0.0550,0.0550,0.0550,0,0
D,2013-04-02,0.0550,0.0550,0.0550,0.0550,180,0
D,2013-04-01,0.0500,0.0500,0.0500,0.0500,300,0
D,2013-03-29,0.0500,0.0500,0.0500,0.0500,0,0
D,2013-03-28,0.0500,0.0500,0.0500,0.0500,0,0
D,2013-03-27,0.0500,0.0500,0.0500,0.0500,500,0
D,2013-03-26,0.0500,0.0500,0.0500,0.0500,0,0
D,2013-03-25,0.0500,0.0500,0.0500,0.0500,640,0
D,2013-03-22,0.0500,0.0500,0.0500,0.0500,500,0
D,2013-03-21,0.0500,0.0500,0.0500,0.0500,570,0
D,2013-03-20,0.0500,0.0500,0.0500,0.0500,500,0
D,2013-03-19,0.0500,0.0500,0.0500,0.0500,0,0
D,2013-03-18,0.0500,0.0500,0.0500,0.0500,0,0
D,2013-03-15,0.0500,0.0500,0.0500,0.0500,0,0
D,2013-03-14,0.0500,0.0500,0.0500,0.0500,600,0
D,2013-03-13,0.0550,0.0550,0.0550,0.0550,0,0
D,2013-03-12,0.0550,0.0550,0.0550,0.0550,500,0
D,2013-03-11,0.0450,0.0450,0.0450,0.0450,0,0
D,2013-03-08,0.0500,0.0500,0.0450,0.0450,1520,0
D,2013-03-07,0.0450,0.0500,0.0450,0.0500,750,0
D,2013-03-06,0.0500,0.0500,0.0450,0.0450,1670,0
