D,2014-05-08,0.1200,0.1250,0.1200,0.1200,2900,0
D,2014-05-07,0.1200,0.1200,0.1150,0.1200,32042,0
D,2014-05-06,0.1200,0.1200,0.1150,0.1150,517,0
D,2014-05-05,0.1250,0.1250,0.1150,0.1150,12609,0
D,2014-05-02,0.1200,0.1250,0.1200,0.1250,14550,0
D,2014-04-30,0.1200,0.1250,0.1150,0.1200,13436,0
D,2014-04-29,0.1150,0.1200,0.1150,0.1200,27710,0
D,2014-04-28,0.1100,0.1200,0.1100,0.1150,20339,0
D,2014-04-25,0.1150,0.1150,0.1100,0.1100,17104,0
D,2014-04-24,0.1150,0.1200,0.1100,0.1150,16809,0
D,2014-04-23,0.1150,0.1150,0.1100,0.1150,4683,0
D,2014-04-22,0.1150,0.1200,0.1100,0.1200,19497,0
D,2014-04-21,0.1200,0.1300,0.1150,0.1200,259197,0
D,2014-04-18,0.1250,0.1250,0.1200,0.1250,3654,0
D,2014-04-17,0.1200,0.1250,0.1150,0.1200,20025,0
D,2014-04-16,0.1200,0.1250,0.1150,0.1150,6610,0
D,2014-04-15,0.1150,0.1250,0.1150,0.1200,10114,0
D,2014-04-14,0.1300,0.1300,0.1150,0.1150,13439,0
D,2014-04-11,0.1350,0.1400,0.1250,0.1300,77666,0
D,2014-04-10,0.1100,0.1350,0.1100,0.1350,60198,0
D,2014-04-09,0.1100,0.1100,0.1100,0.1100,4300,0
D,2014-04-08,0.1000,0.1100,0.1000,0.1100,8789,0
D,2014-04-07,0.1000,0.1000,0.0950,0.1000,3185,0
D,2014-04-04,0.1000,0.1000,0.0950,0.1000,6419,0
D,2014-04-03,0.0950,0.1000,0.0950,0.0950,1600,0
D,2014-04-02,0.0950,0.0950,0.0950,0.0950,500,0
D,2014-04-01,0.1000,0.1000,0.0950,0.0950,1000,0
D,2014-03-31,0.1000,0.1000,0.0950,0.0950,1331,0
D,2014-03-28,0.0950,0.1000,0.0950,0.0950,16500,0
D,2014-03-27,0.0950,0.1000,0.0950,0.1000,1500,0
D,2014-03-26,0.0950,0.0950,0.0950,0.0950,1500,0
D,2014-03-25,0.1000,0.1000,0.0950,0.1000,5500,0
D,2014-03-24,0.1000,0.1000,0.0950,0.1000,1710,0
D,2014-03-21,0.1000,0.1000,0.1000,0.1000,100,0
D,2014-03-20,0.1000,0.1000,0.1000,0.1000,1680,0
D,2014-03-19,0.1000,0.1050,0.1000,0.1050,4838,0
D,2014-03-18,0.0950,0.0950,0.0950,0.0950,500,0
D,2014-03-17,0.0950,0.1000,0.0950,0.0950,555,0
D,2014-03-14,0.0950,0.0950,0.0950,0.0950,1370,0
D,2014-03-13,0.1000,0.1000,0.1000,0.1000,900,0
D,2014-03-12,0.1050,0.1050,0.1000,0.1000,1830,0
D,2014-03-11,0.1000,0.1000,0.1000,0.1000,3610,0
D,2014-03-10,0.1050,0.1050,0.1050,0.1050,0,0
D,2014-03-07,0.1000,0.1050,0.1000,0.1050,1600,0
D,2014-03-06,0.1000,0.1050,0.1000,0.1050,3500,0
D,2014-03-05,0.1000,0.1000,0.1000,0.1000,240,0
D,2014-03-04,0.1000,0.1000,0.1000,0.1000,2580,0
D,2014-03-03,0.1050,0.1050,0.1050,0.1050,3480,0
D,2014-02-28,0.1100,0.1100,0.1050,0.1050,3125,0
D,2014-02-27,0.1100,0.1100,0.1100,0.1100,8500,0
D,2014-02-26,0.1100,0.1150,0.1100,0.1150,3400,0
D,2014-02-25,0.1150,0.1150,0.1100,0.1100,3031,0
D,2014-02-24,0.1150,0.1150,0.1150,0.1150,996,0
D,2014-02-21,0.1150,0.1150,0.1100,0.1150,3640,0
D,2014-02-20,0.1150,0.1150,0.1100,0.1150,1600,0
D,2014-02-19,0.1150,0.1150,0.1150,0.1150,5260,0
D,2014-02-18,0.1150,0.1150,0.1100,0.1150,11153,0
D,2014-02-17,0.1100,0.1150,0.1100,0.1150,964,0
D,2014-02-14,0.1100,0.1100,0.1100,0.1100,2850,0
D,2014-02-13,0.1100,0.1100,0.1100,0.1100,3733,0
D,2014-02-12,0.1100,0.1100,0.1100,0.1100,2668,0
D,2014-02-11,0.1100,0.1100,0.1050,0.1100,4910,0
D,2014-02-10,0.1100,0.1100,0.1100,0.1100,1650,0
D,2014-02-07,0.1100,0.1100,0.1100,0.1100,0,0
D,2014-02-06,0.1100,0.1100,0.1100,0.1100,1613,0
D,2014-02-05,0.1100,0.1100,0.1100,0.1100,1100,0
D,2014-02-04,0.1100,0.1100,0.1100,0.1100,2150,0
D,2014-01-30,0.1100,0.1100,0.1100,0.1100,2840,0
D,2014-01-29,0.1100,0.1100,0.1050,0.1050,2240,0
D,2014-01-28,0.1100,0.1100,0.1100,0.1100,6099,0
D,2014-01-27,0.1150,0.1150,0.1100,0.1100,11159,0
D,2014-01-24,0.1150,0.1150,0.1100,0.1150,4968,0
D,2014-01-23,0.1150,0.1150,0.1150,0.1150,3588,0
D,2014-01-22,0.1200,0.1200,0.1150,0.1150,4078,0
D,2014-01-21,0.1150,0.1200,0.1150,0.1200,16211,0
D,2014-01-20,0.1150,0.1200,0.1150,0.1150,22776,0
D,2014-01-16,0.1150,0.1150,0.1100,0.1100,11525,0
D,2014-01-15,0.1150,0.1150,0.1100,0.1100,18048,0
D,2014-01-13,0.1300,0.1300,0.1150,0.1200,38959,0
D,2014-01-10,0.1350,0.1350,0.1250,0.1300,29124,0
D,2014-01-09,0.1550,0.1550,0.1350,0.1350,44241,0
D,2014-01-08,0.1400,0.1500,0.1300,0.1500,298047,0
D,2014-01-07,0.1250,0.1400,0.1250,0.1350,108603,0
D,2014-01-06,0.1100,0.1250,0.1100,0.1250,29873,0
D,2014-01-03,0.1050,0.1050,0.1050,0.1050,2420,0
D,2014-01-02,0.1000,0.1050,0.1000,0.1050,5106,0
D,2013-12-31,0.1000,0.1000,0.1000,0.1000,1000,0
D,2013-12-30,0.1050,0.1050,0.1050,0.1050,1375,0
D,2013-12-27,0.1000,0.1100,0.1000,0.1050,5680,0
D,2013-12-26,0.1000,0.1000,0.1000,0.1000,1400,0
D,2013-12-24,0.1000,0.1000,0.1000,0.1000,4470,0
D,2013-12-23,0.1000,0.1000,0.1000,0.1000,5050,0
D,2013-12-20,0.1000,0.1000,0.1000,0.1000,2170,0
D,2013-12-19,0.1000,0.1000,0.1000,0.1000,2510,0
D,2013-12-18,0.1000,0.1000,0.1000,0.1000,900,0
D,2013-12-17,0.1000,0.1000,0.1000,0.1000,1700,0
D,2013-12-16,0.1000,0.1000,0.1000,0.1000,7365,0
D,2013-12-13,0.1000,0.1000,0.1000,0.1000,770,0
D,2013-12-12,0.0950,0.1000,0.0950,0.1000,1800,0
D,2013-12-11,0.0950,0.1000,0.0950,0.1000,1500,0
D,2013-12-10,0.0950,0.1050,0.0950,0.1050,7573,0
D,2013-12-09,0.1000,0.1000,0.0950,0.0950,700,0
D,2013-12-06,0.1000,0.1000,0.1000,0.1000,600,0
D,2013-12-05,0.1000,0.1000,0.1000,0.1000,1400,0
D,2013-12-04,0.0950,0.1000,0.0950,0.1000,5972,0
D,2013-12-03,0.1000,0.1000,0.1000,0.1000,7322,0
D,2013-12-02,0.0950,0.0950,0.0950,0.0950,4930,0
D,2013-11-29,0.1000,0.1000,0.1000,0.1000,1600,0
D,2013-11-28,0.1000,0.1000,0.1000,0.1000,2710,0
D,2013-11-27,0.0950,0.1000,0.0950,0.1000,3300,0
D,2013-11-26,0.1000,0.1050,0.1000,0.1000,5798,0
D,2013-11-25,0.0950,0.1000,0.0950,0.0950,22552,0
D,2013-11-22,0.1000,0.1000,0.1000,0.1000,12247,0
D,2013-11-21,0.0950,0.1050,0.0950,0.1000,23803,0
D,2013-11-20,0.0950,0.0950,0.0900,0.0900,4280,0
D,2013-11-19,0.0950,0.0950,0.0950,0.0950,5150,0
D,2013-11-18,0.0950,0.0950,0.0950,0.0950,4750,0
D,2013-11-15,0.0950,0.0950,0.0950,0.0950,2325,0
D,2013-11-14,0.0950,0.0950,0.0950,0.0950,2200,0
D,2013-11-13,0.0950,0.1000,0.0950,0.0950,7680,0
D,2013-11-12,0.1050,0.1050,0.1000,0.1000,12487,0
D,2013-11-11,0.1050,0.1050,0.1000,0.1050,4225,0
D,2013-11-08,0.1050,0.1100,0.1000,0.1050,21542,0
D,2013-11-07,0.0950,0.1050,0.0950,0.1050,12860,0
D,2013-11-06,0.0950,0.0950,0.0950,0.0950,1430,0
D,2013-11-04,0.0950,0.0950,0.0950,0.0950,375,0
D,2013-11-01,0.0950,0.0950,0.0900,0.0950,5770,0
D,2013-10-31,0.0950,0.0950,0.0950,0.0950,1350,0
D,2013-10-30,0.0950,0.0950,0.0900,0.0900,2100,0
D,2013-10-29,0.1000,0.1000,0.0950,0.0950,3180,0
D,2013-10-28,0.0900,0.1000,0.0900,0.0950,3700,0
D,2013-10-25,0.0950,0.0950,0.0900,0.0900,510,0
D,2013-10-24,0.0950,0.0950,0.0950,0.0950,650,0
D,2013-10-23,0.0950,0.0950,0.0950,0.0950,2668,0
D,2013-10-22,0.0950,0.0950,0.0950,0.0950,4850,0
D,2013-10-21,0.0900,0.0950,0.0900,0.0950,5600,0
D,2013-10-18,0.0900,0.0900,0.0900,0.0900,1921,0
D,2013-10-17,0.0950,0.0950,0.0900,0.0900,4230,0
D,2013-10-16,0.0950,0.1000,0.0950,0.1000,3110,0
D,2013-10-14,0.1000,0.1000,0.0950,0.0950,2977,0
D,2013-10-11,0.0900,0.1050,0.0900,0.1000,72511,0
D,2013-10-10,0.0900,0.0900,0.0900,0.0900,500,0
D,2013-10-09,0.0950,0.0950,0.0900,0.0900,2155,0
D,2013-10-08,0.0900,0.0900,0.0900,0.0900,3500,0
D,2013-10-07,0.0900,0.0900,0.0900,0.0900,1200,0
D,2013-10-04,0.0950,0.0950,0.0900,0.0950,2122,0
D,2013-10-03,0.0900,0.0950,0.0900,0.0900,2842,0
D,2013-10-02,0.0900,0.0950,0.0900,0.0950,4340,0
D,2013-10-01,0.0850,0.0900,0.0850,0.0850,717,0
D,2013-09-30,0.0900,0.0900,0.0900,0.0900,5000,0
D,2013-09-27,0.0900,0.0900,0.0900,0.0900,3290,0
D,2013-09-26,0.0900,0.0950,0.0900,0.0900,3008,0
D,2013-09-25,0.0900,0.0950,0.0900,0.0950,13485,0
D,2013-09-24,0.0850,0.0900,0.0850,0.0900,2102,0
D,2013-09-23,0.0850,0.0850,0.0850,0.0850,1557,0
D,2013-09-20,0.0850,0.0850,0.0850,0.0850,1685,0
D,2013-09-19,0.0850,0.0900,0.0850,0.0900,1001,0
D,2013-09-18,0.0850,0.0850,0.0850,0.0850,1880,0
D,2013-09-17,0.0850,0.0900,0.0850,0.0900,3238,0
D,2013-09-13,0.0850,0.0850,0.0850,0.0850,5281,0
D,2013-09-12,0.0850,0.0900,0.0850,0.0900,1391,0
D,2013-09-11,0.0900,0.0900,0.0850,0.0850,330,0
D,2013-09-10,0.0900,0.0900,0.0850,0.0850,13399,0
D,2013-09-09,0.0900,0.0900,0.0900,0.0900,1000,0
D,2013-09-06,0.0900,0.0900,0.0900,0.0900,1054,0
D,2013-09-05,0.0900,0.0900,0.0900,0.0900,480,0
D,2013-09-04,0.0900,0.0950,0.0850,0.0950,805,0
D,2013-09-03,0.0900,0.0900,0.0900,0.0900,1067,0
D,2013-09-02,0.0900,0.0900,0.0900,0.0900,0,0
D,2013-08-30,0.0900,0.0900,0.0900,0.0900,1800,0
D,2013-08-29,0.0900,0.0950,0.0850,0.0950,2312,0
D,2013-08-28,0.0850,0.0900,0.0850,0.0850,2417,0
D,2013-08-27,0.0950,0.0950,0.0850,0.0900,3289,0
D,2013-08-26,0.1000,0.1000,0.0850,0.0900,13001,0
D,2013-08-23,0.0950,0.0950,0.0950,0.0950,100,0
D,2013-08-22,0.0950,0.0950,0.0950,0.0950,1452,0
D,2013-08-21,0.1000,0.1000,0.0950,0.1000,2500,0
D,2013-08-20,0.1000,0.1000,0.1000,0.1000,800,0
D,2013-08-19,0.1000,0.1000,0.1000,0.1000,3300,0
D,2013-08-16,0.1000,0.1000,0.0950,0.1000,3110,0
D,2013-08-15,0.1000,0.1050,0.1000,0.1000,6210,0
D,2013-08-14,0.1000,0.1000,0.0950,0.1000,861,0
D,2013-08-13,0.0950,0.0950,0.0950,0.0950,501,0
D,2013-08-12,0.1000,0.1000,0.1000,0.1000,300,0
D,2013-08-07,0.1000,0.1000,0.0950,0.0950,1655,0
D,2013-08-06,0.1000,0.1000,0.0950,0.0950,2161,0
D,2013-08-05,0.0950,0.0950,0.0950,0.0950,1170,0
D,2013-08-02,0.0950,0.1000,0.0900,0.0900,3146,0
D,2013-08-01,0.0900,0.0950,0.0900,0.0950,3810,0
D,2013-07-31,0.0950,0.0950,0.0900,0.0900,5332,0
D,2013-07-30,0.0950,0.0950,0.0950,0.0950,740,0
D,2013-07-29,0.1000,0.1000,0.0950,0.1000,21350,0
D,2013-07-26,0.1000,0.1000,0.0950,0.0950,4690,0
D,2013-07-25,0.1000,0.1050,0.1000,0.1000,20865,0
D,2013-07-24,0.1050,0.1050,0.1000,0.1000,3014,0
D,2013-07-23,0.1100,0.1100,0.1000,0.1050,17020,0
D,2013-07-22,0.1000,0.1150,0.1000,0.1150,16670,0
D,2013-07-19,0.1000,0.1000,0.1000,0.1000,3251,0
D,2013-07-18,0.1000,0.1000,0.1000,0.1000,3196,0
D,2013-07-17,0.1000,0.1000,0.1000,0.1000,2636,0
D,2013-07-16,0.1000,0.1050,0.1000,0.1000,2050,0
D,2013-07-15,0.1000,0.1050,0.1000,0.1050,32761,0
D,2013-07-12,0.1000,0.1000,0.1000,0.1000,290,0
D,2013-07-11,0.1000,0.1000,0.1000,0.1000,1696,0
D,2013-07-10,0.1050,0.1050,0.1000,0.1000,2430,0
D,2013-07-09,0.1050,0.1100,0.1050,0.1050,5796,0
D,2013-07-08,0.1050,0.1050,0.1050,0.1050,3600,0
D,2013-07-05,0.1000,0.1050,0.1000,0.1050,10502,0
D,2013-07-04,0.0950,0.1000,0.0950,0.0950,5030,0
D,2013-07-03,0.1000,0.1000,0.0950,0.1000,1700,0
D,2013-07-02,0.1000,0.1000,0.0950,0.0950,2426,0
D,2013-07-01,0.0950,0.0950,0.0950,0.0950,1428,0
D,2013-06-28,0.1000,0.1000,0.0950,0.1000,3710,0
D,2013-06-27,0.1000,0.1000,0.0950,0.1000,3300,0
D,2013-06-26,0.1000,0.1000,0.1000,0.1000,6400,0
D,2013-06-25,0.1000,0.1000,0.0950,0.1000,4627,0
D,2013-06-24,0.1000,0.1000,0.0950,0.0950,9061,0
D,2013-06-21,0.1000,0.1050,0.1000,0.1000,6305,0
D,2013-06-20,0.1050,0.1050,0.1000,0.1050,7660,0
D,2013-06-19,0.1050,0.1100,0.1000,0.1100,14378,0
D,2013-06-18,0.1050,0.1050,0.1000,0.1000,9800,0
D,2013-06-17,0.1050,0.1050,0.1000,0.1000,10893,0
D,2013-06-14,0.0950,0.1050,0.0950,0.1050,44889,0
D,2013-06-13,0.1050,0.1050,0.0950,0.0950,50777,0
D,2013-06-12,0.1100,0.1150,0.1050,0.1050,54674,0
D,2013-06-11,0.1200,0.1250,0.1100,0.1150,60240,0
D,2013-06-10,0.1350,0.1400,0.1100,0.1200,268066,0
D,2013-06-07,0.1450,0.1850,0.1250,0.1300,367888,0
D,2013-06-06,0.1500,0.1600,0.1500,0.1500,2960,0
D,2013-06-05,0.1550,0.1550,0.1550,0.1550,1870,0
D,2013-06-04,0.1550,0.1600,0.1550,0.1600,3018,0
D,2013-06-03,0.1550,0.1600,0.1550,0.1550,3273,0
D,2013-05-31,0.1650,0.1650,0.1550,0.1550,1987,0
D,2013-05-30,0.1650,0.1650,0.1550,0.1600,2850,0
D,2013-05-29,0.1650,0.1650,0.1550,0.1600,6048,0
D,2013-05-28,0.1700,0.1700,0.1550,0.1600,6573,0
D,2013-05-27,0.1600,0.1650,0.1600,0.1650,2942,0
D,2013-05-23,0.1750,0.1850,0.1650,0.1700,8742,0
D,2013-05-22,0.1800,0.2000,0.1700,0.1700,23639,0
D,2013-05-21,0.1500,0.1750,0.1500,0.1750,16775,0
D,2013-05-20,0.1350,0.1500,0.1350,0.1500,4322,0
D,2013-05-17,0.1400,0.1400,0.1400,0.1400,4750,0
D,2013-05-16,0.1350,0.1400,0.1350,0.1400,1018,0
D,2013-05-15,0.1350,0.1350,0.1350,0.1350,4496,0
D,2013-05-14,0.1300,0.1400,0.1300,0.1350,9082,0
D,2013-05-13,0.1250,0.1300,0.1250,0.1300,4329,0
D,2013-05-10,0.1150,0.1250,0.1150,0.1200,6295,0
D,2013-05-09,0.1150,0.1150,0.1150,0.1150,1278,0
D,2013-05-08,0.1150,0.1200,0.1150,0.1150,5933,0
D,2013-05-07,0.1200,0.1250,0.1150,0.1250,6237,0
D,2013-05-06,0.0900,0.1200,0.0900,0.1150,18375,0
D,2013-05-03,0.0850,0.0900,0.0850,0.0900,3310,0
D,2013-05-02,0.0850,0.0900,0.0850,0.0850,4850,0
D,2013-04-30,0.0950,0.0950,0.0850,0.0850,7158,0
D,2013-04-29,0.1050,0.1050,0.0950,0.0950,5411,0
D,2013-04-26,0.1000,0.1000,0.1000,0.1000,1606,0
D,2013-04-25,0.1000,0.1050,0.1000,0.1000,6673,0
D,2013-04-24,0.1100,0.1100,0.1000,0.1100,13526,0
D,2013-04-23,0.1200,0.1250,0.1150,0.1150,4823,0
D,2013-04-22,0.1250,0.1250,0.1250,0.1250,150,0
D,2013-04-19,0.1250,0.1250,0.1250,0.1250,1820,0
D,2013-04-18,0.1300,0.1300,0.1300,0.1300,1000,0
D,2013-04-17,0.1300,0.1300,0.1300,0.1300,1042,0
D,2013-04-16,0.1300,0.1350,0.1300,0.1350,2026,0
D,2013-04-15,0.1300,0.1300,0.1300,0.1300,0,0
D,2013-04-12,0.1300,0.1300,0.1300,0.1300,1000,0
D,2013-04-11,0.1350,0.1350,0.1350,0.1350,30,0
D,2013-04-10,0.1300,0.1300,0.1300,0.1300,160,0
D,2013-04-09,0.1300,0.1300,0.1300,0.1300,700,0
D,2013-04-08,0.1300,0.1300,0.1300,0.1300,300,0
D,2013-04-05,0.1300,0.1300,0.1300,0.1300,1775,0
D,2013-04-04,0.1350,0.1350,0.1300,0.1300,960,0
D,2013-04-03,0.1350,0.1400,0.1300,0.1350,2348,0
D,2013-04-02,0.1350,0.1350,0.1300,0.1300,1805,0
D,2013-04-01,0.1350,0.1350,0.1300,0.1300,900,0
D,2013-03-29,0.1350,0.1350,0.1300,0.1300,1506,0
D,2013-03-28,0.1350,0.1350,0.1350,0.1350,0,0
D,2013-03-27,0.1300,0.1350,0.1300,0.1350,507,0
D,2013-03-26,0.1350,0.1350,0.1300,0.1300,1180,0
D,2013-03-25,0.1250,0.1300,0.1250,0.1300,2705,0
D,2013-03-22,0.1350,0.1350,0.1300,0.1300,7583,0
D,2013-03-21,0.1450,0.1450,0.1350,0.1350,1627,0
D,2013-03-20,0.1350,0.1400,0.1350,0.1400,2017,0
D,2013-03-19,0.1350,0.1350,0.1350,0.1350,200,0
D,2013-03-18,0.1350,0.1350,0.1350,0.1350,1437,0
D,2013-03-15,0.1400,0.1400,0.1350,0.1350,3051,0
D,2013-03-14,0.1500,0.1500,0.1450,0.1450,1006,0
D,2013-03-13,0.1450,0.1500,0.1450,0.1500,160,0
D,2013-03-12,0.1500,0.1500,0.1500,0.1500,83,0
D,2013-03-11,0.1550,0.1550,0.1500,0.1500,250,0
D,2013-03-08,0.1600,0.1600,0.1500,0.1550,211,0
D,2013-03-07,0.1550,0.1550,0.1450,0.1550,586,0
D,2013-03-06,0.1550,0.1550,0.1500,0.1500,285,0
D,2013-03-05,0.1450,0.1550,0.1450,0.1550,1378,0
D,2013-03-04,0.1450,0.1450,0.1400,0.1450,576,0
D,2013-03-01,0.1350,0.1350,0.1350,0.1350,400,0
D,2013-02-28,0.1350,0.1400,0.1300,0.1400,1854,0
D,2013-02-27,0.1400,0.1400,0.1400,0.1400,1894,0
D,2013-02-26,0.1450,0.1450,0.1450,0.1450,1450,0
D,2013-02-25,0.1500,0.1500,0.1450,0.1450,5678,0
D,2013-02-22,0.1550,0.1550,0.1550,0.1550,1200,0
D,2013-02-21,0.1600,0.1650,0.1550,0.1600,4048,0
D,2013-02-20,0.1600,0.1700,0.1550,0.1700,2216,0
D,2013-02-19,0.1600,0.1600,0.1550,0.1600,1206,0
D,2013-02-18,0.1550,0.1550,0.1550,0.1550,100,0
D,2013-02-15,0.1600,0.1600,0.1550,0.1550,460,0
D,2013-02-14,0.1600,0.1600,0.1600,0.1600,500,0
D,2013-02-13,0.1650,0.1650,0.1550,0.1600,1895,0
D,2013-02-08,0.1600,0.1600,0.1600,0.1600,680,0
D,2013-02-07,0.1600,0.1650,0.1550,0.1650,2538,0
D,2013-02-06,0.1700,0.1700,0.1650,0.1650,1725,0
D,2013-02-05,0.1700,0.1700,0.1700,0.1700,650,0
D,2013-02-04,0.1700,0.1750,0.1700,0.1700,1286,0
D,2013-01-31,0.1750,0.1750,0.1700,0.1750,2209,0
D,2013-01-30,0.1800,0.1800,0.1750,0.1750,2480,0
D,2013-01-29,0.1800,0.1800,0.1750,0.1750,3025,0
D,2013-01-25,0.1900,0.1950,0.1800,0.1800,5709,0
D,2013-01-23,0.1900,0.1950,0.1850,0.1900,517,0
D,2013-01-22,0.1900,0.1950,0.1800,0.1900,3138,0
D,2013-01-21,0.2050,0.2100,0.1800,0.1900,6453,0
D,2013-01-18,0.1800,0.2150,0.1800,0.2100,32014,0
D,2013-01-17,0.1850,0.1900,0.1800,0.1800,2395,0
D,2013-01-16,0.1850,0.1850,0.1850,0.1850,1104,0
D,2013-01-15,0.1900,0.1900,0.1850,0.1900,1371,0
D,2013-01-14,0.1900,0.1950,0.1850,0.1850,667,0
D,2013-01-11,0.1900,0.1950,0.1850,0.1950,1433,0
D,2013-01-10,0.2000,0.2050,0.1950,0.2000,2851,0
D,2013-01-09,0.1950,0.2050,0.1900,0.2000,2487,0
D,2013-01-08,0.1900,0.1950,0.1900,0.1900,1161,0
D,2013-01-07,0.1850,0.1950,0.1850,0.1950,730,0
D,2013-01-04,0.1900,0.1950,0.1900,0.1950,2683,0
D,2013-01-03,0.1800,0.1950,0.1800,0.1900,2215,0
D,2013-01-02,0.1800,0.1800,0.1800,0.1800,800,0
D,2012-12-31,0.1800,0.1800,0.1750,0.1800,3590,0
D,2012-12-28,0.1850,0.1850,0.1800,0.1800,700,0
D,2012-12-27,0.1800,0.1800,0.1800,0.1800,550,0
D,2012-12-26,0.1800,0.1850,0.1800,0.1850,331,0
D,2012-12-24,0.1800,0.1800,0.1800,0.1800,2139,0
D,2012-12-21,0.1800,0.1850,0.1800,0.1800,1523,0
D,2012-12-20,0.1850,0.1900,0.1850,0.1900,1384,0
D,2012-12-19,0.1950,0.1950,0.1850,0.1900,1215,0
D,2012-12-18,0.2050,0.2050,0.1900,0.1900,4342,0
D,2012-12-17,0.1850,0.2000,0.1800,0.1950,4502,0
D,2012-12-14,0.1850,0.1900,0.1800,0.1800,3088,0
D,2012-12-13,0.1900,0.1900,0.1800,0.1850,1040,0
D,2012-12-12,0.1750,0.1850,0.1750,0.1850,2885,0
D,2012-12-11,0.1700,0.1750,0.1700,0.1750,1320,0
D,2012-12-10,0.1750,0.1800,0.1700,0.1750,2062,0
D,2012-12-07,0.1700,0.1750,0.1700,0.1750,4801,0
D,2012-12-06,0.1750,0.1750,0.1650,0.1700,4745,0
D,2012-12-05,0.1750,0.1800,0.1700,0.1800,1723,0
D,2012-12-04,0.1850,0.1850,0.1750,0.1750,6041,0
D,2012-12-03,0.1900,0.1900,0.1850,0.1850,2756,0
D,2012-11-30,0.1950,0.1950,0.1900,0.1900,2760,0
D,2012-11-29,0.1950,0.2000,0.1950,0.2000,1140,0
D,2012-11-28,0.1900,0.2000,0.1900,0.2000,7638,0
D,2012-11-27,0.2050,0.2050,0.1850,0.1900,15840,0
D,2012-11-26,0.2150,0.2150,0.2100,0.2100,1990,0
D,2012-11-23,0.2100,0.2100,0.2100,0.2100,600,0
D,2012-11-22,0.2150,0.2150,0.2100,0.2100,4230,0
D,2012-11-21,0.2150,0.2150,0.2100,0.2150,9753,0
D,2012-11-20,0.2200,0.2250,0.2100,0.2150,8021,0
D,2012-11-19,0.2250,0.2250,0.2150,0.2200,5614,0
D,2012-11-16,0.2250,0.2250,0.2200,0.2250,8404,0
D,2012-11-14,0.2250,0.2300,0.2200,0.2250,14600,0
D,2012-11-12,0.2250,0.2250,0.2200,0.2200,900,0
D,2012-11-09,0.2250,0.2300,0.2250,0.2250,1784,0
D,2012-11-08,0.2250,0.2300,0.2200,0.2250,5594,0
D,2012-11-07,0.2300,0.2300,0.2250,0.2250,13268,0
D,2012-11-06,0.2350,0.2350,0.2250,0.2300,5305,0
D,2012-11-05,0.2350,0.2350,0.2300,0.2350,2830,0
D,2012-11-02,0.2450,0.2450,0.2400,0.2400,1219,0
D,2012-11-01,0.2350,0.2600,0.2350,0.2500,17087,0
D,2012-10-31,0.2300,0.2350,0.2300,0.2300,920,0
D,2012-10-30,0.2300,0.2300,0.2300,0.2300,1010,0
D,2012-10-29,0.2350,0.2350,0.2300,0.2300,330,0
D,2012-10-25,0.2300,0.2350,0.2300,0.2350,682,0
D,2012-10-24,0.2350,0.2350,0.2250,0.2350,1042,0
D,2012-10-23,0.2350,0.2350,0.2300,0.2300,2008,0
D,2012-10-22,0.2350,0.2400,0.2300,0.2400,1698,0
D,2012-10-19,0.2450,0.2450,0.2300,0.2400,2671,0
D,2012-10-18,0.2250,0.2400,0.2250,0.2400,8741,0
D,2012-10-17,0.2250,0.2250,0.2250,0.2250,2310,0
D,2012-10-16,0.2250,0.2300,0.2250,0.2250,1480,0
D,2012-10-15,0.2350,0.2350,0.2250,0.2250,2400,0
D,2012-10-12,0.2300,0.2300,0.2300,0.2300,467,0
D,2012-10-11,0.2300,0.2350,0.2250,0.2350,6370,0
D,2012-10-10,0.2350,0.2350,0.2300,0.2300,3000,0
D,2012-10-09,0.2350,0.2350,0.2350,0.2350,1600,0
D,2012-10-08,0.2350,0.2400,0.2350,0.2350,2481,0
D,2012-10-05,0.2350,0.2350,0.2300,0.2350,7798,0
D,2012-10-04,0.2300,0.2350,0.2300,0.2350,2646,0
D,2012-10-03,0.2400,0.2400,0.2300,0.2350,2002,0
D,2012-05-03,0.2450,0.2500,0.2350,0.2450,21806,0
D,2012-05-02,0.2300,0.2400,0.2300,0.2400,60281,0
