D,2013-04-18,0.3450,0.3450,0.3450,0.3450,0,0
D,2013-04-17,0.3450,0.3450,0.3450,0.3450,0,0
D,2013-04-16,0.3450,0.3450,0.3450,0.3450,0,0
D,2013-04-15,0.3450,0.3450,0.3450,0.3450,0,0
D,2013-04-12,0.3450,0.3450,0.3450,0.3450,0,0
D,2013-04-11,0.3450,0.3450,0.3450,0.3450,0,0
D,2013-04-10,0.3450,0.3450,0.3450,0.3450,0,0
D,2013-04-09,0.3450,0.3450,0.3450,0.3450,0,0
D,2013-04-08,0.3450,0.3450,0.3450,0.3450,0,0
D,2013-04-05,0.3450,0.3450,0.3450,0.3450,0,0
D,2013-04-04,0.3450,0.3450,0.3450,0.3450,0,0
D,2013-04-03,0.3450,0.3450,0.3450,0.3450,0,0
D,2013-04-02,0.3450,0.3450,0.3450,0.3450,0,0
D,2013-04-01,0.3450,0.3450,0.3450,0.3450,0,0
D,2013-03-29,0.3450,0.3450,0.3450,0.3450,0,0
D,2013-03-28,0.3450,0.3500,0.3450,0.3450,3430,0
D,2013-03-27,0.3450,0.3450,0.3450,0.3450,1694,0
D,2013-03-26,0.3450,0.3450,0.3450,0.3450,1168,0
D,2013-03-25,0.3450,0.3500,0.3450,0.3450,871,0
D,2013-03-22,0.3450,0.3450,0.3450,0.3450,2566,0
D,2013-03-21,0.3450,0.3450,0.3450,0.3450,1050,0
D,2013-03-20,0.3450,0.3500,0.3450,0.3450,140,0
D,2013-03-19,0.3450,0.3500,0.3450,0.3450,631,0
D,2013-03-18,0.3450,0.3450,0.3450,0.3450,278,0
D,2013-03-15,0.3450,0.3450,0.3450,0.3450,1320,0
D,2013-03-14,0.3450,0.3450,0.3450,0.3450,459,0
D,2013-03-13,0.3450,0.3500,0.3450,0.3500,2609,0
D,2013-03-12,0.3450,0.3500,0.3450,0.3450,892,0
D,2013-03-11,0.3450,0.3500,0.3450,0.3450,1070,0
D,2013-03-08,0.3450,0.3450,0.3450,0.3450,869,0
D,2013-03-07,0.3450,0.3450,0.3450,0.3450,967,0
D,2013-03-06,0.3450,0.3450,0.3450,0.3450,3435,0
D,2013-03-05,0.3450,0.3500,0.3450,0.3450,6406,0
D,2013-03-04,0.3450,0.3500,0.3450,0.3450,1169,0
D,2013-03-01,0.3450,0.3450,0.3450,0.3450,903,0
D,2013-02-28,0.3450,0.3450,0.3450,0.3450,1569,0
D,2013-02-27,0.3450,0.3500,0.3450,0.3450,934,0
D,2013-02-26,0.3450,0.3500,0.3450,0.3500,2318,0
D,2013-02-25,0.3450,0.3450,0.3450,0.3450,12937,0
D,2013-02-22,0.3450,0.3450,0.3450,0.3450,486,0
D,2013-02-21,0.3450,0.3450,0.3450,0.3450,320,0
D,2013-02-20,0.3450,0.3450,0.3450,0.3450,270,0
D,2013-02-19,0.3500,0.3500,0.3450,0.3450,1604,0
D,2013-02-18,0.3450,0.3450,0.3450,0.3450,2339,0
D,2013-02-15,0.3450,0.3450,0.3450,0.3450,7738,0
D,2013-02-14,0.3450,0.3450,0.3450,0.3450,8765,0
D,2013-02-13,0.3450,0.3450,0.3450,0.3450,381,0
D,2013-02-08,0.3450,0.3500,0.3450,0.3500,1376,0
D,2013-02-07,0.3450,0.3450,0.3450,0.3450,1001,0
D,2013-02-06,0.3450,0.3450,0.3450,0.3450,2289,0
D,2013-02-05,0.3450,0.3450,0.3450,0.3450,433,0
D,2013-02-04,0.3450,0.3450,0.3450,0.3450,474,0
D,2013-01-31,0.3450,0.3450,0.3450,0.3450,20,0
D,2013-01-30,0.3450,0.3450,0.3450,0.3450,1930,0
D,2013-01-29,0.3500,0.3500,0.3450,0.3500,1110,0
D,2013-01-25,0.3450,0.3450,0.3450,0.3450,60,0
D,2013-01-23,0.3450,0.3450,0.3450,0.3450,387,0
D,2013-01-22,0.3450,0.3450,0.3450,0.3450,667,0
D,2013-01-21,0.3450,0.3450,0.3400,0.3450,8877,0
D,2013-01-18,0.3450,0.3450,0.3450,0.3450,110,0
D,2013-01-17,0.3450,0.3450,0.3450,0.3450,1568,0
D,2013-01-16,0.3450,0.3450,0.3450,0.3450,730,0
D,2013-01-15,0.3500,0.3500,0.3450,0.3450,70,0
D,2013-01-14,0.3450,0.3450,0.3450,0.3450,1549,0
D,2013-01-11,0.3450,0.3500,0.3400,0.3500,35973,0
D,2013-01-10,0.3350,0.3450,0.3350,0.3400,1539,0
D,2013-01-09,0.3350,0.3350,0.3350,0.3350,151,0
D,2013-01-08,0.3350,0.3350,0.3350,0.3350,2275,0
D,2013-01-07,0.3350,0.3350,0.3350,0.3350,1851,0
D,2013-01-04,0.3350,0.3350,0.3350,0.3350,1470,0
D,2013-01-03,0.3350,0.3350,0.3350,0.3350,80,0
D,2013-01-02,0.3300,0.3300,0.3300,0.3300,50,0
D,2012-12-31,0.3350,0.3350,0.3350,0.3350,300,0
D,2012-12-28,0.3350,0.3400,0.3300,0.3400,759,0
D,2012-12-27,0.3350,0.3500,0.3350,0.3350,740,0
D,2012-12-26,0.3350,0.3350,0.3350,0.3350,174,0
D,2012-12-24,0.3350,0.3400,0.3350,0.3400,726,0
D,2012-12-21,0.3350,0.3350,0.3350,0.3350,100,0
D,2012-12-20,0.3350,0.3350,0.3350,0.3350,70,0
D,2012-12-19,0.3350,0.3350,0.3350,0.3350,375,0
D,2012-12-18,0.3350,0.3400,0.3350,0.3350,156,0
D,2012-12-17,0.3350,0.3350,0.3350,0.3350,103,0
D,2012-12-14,0.3350,0.3400,0.3350,0.3350,200,0
D,2012-12-13,0.3350,0.3400,0.3350,0.3350,1061,0
D,2012-12-12,0.3350,0.3400,0.3350,0.3350,1501,0
D,2012-12-11,0.3350,0.3350,0.3350,0.3350,463,0
D,2012-12-10,0.3350,0.3400,0.3350,0.3350,1963,0
D,2012-12-07,0.3350,0.3350,0.3350,0.3350,0,0
D,2012-12-06,0.3350,0.3400,0.3350,0.3350,3735,0
D,2012-12-05,0.3350,0.3400,0.3350,0.3350,161,0
D,2012-12-04,0.3350,0.3400,0.3350,0.3350,851,0
D,2012-12-03,0.3350,0.3400,0.3350,0.3400,9096,0
D,2012-11-30,0.3300,0.3350,0.3300,0.3300,1340,0
D,2012-11-29,0.3300,0.3300,0.3300,0.3300,1500,0
D,2012-11-28,0.3300,0.3350,0.3300,0.3300,6787,0
D,2012-11-27,0.3300,0.3300,0.3300,0.3300,3993,0
D,2012-11-26,0.3300,0.3300,0.3250,0.3250,8552,0
D,2012-11-23,0.3250,0.3300,0.3200,0.3250,20404,0
D,2012-11-22,0.3000,0.3150,0.3000,0.3150,6121,0
D,2012-11-21,0.2400,0.2800,0.2400,0.2800,101,0
D,2012-11-20,0.2850,0.2850,0.2850,0.2850,0,0
D,2012-11-19,0.2500,0.2850,0.2500,0.2850,71,0
D,2012-11-16,0.2850,0.2850,0.2750,0.2750,350,0
D,2012-11-14,0.2800,0.2800,0.2800,0.2800,0,0
D,2012-11-12,0.2800,0.2800,0.2800,0.2800,640,0
D,2012-11-09,0.2900,0.2900,0.2900,0.2900,0,0
D,2012-11-08,0.2900,0.2900,0.2900,0.2900,0,0
D,2012-11-07,0.2900,0.2900,0.2900,0.2900,0,0
D,2012-11-06,0.2900,0.2900,0.2900,0.2900,0,0
D,2012-11-05,0.2900,0.2900,0.2900,0.2900,0,0
D,2012-11-02,0.2900,0.2900,0.2900,0.2900,0,0
D,2012-11-01,0.2900,0.2900,0.2900,0.2900,0,0
D,2012-10-31,0.2400,0.2900,0.2400,0.2900,21,0
D,2012-10-30,0.2900,0.2900,0.2900,0.2900,0,0
D,2012-10-29,0.2900,0.2900,0.2900,0.2900,0,0
D,2012-10-25,0.2900,0.2900,0.2900,0.2900,0,0
D,2012-10-24,0.2900,0.2900,0.2900,0.2900,0,0
D,2012-10-23,0.2900,0.2900,0.2900,0.2900,0,0
D,2012-10-22,0.2900,0.2900,0.2900,0.2900,0,0
D,2012-10-19,0.2900,0.2900,0.2900,0.2900,0,0
D,2012-10-18,0.2900,0.2900,0.2900,0.2900,0,0
D,2012-10-17,0.2900,0.2900,0.2900,0.2900,0,0
D,2012-10-16,0.2900,0.2900,0.2900,0.2900,1,0
D,2012-10-15,0.2650,0.2650,0.2450,0.2450,450,0
D,2012-10-12,0.2750,0.2750,0.2750,0.2750,0,0
D,2012-10-11,0.2750,0.2750,0.2750,0.2750,0,0
D,2012-10-10,0.2750,0.3900,0.2750,0.2750,1580,0
D,2012-10-09,0.2800,0.2800,0.2800,0.2800,0,0
D,2012-10-08,0.2350,0.2800,0.2350,0.2800,41,0
D,2012-10-05,0.2300,0.2600,0.2300,0.2600,67,0
D,2012-10-04,0.2300,0.2600,0.2300,0.2600,11,0
D,2012-10-03,0.2700,0.2700,0.2700,0.2700,0,0
D,2012-05-03,0.2850,0.2850,0.2850,0.2850,350,0
D,2012-05-02,0.2850,0.2900,0.2850,0.2900,450,0
