D,2014-08-01,0.0050,0.0050,0.0050,0.0050,0,0
D,2014-07-31,0.0050,0.0050,0.0050,0.0050,0,0
D,2014-07-30,0.0050,0.0050,0.0050,0.0050,0,0
D,2014-07-25,0.0050,0.0050,0.0050,0.0050,0,0
D,2014-07-24,0.0050,0.0050,0.0050,0.0050,0,0
D,2014-07-23,0.0050,0.0050,0.0050,0.0050,0,0
D,2014-07-22,0.0050,0.0050,0.0050,0.0050,0,0
D,2014-07-21,0.0050,0.0050,0.0050,0.0050,0,0
D,2014-07-18,0.0050,0.0050,0.0050,0.0050,0,0
D,2014-07-17,0.0050,0.0050,0.0050,0.0050,0,0
D,2014-07-16,0.0050,0.0050,0.0050,0.0050,0,0
D,2014-07-14,0.0050,0.0050,0.0050,0.0050,0,0
D,2014-07-11,0.0050,0.0050,0.0050,0.0050,0,0
D,2014-07-10,0.0050,0.0050,0.0050,0.0050,0,0
D,2014-07-09,0.0050,0.0050,0.0050,0.0050,0,0
D,2014-07-08,0.0050,0.0050,0.0050,0.0050,0,0
D,2014-07-07,0.0050,0.0050,0.0050,0.0050,0,0
D,2014-07-04,0.0050,0.0050,0.0050,0.0050,0,0
D,2014-07-03,0.0050,0.0050,0.0050,0.0050,0,0
D,2014-07-02,0.0050,0.0050,0.0050,0.0050,0,0
D,2014-07-01,0.0050,0.0050,0.0050,0.0050,0,0
D,2014-06-30,0.0050,0.0050,0.0050,0.0050,0,0
D,2014-06-27,0.0050,0.0050,0.0050,0.0050,0,0
D,2014-06-26,0.0050,0.0050,0.0050,0.0050,0,0
D,2014-06-25,0.0050,0.0050,0.0050,0.0050,0,0
D,2014-06-24,0.0050,0.0050,0.0050,0.0050,0,0
D,2014-06-23,0.0050,0.0050,0.0050,0.0050,0,0
D,2014-06-20,0.0050,0.0050,0.0050,0.0050,0,0
D,2014-06-19,0.0050,0.0050,0.0050,0.0050,0,0
D,2014-06-18,0.0050,0.0050,0.0050,0.0050,0,0
D,2014-06-17,0.0050,0.0050,0.0050,0.0050,0,0
D,2014-06-16,0.0050,0.0050,0.0050,0.0050,0,0
D,2014-06-13,0.0050,0.0050,0.0050,0.0050,0,0
D,2014-06-12,0.0050,0.0050,0.0050,0.0050,0,0
D,2014-06-11,0.0050,0.0050,0.0050,0.0050,0,0
D,2014-06-10,0.0050,0.0050,0.0050,0.0050,0,0
D,2014-06-09,0.0050,0.0050,0.0050,0.0050,0,0
D,2014-06-06,0.0050,0.0050,0.0050,0.0050,1992,0
D,2014-06-05,0.0300,0.0300,0.0300,0.0300,0,0
D,2014-06-04,0.0300,0.0300,0.0300,0.0300,0,0
D,2014-06-03,0.0300,0.0300,0.0300,0.0300,0,0
D,2014-06-02,0.0300,0.0300,0.0300,0.0300,0,0
D,2014-05-30,0.0300,0.0300,0.0300,0.0300,0,0
D,2014-05-29,0.0300,0.0300,0.0300,0.0300,0,0
D,2014-05-28,0.0300,0.0300,0.0300,0.0300,0,0
D,2014-05-27,0.0300,0.0300,0.0300,0.0300,0,0
D,2014-05-26,0.0300,0.0300,0.0300,0.0300,0,0
D,2014-05-23,0.0300,0.0300,0.0300,0.0300,0,0
D,2014-05-22,0.0300,0.0300,0.0300,0.0300,0,0
D,2014-05-21,0.0300,0.0300,0.0300,0.0300,0,0
D,2014-05-20,0.0300,0.0300,0.0300,0.0300,400,0
D,2014-05-19,0.0250,0.0250,0.0250,0.0250,0,0
D,2014-05-16,0.0250,0.0250,0.0250,0.0250,0,0
D,2014-05-15,0.0250,0.0250,0.0250,0.0250,0,0
D,2014-05-14,0.0250,0.0250,0.0250,0.0250,1249,0
D,2014-05-12,0.0300,0.0300,0.0250,0.0250,1750,0
D,2014-05-09,0.0200,0.0200,0.0200,0.0200,0,0
D,2014-05-08,0.0200,0.0200,0.0200,0.0200,0,0
D,2014-05-07,0.0200,0.0200,0.0200,0.0200,9000,0
D,2014-05-06,0.0200,0.0200,0.0200,0.0200,2000,0
D,2014-05-05,0.0200,0.0200,0.0200,0.0200,3186,0
D,2014-05-02,0.0200,0.0250,0.0200,0.0200,1347,0
D,2014-04-30,0.0100,0.0100,0.0100,0.0100,0,0
D,2014-04-29,0.0150,0.0150,0.0100,0.0100,1250,0
D,2014-04-28,0.0200,0.0200,0.0200,0.0200,773,0
D,2014-04-25,0.0150,0.0150,0.0150,0.0150,0,0
D,2014-04-24,0.0150,0.0150,0.0150,0.0150,0,0
D,2014-04-23,0.0150,0.0150,0.0150,0.0150,0,0
D,2014-04-22,0.0150,0.0150,0.0150,0.0150,0,0
D,2014-04-21,0.0150,0.0150,0.0150,0.0150,0,0
D,2014-04-18,0.0150,0.0150,0.0150,0.0150,0,0
D,2014-04-17,0.0150,0.0150,0.0150,0.0150,1860,0
D,2014-04-16,0.0100,0.0100,0.0100,0.0100,1000,0
D,2014-04-15,0.0100,0.0100,0.0100,0.0100,500,0
D,2014-04-14,0.0100,0.0100,0.0100,0.0100,400,0
D,2014-04-11,0.0100,0.0100,0.0100,0.0100,1000,0
D,2014-04-10,0.0150,0.0150,0.0150,0.0150,1,0
D,2014-04-09,0.0150,0.0150,0.0150,0.0150,0,0
D,2014-04-08,0.0150,0.0150,0.0150,0.0150,250,0
D,2014-04-07,0.0150,0.0150,0.0150,0.0150,2250,0
D,2014-04-04,0.0150,0.0150,0.0150,0.0150,3000,0
D,2014-04-03,0.0150,0.0150,0.0100,0.0100,4931,0
D,2014-04-02,0.0100,0.0100,0.0100,0.0100,0,0
D,2014-04-01,0.0100,0.0100,0.0100,0.0100,600,0
D,2014-03-31,0.0100,0.0100,0.0100,0.0100,4001,0
D,2014-03-28,0.0150,0.0150,0.0150,0.0150,50,0
D,2014-03-27,0.0150,0.0150,0.0150,0.0150,0,0
D,2014-03-26,0.0100,0.0150,0.0100,0.0150,400,0
D,2014-03-25,0.0100,0.0100,0.0100,0.0100,0,0
D,2014-03-24,0.0100,0.0100,0.0100,0.0100,0,0
D,2014-03-21,0.0100,0.0150,0.0100,0.0100,790,0
D,2014-03-20,0.0100,0.0100,0.0100,0.0100,3000,0
D,2014-03-19,0.0100,0.0100,0.0100,0.0100,500,0
D,2014-03-18,0.0100,0.0100,0.0100,0.0100,0,0
D,2014-03-17,0.0100,0.0100,0.0100,0.0100,1000,0
D,2014-03-14,0.0100,0.0100,0.0100,0.0100,3399,0
D,2014-03-13,0.0100,0.0100,0.0100,0.0100,0,0
D,2014-03-12,0.0100,0.0100,0.0100,0.0100,0,0
D,2014-03-11,0.0050,0.0100,0.0050,0.0100,4001,0
D,2014-03-10,0.0050,0.0050,0.0050,0.0050,0,0
D,2014-03-07,0.0050,0.0050,0.0050,0.0050,0,0
D,2014-03-06,0.0050,0.0050,0.0050,0.0050,0,0
D,2014-03-05,0.0050,0.0050,0.0050,0.0050,0,0
D,2014-03-04,0.0100,0.0100,0.0050,0.0050,115,0
D,2014-03-03,0.0100,0.0100,0.0100,0.0100,0,0
D,2014-02-28,0.0100,0.0100,0.0100,0.0100,0,0
D,2014-02-27,0.0100,0.0100,0.0100,0.0100,0,0
D,2014-02-26,0.0100,0.0100,0.0100,0.0100,0,0
D,2014-02-25,0.0100,0.0100,0.0100,0.0100,0,0
D,2014-02-24,0.0100,0.0100,0.0100,0.0100,0,0
D,2014-02-21,0.0100,0.0100,0.0100,0.0100,1000,0
D,2014-02-20,0.0100,0.0100,0.0100,0.0100,550,0
D,2014-02-19,0.0150,0.0150,0.0150,0.0150,0,0
D,2014-02-18,0.0150,0.0150,0.0150,0.0150,0,0
D,2014-02-17,0.0150,0.0150,0.0150,0.0150,0,0
D,2014-02-14,0.0150,0.0150,0.0150,0.0150,0,0
D,2014-02-13,0.0150,0.0150,0.0150,0.0150,0,0
D,2014-02-12,0.0100,0.0150,0.0100,0.0150,2063,0
D,2014-02-11,0.0150,0.0150,0.0150,0.0150,0,0
D,2014-02-10,0.0150,0.0150,0.0150,0.0150,0,0
D,2014-02-07,0.0200,0.0200,0.0100,0.0150,6002,0
D,2014-02-06,0.0150,0.0150,0.0150,0.0150,0,0
D,2014-02-05,0.0150,0.0150,0.0150,0.0150,0,0
D,2014-02-04,0.0150,0.0150,0.0150,0.0150,0,0
D,2014-01-30,0.0150,0.0150,0.0150,0.0150,0,0
D,2014-01-29,0.0150,0.0150,0.0150,0.0150,0,0
D,2014-01-28,0.0150,0.0150,0.0150,0.0150,0,0
D,2014-01-27,0.0150,0.0150,0.0150,0.0150,0,0
D,2014-01-24,0.0150,0.0150,0.0150,0.0150,0,0
D,2014-01-23,0.0150,0.0150,0.0150,0.0150,2000,0
D,2014-01-22,0.0150,0.0150,0.0150,0.0150,0,0
D,2014-01-21,0.0150,0.0150,0.0150,0.0150,117,0
D,2014-01-20,0.0200,0.0200,0.0200,0.0200,0,0
D,2014-01-16,0.0200,0.0200,0.0200,0.0200,0,0
D,2014-01-15,0.0250,0.0250,0.0200,0.0200,2000,0
D,2014-01-13,0.0150,0.0250,0.0150,0.0250,835,0
D,2014-01-10,0.0200,0.0250,0.0200,0.0250,2461,0
D,2014-01-09,0.0250,0.0250,0.0250,0.0250,0,0
D,2014-01-08,0.0250,0.0250,0.0250,0.0250,0,0
D,2014-01-07,0.0250,0.0250,0.0250,0.0250,0,0
D,2014-01-06,0.0250,0.0250,0.0250,0.0250,1001,0
D,2014-01-03,0.0200,0.0200,0.0200,0.0200,1001,0
D,2014-01-02,0.0200,0.0250,0.0200,0.0250,160,0
D,2013-12-31,0.0250,0.0250,0.0250,0.0250,0,0
D,2013-12-30,0.0250,0.0250,0.0250,0.0250,0,0
D,2013-12-27,0.0350,0.0350,0.0150,0.0250,4013,0
D,2013-12-26,0.0200,0.0200,0.0150,0.0150,1002,0
D,2013-12-24,0.0250,0.0250,0.0250,0.0250,0,0
D,2013-12-23,0.0200,0.0250,0.0150,0.0250,2232,0
D,2013-12-20,0.0200,0.0200,0.0200,0.0200,1500,0
D,2013-12-19,0.0200,0.0200,0.0200,0.0200,14526,0
D,2013-12-18,0.0250,0.0250,0.0250,0.0250,0,0
D,2013-12-17,0.0250,0.0250,0.0250,0.0250,0,0
D,2013-12-16,0.0250,0.0250,0.0250,0.0250,0,0
D,2013-12-13,0.0250,0.0250,0.0250,0.0250,0,0
D,2013-12-12,0.0250,0.0250,0.0250,0.0250,0,0
D,2013-12-11,0.0250,0.0250,0.0250,0.0250,1200,0
D,2013-12-10,0.0250,0.0250,0.0250,0.0250,0,0
D,2013-12-09,0.0250,0.0250,0.0250,0.0250,3000,0
D,2013-12-06,0.0250,0.0250,0.0250,0.0250,0,0
D,2013-12-05,0.0250,0.0250,0.0250,0.0250,1700,0
D,2013-12-04,0.0300,0.0450,0.0250,0.0450,2242,0
D,2013-12-03,0.0250,0.0250,0.0250,0.0250,2000,0
D,2013-12-02,0.0250,0.0250,0.0250,0.0250,2800,0
D,2013-11-29,0.0300,0.0500,0.0300,0.0500,3001,0
D,2013-11-28,0.0350,0.0350,0.0350,0.0350,0,0
D,2013-11-27,0.0350,0.0350,0.0350,0.0350,2000,0
D,2013-11-26,0.0350,0.0350,0.0350,0.0350,1100,0
D,2013-11-25,0.0400,0.0400,0.0400,0.0400,2000,0
D,2013-11-22,0.0400,0.0400,0.0400,0.0400,0,0
D,2013-11-21,0.0400,0.0400,0.0400,0.0400,0,0
D,2013-11-20,0.0450,0.0450,0.0400,0.0400,1075,0
D,2013-11-19,0.0450,0.0450,0.0450,0.0450,3000,0
D,2013-11-18,0.0500,0.0500,0.0500,0.0500,0,0
D,2013-11-15,0.0500,0.0500,0.0500,0.0500,300,0
D,2013-11-14,0.0500,0.0500,0.0500,0.0500,800,0
D,2013-11-13,0.0550,0.0550,0.0500,0.0500,2000,0
D,2013-11-12,0.0700,0.0700,0.0700,0.0700,0,0
D,2013-11-11,0.0700,0.0700,0.0700,0.0700,0,0
D,2013-11-08,0.0700,0.0700,0.0700,0.0700,0,0
D,2013-11-07,0.0700,0.0700,0.0700,0.0700,0,0
D,2013-11-06,0.0700,0.0700,0.0700,0.0700,0,0
D,2013-11-04,0.0800,0.0800,0.0650,0.0700,3698,0
D,2013-11-01,0.0500,0.0750,0.0500,0.0600,19116,0
D,2013-10-31,0.0400,0.0450,0.0400,0.0450,10362,0
D,2013-10-30,0.0400,0.0400,0.0400,0.0400,1000,0
D,2013-10-29,0.0400,0.0400,0.0400,0.0400,1000,0
D,2013-10-28,0.0350,0.0400,0.0350,0.0400,7900,0
D,2013-10-25,0.0350,0.0350,0.0350,0.0350,200,0
D,2013-10-24,0.0350,0.0350,0.0350,0.0350,1038,0
D,2013-10-23,0.0350,0.0350,0.0350,0.0350,4880,0
D,2013-10-22,0.0300,0.0350,0.0300,0.0350,11000,0
D,2013-10-21,0.0350,0.0350,0.0350,0.0350,3000,0
D,2013-10-18,0.0350,0.0350,0.0350,0.0350,2250,0
D,2013-10-17,0.0350,0.0350,0.0350,0.0350,500,0
D,2013-10-16,0.0350,0.0350,0.0350,0.0350,0,0
D,2013-10-14,0.0350,0.0350,0.0350,0.0350,0,0
D,2013-10-11,0.0350,0.0350,0.0350,0.0350,410,0
D,2013-10-10,0.0350,0.0350,0.0350,0.0350,0,0
D,2013-10-09,0.0350,0.0350,0.0350,0.0350,2300,0
D,2013-10-08,0.0350,0.0350,0.0350,0.0350,1496,0
D,2013-10-07,0.0300,0.0400,0.0300,0.0350,16972,0
D,2013-10-04,0.0250,0.0250,0.0250,0.0250,0,0
D,2013-10-03,0.0250,0.0250,0.0250,0.0250,0,0
D,2013-10-02,0.0250,0.0250,0.0250,0.0250,0,0
D,2013-10-01,0.0300,0.0300,0.0250,0.0250,5500,0
D,2013-09-30,0.0300,0.0300,0.0300,0.0300,300,0
D,2013-09-27,0.0300,0.0300,0.0300,0.0300,500,0
D,2013-09-26,0.0300,0.0300,0.0300,0.0300,1600,0
D,2013-09-25,0.0350,0.0350,0.0300,0.0300,3050,0
D,2013-09-24,0.0350,0.0350,0.0350,0.0350,0,0
D,2013-09-23,0.0350,0.0350,0.0350,0.0350,800,0
D,2013-09-20,0.0300,0.0300,0.0300,0.0300,500,0
D,2013-09-19,0.0300,0.0300,0.0300,0.0300,5980,0
D,2013-09-18,0.0300,0.0300,0.0300,0.0300,1000,0
D,2013-09-17,0.0300,0.0300,0.0300,0.0300,2500,0
D,2013-09-13,0.0250,0.0250,0.0250,0.0250,400,0
D,2013-09-12,0.0250,0.0250,0.0250,0.0250,0,0
D,2013-09-11,0.0250,0.0250,0.0250,0.0250,0,0
D,2013-09-10,0.0250,0.0250,0.0250,0.0250,0,0
D,2013-09-09,0.0250,0.0250,0.0250,0.0250,300,0
D,2013-09-06,0.0300,0.0300,0.0250,0.0250,6735,0
D,2013-09-05,0.0350,0.0400,0.0300,0.0300,3500,0
D,2013-09-04,0.0250,0.0250,0.0250,0.0250,0,0
D,2013-09-03,0.0250,0.0250,0.0250,0.0250,4500,0
D,2013-09-02,0.0300,0.0300,0.0300,0.0300,650,0
D,2013-08-30,0.0300,0.0300,0.0300,0.0300,100,0
D,2013-08-29,0.0300,0.0300,0.0300,0.0300,150,0
D,2013-08-28,0.0300,0.0300,0.0300,0.0300,6390,0
D,2013-08-27,0.0500,0.0500,0.0500,0.0500,0,0
D,2013-08-26,0.0500,0.0500,0.0500,0.0500,300,0
D,2013-08-23,0.0500,0.0500,0.0500,0.0500,0,0
D,2013-08-22,0.0500,0.0500,0.0500,0.0500,150,0
D,2013-08-21,0.0550,0.0550,0.0500,0.0500,6100,0
D,2013-08-20,0.0600,0.0600,0.0550,0.0550,250,0
D,2013-08-19,0.0600,0.0600,0.0600,0.0600,0,0
D,2013-08-16,0.0650,0.0650,0.0600,0.0600,1250,0
D,2013-08-15,0.0750,0.0750,0.0650,0.0750,1550,0
D,2013-08-14,0.0900,0.0900,0.0850,0.0850,2600,0
D,2013-08-13,0.0850,0.0900,0.0800,0.0900,6000,0
D,2013-08-12,0.0750,0.0750,0.0750,0.0750,300,0
D,2013-08-07,0.0700,0.0700,0.0700,0.0700,1200,0
D,2013-08-06,0.0600,0.0600,0.0600,0.0600,600,0
D,2013-08-05,0.0650,0.0650,0.0650,0.0650,0,0
D,2013-08-02,0.0650,0.0650,0.0650,0.0650,0,0
D,2013-08-01,0.0650,0.0650,0.0650,0.0650,250,0
D,2013-07-31,0.0750,0.0750,0.0750,0.0750,0,0
D,2013-07-30,0.0750,0.0750,0.0750,0.0750,1000,0
D,2013-07-29,0.0900,0.0900,0.0900,0.0900,100,0
D,2013-07-26,0.0900,0.0900,0.0900,0.0900,1300,0
D,2013-07-25,0.1000,0.1000,0.1000,0.1000,0,0
D,2013-07-24,0.1000,0.1000,0.1000,0.1000,100,0
D,2013-07-23,0.0950,0.0950,0.0950,0.0950,0,0
D,2013-07-22,0.1050,0.1050,0.0950,0.0950,1300,0
D,2013-07-19,0.1100,0.1100,0.1100,0.1100,500,0
D,2013-07-18,0.1150,0.1150,0.1150,0.1150,0,0
D,2013-07-17,0.1150,0.1150,0.1150,0.1150,0,0
D,2013-07-16,0.1150,0.1150,0.1150,0.1150,1004,0
D,2013-07-15,0.1200,0.1200,0.1200,0.1200,0,0
D,2013-07-12,0.1250,0.1250,0.1200,0.1200,2200,0
D,2013-07-11,0.1300,0.1300,0.1300,0.1300,1000,0
D,2013-07-10,0.1500,0.1500,0.1500,0.1500,0,0
