D,2014-10-14,0.2000,0.2200,0.2000,0.2200,185,0
D,2014-10-13,0.2600,0.2600,0.2200,0.2250,630,0
D,2014-10-10,0.2500,0.2500,0.2500,0.2500,0,0
D,2014-10-09,0.2500,0.2500,0.2500,0.2500,0,0
D,2014-10-08,0.2400,0.2500,0.2350,0.2500,1707,0
D,2014-10-07,0.2600,0.2600,0.2550,0.2600,1151,0
D,2014-10-03,0.2450,0.2500,0.2450,0.2500,700,0
D,2014-10-02,0.2550,0.2550,0.2400,0.2400,1609,0
D,2014-10-01,0.2450,0.2450,0.2450,0.2450,26,0
D,2014-09-30,0.2450,0.2450,0.2450,0.2450,0,0
D,2014-09-29,0.2450,0.2450,0.2450,0.2450,0,0
D,2014-09-26,0.2400,0.2450,0.2400,0.2450,120,0
D,2014-09-25,0.2400,0.2450,0.2400,0.2450,6,0
D,2014-09-24,0.2400,0.2650,0.2300,0.2300,340,0
D,2014-09-23,0.2300,0.2500,0.2300,0.2500,450,0
D,2014-09-22,0.2350,0.2350,0.2350,0.2350,50,0
D,2014-09-19,0.2400,0.2400,0.2400,0.2400,0,0
D,2014-09-18,0.2500,0.2550,0.2400,0.2400,1227,0
D,2014-09-17,0.2550,0.2550,0.2350,0.2450,400,0
D,2014-09-15,0.2300,0.2300,0.2300,0.2300,0,0
D,2014-09-12,0.2300,0.2300,0.2300,0.2300,30,0
D,2014-09-11,0.2600,0.2600,0.2600,0.2600,350,0
D,2014-09-10,0.2600,0.2650,0.2350,0.2350,405,0
D,2014-09-09,0.2300,0.2500,0.2300,0.2500,206,0
D,2014-09-08,0.2250,0.2300,0.2250,0.2300,106,0
D,2014-09-05,0.2400,0.2400,0.2400,0.2400,0,0
D,2014-09-04,0.2500,0.2650,0.2400,0.2400,405,0
D,2014-09-03,0.2400,0.2400,0.2400,0.2400,0,0
D,2014-09-02,0.2500,0.2500,0.2350,0.2400,652,0
D,2014-08-29,0.2400,0.2400,0.2350,0.2350,403,0
D,2014-08-28,0.2600,0.2600,0.2400,0.2400,2,0
D,2014-08-27,0.2500,0.2500,0.2500,0.2500,477,0
D,2014-08-26,0.2400,0.2500,0.2250,0.2250,495,0
D,2014-08-25,0.2250,0.2500,0.2250,0.2350,509,0
D,2014-08-22,0.2450,0.2450,0.2450,0.2450,0,0
D,2014-08-21,0.2450,0.2450,0.2450,0.2450,876,0
D,2014-08-20,0.2450,0.2450,0.2450,0.2450,0,0
D,2014-08-19,0.2700,0.2700,0.2450,0.2450,401,0
D,2014-08-18,0.2450,0.2450,0.2350,0.2350,1000,0
D,2014-08-15,0.2450,0.2450,0.2450,0.2450,10,0
D,2014-08-14,0.2700,0.2700,0.2700,0.2700,0,0
D,2014-08-13,0.2450,0.2700,0.2000,0.2700,204,0
D,2014-08-12,0.2450,0.2450,0.2450,0.2450,0,0
D,2014-08-11,0.2450,0.2450,0.2450,0.2450,0,0
D,2014-08-08,0.2500,0.2500,0.2450,0.2450,1040,0
D,2014-08-07,0.2500,0.2500,0.2500,0.2500,260,0
D,2014-08-06,0.2500,0.2500,0.2500,0.2500,0,0
D,2014-08-05,0.2500,0.2500,0.2500,0.2500,474,0
D,2014-08-04,0.2500,0.2550,0.2400,0.2500,4135,0
D,2014-08-01,0.2400,0.2400,0.2400,0.2400,600,0
D,2014-07-31,0.2400,0.2400,0.2400,0.2400,440,0
D,2014-07-30,0.2400,0.2400,0.2400,0.2400,2500,0
D,2014-07-25,0.2500,0.2550,0.2300,0.2500,3737,0
D,2014-07-24,0.2600,0.2600,0.2550,0.2550,360,0
D,2014-07-23,0.2900,0.2900,0.2550,0.2550,1148,0
D,2014-07-22,0.2450,0.2450,0.2400,0.2400,1000,0
D,2014-07-21,0.2400,0.2400,0.2400,0.2400,0,0
D,2014-07-18,0.2400,0.2400,0.2400,0.2400,0,0
D,2014-07-17,0.2400,0.2400,0.2400,0.2400,0,0
D,2014-07-16,0.2400,0.2400,0.2400,0.2400,0,0
D,2014-07-14,0.2350,0.2400,0.2350,0.2400,202,0
D,2014-07-11,0.2800,0.2800,0.2200,0.2500,22,0
D,2014-07-10,0.2600,0.2600,0.2500,0.2500,127,0
D,2014-07-09,0.2650,0.2650,0.2550,0.2600,1306,0
D,2014-07-08,0.2800,0.2800,0.2700,0.2750,1931,0
D,2014-07-07,0.2500,0.3000,0.2500,0.2750,2041,0
D,2014-07-04,0.2050,0.2500,0.2050,0.2250,1054,0
D,2014-07-03,0.2100,0.2100,0.2050,0.2050,600,0
D,2014-07-02,0.2100,0.2200,0.2100,0.2100,1651,0
D,2014-07-01,0.1950,0.2100,0.1950,0.2100,1562,0
D,2014-06-30,0.2000,0.2050,0.2000,0.2000,252,0
D,2014-06-27,0.2100,0.2100,0.2100,0.2100,200,0
D,2014-06-26,0.2000,0.2100,0.2000,0.2000,3699,0
D,2014-06-25,0.2350,0.2350,0.2350,0.2350,0,0
D,2014-06-24,0.2350,0.2350,0.2050,0.2350,255,0
D,2014-06-23,0.2050,0.2300,0.2050,0.2250,1839,0
D,2014-06-20,0.2050,0.2050,0.2050,0.2050,0,0
D,2014-06-19,0.2000,0.2050,0.2000,0.2050,787,0
D,2014-06-18,0.1900,0.1900,0.1900,0.1900,489,0
D,2014-06-17,0.1950,0.1950,0.1950,0.1950,0,0
D,2014-06-16,0.1950,0.1950,0.1950,0.1950,1520,0
D,2014-06-13,0.1950,0.1950,0.1900,0.1950,801,0
D,2014-06-12,0.1950,0.1950,0.1950,0.1950,200,0
D,2014-06-11,0.2000,0.2000,0.1950,0.2000,1100,0
D,2014-06-10,0.1950,0.2050,0.1950,0.1950,642,0
D,2014-06-09,0.1900,0.2050,0.1850,0.1900,684,0
D,2014-06-06,0.1950,0.1950,0.1950,0.1950,0,0
D,2014-06-05,0.1950,0.1950,0.1950,0.1950,200,0
D,2014-06-04,0.1950,0.1950,0.1950,0.1950,500,0
D,2014-06-03,0.1950,0.1950,0.1950,0.1950,101,0
D,2014-06-02,0.2000,0.2100,0.1950,0.2050,1449,0
D,2014-05-30,0.1900,0.2100,0.1900,0.1900,2497,0
D,2014-05-29,0.2100,0.2100,0.2100,0.2100,0,0
D,2014-05-28,0.1800,0.2100,0.1800,0.2100,1732,0
D,2014-05-27,0.1900,0.1900,0.1900,0.1900,0,0
D,2014-05-26,0.1900,0.1900,0.1900,0.1900,17,0
D,2014-05-23,0.2300,0.2300,0.2050,0.2200,101,0
D,2014-05-22,0.1900,0.2150,0.1900,0.2150,2881,0
D,2014-05-21,0.2000,0.2050,0.1900,0.2000,875,0
D,2014-05-20,0.2050,0.2100,0.1900,0.2100,1352,0
D,2014-05-19,0.1850,0.2050,0.1850,0.2050,1324,0
D,2014-05-16,0.2000,0.2050,0.1700,0.2050,1686,0
D,2014-05-15,0.2000,0.2050,0.2000,0.2050,850,0
D,2014-05-14,0.1850,0.2050,0.1850,0.2050,385,0
D,2014-05-12,0.1800,0.2150,0.1800,0.2150,797,0
D,2014-05-09,0.1600,0.2050,0.1600,0.2050,8,0
D,2014-05-08,0.2000,0.2050,0.1800,0.2050,840,0
D,2014-05-07,0.1950,0.2100,0.1800,0.2100,1581,0
D,2014-05-06,0.1000,0.2100,0.1000,0.2100,209,0
D,2014-05-05,0.1750,0.1750,0.1750,0.1750,0,0
D,2014-05-02,0.1750,0.1750,0.1750,0.1750,21,0
D,2014-04-30,0.1800,0.1800,0.1800,0.1800,500,0
D,2014-04-29,0.1800,0.1950,0.1800,0.1950,800,0
D,2014-04-28,0.1700,0.1950,0.1700,0.1700,200,0
D,2014-04-25,0.1850,0.1850,0.1850,0.1850,51,0
D,2014-04-24,0.1850,0.2000,0.1850,0.2000,200,0
D,2014-04-23,0.1900,0.2000,0.1900,0.2000,741,0
D,2014-04-22,0.2150,0.2200,0.1800,0.2000,2605,0
D,2014-04-21,0.1950,0.2100,0.1950,0.2000,245,0
D,2014-04-18,0.2050,0.2100,0.1900,0.1900,164,0
D,2014-04-17,0.2050,0.2050,0.2050,0.2050,200,0
D,2014-04-16,0.2000,0.2000,0.2000,0.2000,0,0
D,2014-04-15,0.1800,0.2150,0.1800,0.2000,1623,0
D,2014-04-14,0.2250,0.2250,0.2150,0.2200,300,0
D,2014-04-11,0.2050,0.2300,0.1850,0.2300,730,0
D,2014-04-10,0.2250,0.2250,0.2250,0.2250,0,0
D,2014-04-09,0.2000,0.2250,0.1950,0.2250,201,0
D,2014-04-08,0.2100,0.2350,0.2100,0.2250,513,0
D,2014-04-07,0.2000,0.2100,0.1900,0.2100,752,0
D,2014-04-04,0.2000,0.2100,0.1950,0.2050,2010,0
D,2014-04-03,0.1800,0.2000,0.1800,0.2000,602,0
D,2014-04-02,0.1800,0.1900,0.1700,0.1900,3114,0
D,2014-04-01,0.1550,0.1800,0.1500,0.1700,3727,0
D,2014-03-31,0.1500,0.1500,0.1500,0.1500,0,0
D,2014-03-28,0.1500,0.1500,0.1500,0.1500,0,0
D,2014-03-27,0.1650,0.1750,0.1450,0.1500,4462,0
D,2014-03-26,0.1100,0.1700,0.1100,0.1700,702,0
D,2014-03-25,0.0850,0.1400,0.0850,0.1400,2,0
D,2014-03-24,0.1550,0.1550,0.1550,0.1550,0,0
D,2014-03-21,0.1250,0.1600,0.1250,0.1550,1192,0
D,2014-03-20,0.1450,0.1600,0.1400,0.1600,1033,0
D,2014-03-19,0.1500,0.1500,0.1500,0.1500,580,0
D,2014-03-18,0.1400,0.1550,0.1400,0.1550,1501,0
D,2014-03-17,0.1500,0.1550,0.1400,0.1550,1282,0
D,2014-03-14,0.1500,0.1500,0.1500,0.1500,0,0
D,2014-03-13,0.1450,0.1550,0.1450,0.1500,2130,0
D,2014-03-12,0.1500,0.1600,0.1350,0.1550,1871,0
D,2014-03-11,0.1350,0.1500,0.1350,0.1350,1862,0
D,2014-03-10,0.1250,0.1550,0.1250,0.1300,1356,0
D,2014-03-07,0.1050,0.1600,0.1050,0.1300,6411,0
D,2014-03-06,0.1700,0.1700,0.1250,0.1250,2246,0
D,2014-03-05,0.1400,0.1600,0.1100,0.1200,1465,0
D,2014-03-04,0.0700,0.1400,0.0700,0.0950,1816,0
D,2014-03-03,0.1100,0.1150,0.1100,0.1150,260,0
D,2014-02-28,0.1200,0.1400,0.1100,0.1100,2202,0
D,2014-02-27,0.1400,0.1400,0.1400,0.1400,0,0
D,2014-02-26,0.1050,0.1400,0.1000,0.1400,1001,0
D,2014-02-25,0.1300,0.1500,0.0900,0.1150,2335,0
D,2014-02-24,0.1500,0.1700,0.1250,0.1350,905,0
D,2014-02-21,0.1200,0.1400,0.1200,0.1400,102,0
D,2014-02-20,0.1100,0.1500,0.1100,0.1200,896,0
D,2014-02-19,0.1450,0.1450,0.1100,0.1250,1852,0
D,2014-02-18,0.1350,0.1500,0.1300,0.1500,4281,0
D,2014-02-17,0.0900,0.1500,0.0900,0.1350,10546,0
D,2014-02-14,0.0900,0.1000,0.0600,0.0700,3175,0
D,2014-02-13,0.0800,0.0800,0.0800,0.0800,460,0
D,2014-02-12,0.0800,0.0800,0.0800,0.0800,0,0
D,2014-02-11,0.0800,0.0800,0.0800,0.0800,0,0
D,2014-02-10,0.0800,0.0800,0.0800,0.0800,0,0
D,2014-02-07,0.0800,0.0800,0.0800,0.0800,0,0
D,2014-02-06,0.0800,0.0800,0.0800,0.0800,0,0
D,2014-02-05,0.0800,0.0800,0.0800,0.0800,0,0
D,2014-02-04,0.0800,0.0800,0.0800,0.0800,0,0
D,2014-01-30,0.0800,0.0800,0.0800,0.0800,0,0
D,2014-01-29,0.0800,0.0800,0.0800,0.0800,0,0
D,2014-01-28,0.0800,0.0800,0.0800,0.0800,0,0
D,2014-01-27,0.0800,0.0800,0.0800,0.0800,0,0
D,2014-01-24,0.0800,0.0800,0.0800,0.0800,0,0
D,2014-01-23,0.0800,0.0800,0.0800,0.0800,0,0
D,2014-01-22,0.0800,0.0800,0.0800,0.0800,0,0
D,2014-01-21,0.0800,0.0800,0.0800,0.0800,0,0
D,2014-01-20,0.0800,0.0800,0.0800,0.0800,0,0
D,2014-01-16,0.0800,0.0800,0.0800,0.0800,0,0
D,2014-01-15,0.0800,0.0800,0.0800,0.0800,400,0
D,2014-01-13,0.0750,0.0750,0.0750,0.0750,0,0
D,2014-01-10,0.0750,0.0750,0.0750,0.0750,0,0
D,2014-01-09,0.0750,0.0750,0.0750,0.0750,0,0
D,2014-01-08,0.0650,0.0750,0.0650,0.0750,2216,0
D,2014-01-07,0.0750,0.0750,0.0750,0.0750,0,0
D,2014-01-06,0.0500,0.0750,0.0500,0.0750,1155,0
D,2014-01-03,0.0500,0.0500,0.0500,0.0500,80,0
D,2014-01-02,0.0550,0.0550,0.0550,0.0550,500,0
D,2013-12-31,0.0600,0.0600,0.0600,0.0600,0,0
D,2013-12-30,0.0600,0.0600,0.0600,0.0600,0,0
D,2013-12-27,0.0600,0.0600,0.0600,0.0600,0,0
D,2013-12-26,0.0600,0.0600,0.0600,0.0600,0,0
D,2013-12-24,0.0600,0.0600,0.0600,0.0600,0,0
D,2013-12-23,0.0600,0.0600,0.0600,0.0600,0,0
D,2013-12-20,0.0600,0.0600,0.0600,0.0600,0,0
D,2013-12-19,0.0600,0.0600,0.0600,0.0600,0,0
D,2013-12-18,0.0600,0.0600,0.0600,0.0600,0,0
D,2013-12-17,0.0600,0.0600,0.0600,0.0600,0,0
D,2013-12-16,0.0600,0.0600,0.0600,0.0600,0,0
D,2013-12-13,0.0600,0.0600,0.0600,0.0600,0,0
D,2013-12-12,0.0600,0.0600,0.0600,0.0600,0,0
D,2013-12-11,0.0600,0.0600,0.0600,0.0600,5,0
D,2013-12-10,0.0350,0.0350,0.0350,0.0350,0,0
D,2013-12-09,0.0350,0.0350,0.0350,0.0350,0,0
D,2013-12-06,0.0350,0.0350,0.0350,0.0350,0,0
D,2013-12-05,0.0350,0.0350,0.0350,0.0350,0,0
D,2013-12-04,0.0350,0.0350,0.0350,0.0350,0,0
D,2013-12-03,0.0350,0.0350,0.0350,0.0350,0,0
D,2013-12-02,0.0350,0.0350,0.0350,0.0350,0,0
D,2013-11-29,0.0350,0.0350,0.0350,0.0350,100,0
D,2013-11-28,0.0400,0.0400,0.0400,0.0400,0,0
D,2013-11-27,0.0400,0.0400,0.0400,0.0400,0,0
D,2013-11-26,0.0400,0.0400,0.0400,0.0400,0,0
D,2013-11-25,0.0400,0.0400,0.0400,0.0400,0,0
D,2013-11-22,0.0400,0.0400,0.0400,0.0400,0,0
D,2013-11-21,0.0400,0.0400,0.0400,0.0400,263,0
D,2013-11-20,0.0350,0.0450,0.0350,0.0450,263,0
D,2013-11-19,0.0450,0.0450,0.0450,0.0450,0,0
D,2013-11-18,0.0450,0.0450,0.0450,0.0450,0,0
D,2013-11-15,0.0400,0.0450,0.0300,0.0450,562,0
D,2013-11-14,0.0450,0.0450,0.0450,0.0450,0,0
D,2013-11-13,0.0450,0.0450,0.0450,0.0450,0,0
D,2013-11-12,0.0450,0.0450,0.0450,0.0450,0,0
D,2013-11-11,0.0450,0.0450,0.0450,0.0450,0,0
D,2013-11-08,0.0450,0.0450,0.0450,0.0450,0,0
D,2013-11-07,0.0450,0.0450,0.0450,0.0450,0,0
D,2013-11-06,0.0450,0.0450,0.0450,0.0450,0,0
D,2013-11-04,0.0450,0.0450,0.0450,0.0450,0,0
D,2013-11-01,0.0450,0.0450,0.0450,0.0450,0,0
D,2013-10-31,0.0450,0.0450,0.0450,0.0450,0,0
D,2013-10-30,0.0450,0.0450,0.0450,0.0450,0,0
D,2013-10-29,0.0450,0.0450,0.0450,0.0450,0,0
D,2013-10-28,0.0450,0.0450,0.0450,0.0450,0,0
D,2013-10-25,0.0450,0.0450,0.0450,0.0450,0,0
D,2013-10-24,0.0450,0.0450,0.0450,0.0450,0,0
D,2013-10-23,0.0450,0.0450,0.0450,0.0450,0,0
D,2013-10-22,0.0450,0.0450,0.0450,0.0450,0,0
D,2013-10-21,0.0450,0.0450,0.0450,0.0450,500,0
D,2013-10-18,0.0450,0.0450,0.0450,0.0450,618,0
D,2013-10-17,0.0450,0.0450,0.0450,0.0450,460,0
D,2013-10-16,0.0450,0.0450,0.0450,0.0450,460,0
D,2013-10-14,0.0500,0.0500,0.0500,0.0500,0,0
D,2013-10-11,0.0500,0.0500,0.0500,0.0500,1000,0
D,2013-10-10,0.0450,0.0450,0.0450,0.0450,1340,0
D,2013-10-09,0.0350,0.0450,0.0350,0.0450,562,0
D,2013-10-08,0.0300,0.0300,0.0300,0.0300,0,0
D,2013-10-07,0.0300,0.0300,0.0300,0.0300,0,0
D,2013-10-04,0.0300,0.0300,0.0300,0.0300,500,0
D,2013-10-03,0.0450,0.0450,0.0450,0.0450,0,0
D,2013-10-02,0.0450,0.0450,0.0450,0.0450,0,0
D,2013-10-01,0.0450,0.0450,0.0450,0.0450,0,0
D,2013-09-30,0.0450,0.0450,0.0450,0.0450,0,0
D,2013-09-27,0.0450,0.0450,0.0450,0.0450,0,0
D,2013-09-26,0.0450,0.0450,0.0450,0.0450,0,0
D,2013-09-25,0.0450,0.0450,0.0450,0.0450,0,0
D,2013-09-24,0.0450,0.0450,0.0450,0.0450,0,0
D,2013-09-23,0.0450,0.0450,0.0450,0.0450,0,0
D,2013-09-20,0.0450,0.0450,0.0450,0.0450,0,0
D,2013-09-19,0.0450,0.0450,0.0450,0.0450,0,0
D,2013-09-18,0.0450,0.0450,0.0450,0.0450,0,0
D,2013-09-17,0.0450,0.0450,0.0450,0.0450,0,0
D,2013-09-13,0.0450,0.0450,0.0450,0.0450,0,0
D,2013-09-12,0.0450,0.0450,0.0450,0.0450,0,0
D,2013-09-11,0.0450,0.0450,0.0450,0.0450,0,0
D,2013-09-10,0.0450,0.0450,0.0450,0.0450,0,0
D,2013-09-09,0.0450,0.0450,0.0450,0.0450,300,0
D,2013-09-06,0.0600,0.0600,0.0600,0.0600,0,0
D,2013-09-05,0.0600,0.0600,0.0600,0.0600,0,0
D,2013-09-04,0.0600,0.0600,0.0600,0.0600,0,0
D,2013-09-03,0.0600,0.0600,0.0600,0.0600,0,0
D,2013-09-02,0.0600,0.0600,0.0600,0.0600,0,0
D,2013-08-30,0.0600,0.0600,0.0600,0.0600,0,0
D,2013-08-29,0.0600,0.0600,0.0600,0.0600,0,0
D,2013-08-28,0.0600,0.0600,0.0600,0.0600,0,0
D,2013-08-27,0.0600,0.0600,0.0600,0.0600,0,0
D,2013-08-26,0.0600,0.0600,0.0600,0.0600,0,0
D,2013-08-23,0.0600,0.0600,0.0600,0.0600,0,0
D,2013-08-22,0.0600,0.0600,0.0600,0.0600,0,0
D,2013-08-21,0.0600,0.0600,0.0600,0.0600,0,0
D,2013-08-20,0.0600,0.0600,0.0600,0.0600,0,0
D,2013-08-19,0.0550,0.0600,0.0550,0.0600,161,0
D,2013-08-16,0.0550,0.0700,0.0400,0.0550,2002,0
D,2013-08-15,0.0650,0.0650,0.0650,0.0650,0,0
D,2013-08-14,0.0450,0.0650,0.0450,0.0650,200,0
D,2013-08-13,0.0700,0.0700,0.0700,0.0700,0,0
D,2013-08-12,0.0700,0.0700,0.0700,0.0700,0,0
D,2013-08-07,0.0700,0.0700,0.0700,0.0700,0,0
D,2013-08-06,0.0700,0.0700,0.0700,0.0700,0,0
D,2013-08-05,0.0700,0.0700,0.0700,0.0700,0,0
D,2013-08-02,0.0700,0.0700,0.0700,0.0700,0,0
D,2013-08-01,0.0700,0.0700,0.0700,0.0700,0,0
D,2013-07-31,0.0700,0.0700,0.0700,0.0700,0,0
D,2013-07-30,0.0700,0.0700,0.0700,0.0700,0,0
D,2013-07-29,0.0700,0.0700,0.0700,0.0700,0,0
D,2013-07-26,0.0700,0.0700,0.0700,0.0700,0,0
D,2013-07-25,0.0700,0.0700,0.0700,0.0700,0,0
D,2013-07-24,0.0700,0.0700,0.0700,0.0700,0,0
D,2013-07-23,0.0700,0.0700,0.0700,0.0700,0,0
D,2013-07-22,0.0700,0.0700,0.0700,0.0700,0,0
D,2013-07-19,0.0700,0.0700,0.0700,0.0700,0,0
D,2013-07-18,0.0700,0.0700,0.0700,0.0700,0,0
D,2013-07-17,0.0700,0.0700,0.0700,0.0700,0,0
D,2013-07-16,0.0700,0.0700,0.0700,0.0700,0,0
D,2013-07-15,0.0700,0.0700,0.0700,0.0700,0,0
D,2013-07-12,0.0700,0.0700,0.0700,0.0700,0,0
D,2013-07-11,0.0700,0.0700,0.0700,0.0700,0,0
D,2013-07-10,0.0700,0.0700,0.0700,0.0700,0,0
D,2013-07-09,0.0400,0.0700,0.0350,0.0700,202,0
D,2013-07-08,0.0400,0.0400,0.0400,0.0400,0,0
D,2013-07-05,0.0400,0.0400,0.0400,0.0400,0,0
D,2013-07-04,0.0400,0.0400,0.0400,0.0400,0,0
D,2013-07-03,0.0400,0.0400,0.0400,0.0400,0,0
D,2013-07-02,0.0400,0.0400,0.0400,0.0400,0,0
D,2013-07-01,0.0300,0.0400,0.0300,0.0400,1560,0
D,2013-06-28,0.0550,0.0550,0.0550,0.0550,0,0
D,2013-06-27,0.0550,0.0550,0.0550,0.0550,0,0
D,2013-06-26,0.0550,0.0550,0.0550,0.0550,0,0
D,2013-06-25,0.0300,0.0550,0.0300,0.0550,201,0
D,2013-06-24,0.0500,0.0500,0.0500,0.0500,0,0
D,2013-06-21,0.0500,0.0500,0.0500,0.0500,0,0
D,2013-06-20,0.0500,0.0500,0.0500,0.0500,0,0
D,2013-06-19,0.0500,0.0500,0.0500,0.0500,0,0
D,2013-06-18,0.0500,0.0500,0.0500,0.0500,0,0
D,2013-06-17,0.0500,0.0500,0.0500,0.0500,0,0
D,2013-06-14,0.0500,0.0500,0.0500,0.0500,0,0
D,2013-06-13,0.0500,0.0500,0.0500,0.0500,0,0
D,2013-06-12,0.0500,0.0500,0.0500,0.0500,0,0
D,2013-06-11,0.0500,0.0500,0.0500,0.0500,0,0
D,2013-06-10,0.0500,0.0500,0.0500,0.0500,0,0
D,2013-06-07,0.0500,0.0500,0.0500,0.0500,0,0
D,2013-06-06,0.0500,0.0500,0.0500,0.0500,0,0
D,2013-06-05,0.0400,0.0500,0.0400,0.0500,1211,0
D,2013-06-04,0.0500,0.0500,0.0500,0.0500,0,0
D,2013-06-03,0.0500,0.0500,0.0500,0.0500,0,0
D,2013-05-31,0.0550,0.0550,0.0450,0.0500,45,0
D,2013-05-30,0.0450,0.0450,0.0450,0.0450,1900,0
D,2013-05-29,0.0500,0.0550,0.0500,0.0500,1080,0
D,2013-05-28,0.0500,0.0500,0.0500,0.0500,0,0
D,2013-05-27,0.0500,0.0500,0.0500,0.0500,10,0
D,2013-05-23,0.0450,0.0700,0.0400,0.0450,12969,0
D,2013-05-22,0.0450,0.0450,0.0450,0.0450,2120,0
D,2013-05-21,0.0450,0.0450,0.0450,0.0450,0,0
D,2013-05-20,0.0450,0.0450,0.0450,0.0450,0,0
D,2013-05-17,0.0450,0.0450,0.0450,0.0450,70,0
D,2013-05-16,0.0450,0.0450,0.0450,0.0450,1000,0
D,2013-05-15,0.0550,0.0550,0.0550,0.0550,0,0
D,2013-05-14,0.0550,0.0550,0.0550,0.0550,0,0
D,2013-05-13,0.0550,0.0550,0.0550,0.0550,0,0
D,2013-05-10,0.0550,0.0550,0.0550,0.0550,0,0
D,2013-05-09,0.0550,0.0550,0.0550,0.0550,0,0
D,2013-05-08,0.0550,0.0550,0.0550,0.0550,0,0
D,2013-05-07,0.0550,0.0550,0.0550,0.0550,0,0
D,2013-05-06,0.0550,0.0550,0.0550,0.0550,0,0
D,2013-05-03,0.0550,0.0550,0.0550,0.0550,0,0
D,2013-05-02,0.0550,0.0550,0.0550,0.0550,0,0
D,2013-04-30,0.0550,0.0550,0.0550,0.0550,0,0
D,2013-04-29,0.0550,0.0550,0.0550,0.0550,0,0
D,2013-04-26,0.0550,0.0550,0.0550,0.0550,0,0
D,2013-04-25,0.0550,0.0550,0.0550,0.0550,0,0
D,2013-04-24,0.0550,0.0550,0.0550,0.0550,0,0
D,2013-04-23,0.0550,0.0550,0.0550,0.0550,0,0
D,2013-04-22,0.0550,0.0550,0.0550,0.0550,0,0
D,2013-04-19,0.0550,0.0550,0.0550,0.0550,0,0
D,2013-04-18,0.0550,0.0550,0.0550,0.0550,0,0
D,2013-04-17,0.0550,0.0550,0.0550,0.0550,0,0
D,2013-04-16,0.0550,0.0550,0.0550,0.0550,0,0
D,2013-04-15,0.0550,0.0550,0.0550,0.0550,0,0
D,2013-04-12,0.0550,0.0550,0.0550,0.0550,0,0
D,2013-04-11,0.0550,0.0550,0.0550,0.0550,0,0
D,2013-04-10,0.0550,0.0550,0.0550,0.0550,0,0
D,2013-04-09,0.0550,0.0550,0.0550,0.0550,0,0
D,2013-04-08,0.0550,0.0550,0.0550,0.0550,0,0
D,2013-04-05,0.0550,0.0550,0.0550,0.0550,0,0
D,2013-04-04,0.0550,0.0550,0.0550,0.0550,8,0
D,2013-04-03,0.0500,0.0500,0.0500,0.0500,0,0
D,2013-04-02,0.0500,0.0500,0.0500,0.0500,0,0
D,2013-04-01,0.0500,0.0500,0.0500,0.0500,0,0
D,2013-03-29,0.0500,0.0500,0.0500,0.0500,0,0
D,2013-03-28,0.0500,0.0500,0.0500,0.0500,0,0
D,2013-03-27,0.0500,0.0500,0.0500,0.0500,0,0
D,2013-03-26,0.0500,0.0500,0.0500,0.0500,0,0
D,2013-03-25,0.0500,0.0500,0.0500,0.0500,0,0
D,2013-03-22,0.0500,0.0500,0.0500,0.0500,0,0
D,2013-03-21,0.0500,0.0500,0.0500,0.0500,0,0
D,2013-03-20,0.0500,0.0500,0.0500,0.0500,0,0
D,2013-03-19,0.0500,0.0500,0.0500,0.0500,0,0
D,2013-03-18,0.0500,0.0500,0.0500,0.0500,0,0
D,2013-03-15,0.0500,0.0500,0.0500,0.0500,0,0
D,2013-03-14,0.0500,0.0500,0.0500,0.0500,0,0
D,2013-03-13,0.0500,0.0500,0.0500,0.0500,0,0
D,2013-03-12,0.0500,0.0500,0.0500,0.0500,0,0
D,2013-03-11,0.0500,0.0500,0.0500,0.0500,0,0
D,2013-03-08,0.0500,0.0500,0.0500,0.0500,0,0
D,2013-03-07,0.0500,0.0500,0.0500,0.0500,0,0
D,2013-03-06,0.0500,0.0500,0.0500,0.0500,0,0
D,2013-03-05,0.0500,0.0500,0.0500,0.0500,0,0
D,2013-03-04,0.0500,0.0500,0.0500,0.0500,0,0
D,2013-03-01,0.0500,0.0500,0.0500,0.0500,0,0
D,2013-02-28,0.0500,0.0500,0.0500,0.0500,0,0
D,2013-02-27,0.0500,0.0500,0.0500,0.0500,0,0
D,2013-02-26,0.0500,0.0500,0.0500,0.0500,0,0
D,2013-02-25,0.0500,0.0500,0.0500,0.0500,0,0
D,2013-02-22,0.0500,0.0500,0.0500,0.0500,0,0
D,2013-02-21,0.0500,0.0500,0.0500,0.0500,0,0
D,2013-02-20,0.0500,0.0500,0.0500,0.0500,0,0
D,2013-02-19,0.0500,0.0500,0.0500,0.0500,0,0
D,2013-02-18,0.0500,0.0500,0.0500,0.0500,0,0
D,2013-02-15,0.0500,0.0500,0.0500,0.0500,0,0
D,2013-02-14,0.0500,0.0500,0.0500,0.0500,0,0
D,2013-02-13,0.0500,0.0500,0.0500,0.0500,0,0
D,2013-02-08,0.0500,0.0500,0.0500,0.0500,0,0
D,2013-02-07,0.0500,0.0500,0.0500,0.0500,0,0
D,2013-02-06,0.0500,0.0500,0.0500,0.0500,0,0
D,2013-02-05,0.0500,0.0500,0.0500,0.0500,0,0
D,2013-02-04,0.0500,0.0500,0.0500,0.0500,0,0
D,2013-01-31,0.0500,0.0500,0.0500,0.0500,0,0
D,2013-01-30,0.0500,0.0500,0.0500,0.0500,0,0
D,2013-01-29,0.0500,0.0500,0.0500,0.0500,0,0
D,2013-01-25,0.0500,0.0500,0.0500,0.0500,0,0
D,2013-01-23,0.0500,0.0500,0.0500,0.0500,0,0
D,2013-01-22,0.0500,0.0500,0.0500,0.0500,0,0
D,2013-01-21,0.0500,0.0500,0.0500,0.0500,0,0
D,2013-01-18,0.0500,0.0500,0.0500,0.0500,0,0
D,2013-01-17,0.0500,0.0500,0.0500,0.0500,0,0
D,2013-01-16,0.0500,0.0500,0.0500,0.0500,0,0
D,2013-01-15,0.0500,0.0500,0.0500,0.0500,0,0
D,2013-01-14,0.0500,0.0500,0.0500,0.0500,0,0
D,2013-01-11,0.0500,0.0500,0.0500,0.0500,0,0
D,2013-01-10,0.0500,0.0500,0.0500,0.0500,0,0
D,2013-01-09,0.0500,0.0500,0.0500,0.0500,0,0
D,2013-01-08,0.0500,0.0500,0.0500,0.0500,0,0
D,2013-01-07,0.0500,0.0500,0.0500,0.0500,0,0
D,2013-01-04,0.0500,0.0500,0.0500,0.0500,0,0
D,2013-01-03,0.0500,0.0500,0.0500,0.0500,0,0
D,2013-01-02,0.0500,0.0500,0.0500,0.0500,0,0
D,2012-12-31,0.0500,0.0500,0.0500,0.0500,0,0
D,2012-12-28,0.0500,0.0500,0.0500,0.0500,0,0
D,2012-12-27,0.0500,0.0500,0.0500,0.0500,0,0
D,2012-12-26,0.0500,0.0500,0.0500,0.0500,0,0
D,2012-12-24,0.0500,0.0500,0.0500,0.0500,0,0
D,2012-12-21,0.0500,0.0500,0.0500,0.0500,0,0
D,2012-12-20,0.0500,0.0500,0.0500,0.0500,0,0
D,2012-12-19,0.0500,0.0500,0.0500,0.0500,0,0
D,2012-12-18,0.0500,0.0500,0.0500,0.0500,0,0
D,2012-12-17,0.0500,0.0500,0.0500,0.0500,0,0
D,2012-12-14,0.0500,0.0500,0.0500,0.0500,0,0
D,2012-12-13,0.0500,0.0500,0.0500,0.0500,0,0
D,2012-12-12,0.0500,0.0500,0.0500,0.0500,0,0
D,2012-12-11,0.0500,0.0500,0.0500,0.0500,0,0
D,2012-12-10,0.0500,0.0500,0.0500,0.0500,0,0
D,2012-12-07,0.0500,0.0500,0.0500,0.0500,0,0
D,2012-12-06,0.0500,0.0500,0.0500,0.0500,0,0
D,2012-12-05,0.0500,0.0500,0.0500,0.0500,0,0
D,2012-12-04,0.0500,0.0500,0.0500,0.0500,0,0
D,2012-12-03,0.0500,0.0500,0.0500,0.0500,0,0
D,2012-11-30,0.0500,0.0500,0.0500,0.0500,0,0
D,2012-11-29,0.0500,0.0500,0.0500,0.0500,0,0
D,2012-11-28,0.0500,0.0500,0.0500,0.0500,2,0
D,2012-11-27,0.0300,0.0300,0.0300,0.0300,0,0
D,2012-11-26,0.0300,0.0300,0.0300,0.0300,0,0
D,2012-11-23,0.0300,0.0300,0.0300,0.0300,0,0
D,2012-11-22,0.0300,0.0300,0.0300,0.0300,0,0
D,2012-11-21,0.0300,0.0300,0.0300,0.0300,0,0
D,2012-11-20,0.0300,0.0300,0.0300,0.0300,0,0
D,2012-11-19,0.0300,0.0300,0.0300,0.0300,0,0
D,2012-11-16,0.0300,0.0300,0.0300,0.0300,0,0
D,2012-11-14,0.0300,0.0300,0.0300,0.0300,0,0
D,2012-11-12,0.0300,0.0300,0.0300,0.0300,0,0
D,2012-11-09,0.0300,0.0300,0.0300,0.0300,200,0
D,2012-11-08,0.0500,0.0500,0.0500,0.0500,0,0
D,2012-11-07,0.0500,0.0500,0.0500,0.0500,0,0
D,2012-11-06,0.0500,0.0500,0.0500,0.0500,5,0
D,2012-11-05,0.0400,0.0400,0.0400,0.0400,0,0
D,2012-11-02,0.0400,0.0400,0.0400,0.0400,0,0
D,2012-11-01,0.0400,0.0400,0.0400,0.0400,0,0
D,2012-10-31,0.0400,0.0400,0.0400,0.0400,0,0
D,2012-10-30,0.0400,0.0400,0.0400,0.0400,0,0
D,2012-10-29,0.0400,0.0400,0.0400,0.0400,0,0
D,2012-10-25,0.0400,0.0400,0.0400,0.0400,0,0
D,2012-10-24,0.0400,0.0400,0.0400,0.0400,0,0
D,2012-10-23,0.0400,0.0400,0.0400,0.0400,0,0
D,2012-10-22,0.0400,0.0400,0.0400,0.0400,0,0
D,2012-10-19,0.0400,0.0400,0.0400,0.0400,0,0
D,2012-10-18,0.0400,0.0400,0.0400,0.0400,0,0
D,2012-10-17,0.0400,0.0400,0.0400,0.0400,0,0
D,2012-10-16,0.0400,0.0400,0.0400,0.0400,0,0
D,2012-10-15,0.0400,0.0400,0.0400,0.0400,0,0
D,2012-10-12,0.0400,0.0400,0.0400,0.0400,0,0
D,2012-10-11,0.0400,0.0400,0.0400,0.0400,0,0
D,2012-10-10,0.0400,0.0400,0.0400,0.0400,0,0
D,2012-10-09,0.0400,0.0400,0.0400,0.0400,0,0
D,2012-10-08,0.0400,0.0400,0.0400,0.0400,0,0
D,2012-10-05,0.0400,0.0400,0.0400,0.0400,0,0
D,2012-10-04,0.0400,0.0400,0.0400,0.0400,0,0
D,2012-10-03,0.0400,0.0400,0.0400,0.0400,0,0
D,2012-05-03,0.0450,0.0450,0.0450,0.0450,0,0
D,2012-05-02,0.0450,0.0450,0.0450,0.0450,200,0
