D,2014-10-14,0.9900,1.0000,0.9800,1.0000,2984,0
D,2014-10-13,1.0100,1.0200,0.9950,1.0000,6276,0
D,2014-10-10,1.0200,1.0300,1.0000,1.0300,6971,0
D,2014-10-09,1.0200,1.0300,1.0200,1.0200,2755,0
D,2014-10-08,1.0300,1.0300,1.0100,1.0100,7863,0
D,2014-10-07,1.0700,1.0700,1.0400,1.0400,2407,0
D,2014-10-03,1.0600,1.0600,1.0600,1.0600,1111,0
D,2014-10-02,1.0700,1.0700,1.0500,1.0600,2219,0
D,2014-10-01,1.0800,1.0900,1.0700,1.0700,1421,0
D,2014-09-30,1.0700,1.0700,1.0600,1.0700,2977,0
D,2014-09-29,1.0900,1.0900,1.0700,1.0700,3310,0
D,2014-09-26,1.0900,1.0900,1.0700,1.0900,4603,0
D,2014-09-25,1.1200,1.1200,1.1000,1.1000,1193,0
D,2014-09-24,1.1200,1.1200,1.1100,1.1100,2377,0
D,2014-09-23,1.1300,1.1300,1.1100,1.1200,3287,0
D,2014-09-22,1.1800,1.1800,1.1600,1.1600,4423,0
D,2014-09-19,1.1700,1.1800,1.1700,1.1800,3077,0
D,2014-09-18,1.1800,1.1800,1.1600,1.1800,5722,0
D,2014-09-17,1.1800,1.1900,1.1800,1.1800,12580,0
D,2014-09-15,1.1900,1.1900,1.1800,1.1900,11875,0
D,2014-09-12,1.1900,1.2000,1.1900,1.2000,4494,0
D,2014-09-11,1.1900,1.2000,1.1800,1.1900,7748,0
D,2014-09-10,1.1800,1.2000,1.1800,1.1900,3623,0
D,2014-09-09,1.1800,1.1900,1.1800,1.1900,3890,0
D,2014-09-08,1.1900,1.1900,1.1700,1.1800,2847,0
D,2014-09-05,1.1700,1.2000,1.1700,1.1900,9071,0
D,2014-09-04,1.1600,1.1700,1.1600,1.1600,3351,0
D,2014-09-03,1.1700,1.1700,1.1600,1.1600,3938,0
D,2014-09-02,1.1600,1.1700,1.1600,1.1700,3948,0
D,2014-08-29,1.1700,1.1700,1.1500,1.1700,13561,0
D,2014-08-28,1.1800,1.1900,1.1600,1.1600,9077,0
D,2014-08-27,1.1900,1.1900,1.1700,1.1900,7593,0
D,2014-08-26,1.1800,1.2000,1.1800,1.1900,10933,0
D,2014-08-25,1.2000,1.2400,1.1800,1.1900,47393,0
D,2014-08-22,1.2000,1.2200,1.1900,1.2000,20353,0
D,2014-08-21,1.1800,1.2000,1.1700,1.2000,15466,0
D,2014-08-20,1.2200,1.2300,1.1700,1.1800,25674,0
D,2014-08-19,1.2500,1.2600,1.2200,1.2200,54676,0
D,2014-08-18,1.1500,1.2500,1.1400,1.2300,145837,0
D,2014-08-15,1.1400,1.1500,1.1300,1.1500,40915,0
D,2014-08-14,1.1300,1.1300,1.1200,1.1200,7887,0
D,2014-08-13,1.1300,1.1300,1.1200,1.1200,11258,0
D,2014-08-12,1.1300,1.1400,1.1200,1.1200,6561,0
D,2014-08-11,1.1300,1.1400,1.1200,1.1400,9502,0
D,2014-08-08,1.1400,1.1400,1.1100,1.1200,15077,0
D,2014-08-07,1.1300,1.1600,1.1200,1.1400,40219,0
D,2014-08-06,1.1300,1.1300,1.1100,1.1200,7193,0
D,2014-08-05,1.1300,1.1300,1.1100,1.1300,7814,0
D,2014-08-04,1.1300,1.1300,1.1100,1.1200,13038,0
D,2014-08-01,1.1100,1.1400,1.1100,1.1300,18555,0
D,2014-07-31,1.1500,1.1500,1.1200,1.1300,17028,0
D,2014-07-30,1.1000,1.1500,1.0800,1.1500,43396,0
D,2014-07-25,1.1100,1.1100,1.1000,1.1000,11341,0
D,2014-07-24,1.1000,1.1300,1.1000,1.1200,25648,0
D,2014-07-23,1.1100,1.1200,1.0900,1.0900,19900,0
D,2014-07-22,1.0900,1.1200,1.0900,1.1200,39962,0
D,2014-07-21,1.0800,1.1000,1.0700,1.0900,22005,0
D,2014-07-18,1.0500,1.0700,1.0400,1.0700,29249,0
D,2014-07-17,1.0400,1.0700,1.0400,1.0600,28906,0
D,2014-07-16,1.0200,1.0300,1.0200,1.0300,8018,0
D,2014-07-14,1.0300,1.0300,1.0200,1.0300,6366,0
D,2014-07-11,1.0300,1.0300,1.0200,1.0200,4999,0
D,2014-07-10,1.0200,1.0300,1.0200,1.0300,7350,0
D,2014-07-09,1.0300,1.0300,1.0200,1.0300,6168,0
D,2014-07-08,1.0300,1.0300,1.0200,1.0300,5330,0
D,2014-07-07,1.0300,1.0400,1.0200,1.0300,7797,0
D,2014-07-04,1.0300,1.0300,1.0200,1.0300,12658,0
D,2014-07-03,1.0400,1.0500,1.0200,1.0200,17636,0
D,2014-07-02,1.0300,1.0500,1.0200,1.0400,5219,0
D,2014-07-01,1.0300,1.0400,1.0300,1.0400,4580,0
D,2014-06-30,1.0300,1.0400,1.0300,1.0300,4595,0
D,2014-06-27,1.0300,1.0400,1.0300,1.0300,3568,0
D,2014-06-26,1.0300,1.0300,1.0300,1.0300,1649,0
D,2014-06-25,1.0400,1.0400,1.0300,1.0300,5035,0
D,2014-06-24,1.0300,1.0500,1.0300,1.0400,4936,0
D,2014-06-23,1.0400,1.0500,1.0300,1.0300,5517,0
D,2014-06-20,1.0400,1.0400,1.0300,1.0300,1561,0
D,2014-06-19,1.0400,1.0400,1.0300,1.0400,3045,0
D,2014-06-18,1.0500,1.0500,1.0300,1.0400,2908,0
D,2014-06-17,1.0300,1.0500,1.0200,1.0400,7648,0
D,2014-06-16,1.0200,1.0300,1.0200,1.0300,722,0
D,2014-06-13,1.0300,1.0300,1.0200,1.0200,5552,0
D,2014-06-12,1.0300,1.0300,1.0200,1.0300,1717,0
D,2014-06-11,1.0300,1.0300,1.0200,1.0300,3634,0
D,2014-06-10,1.0300,1.0400,1.0300,1.0400,1571,0
D,2014-06-09,1.0400,1.0400,1.0300,1.0300,3704,0
D,2014-06-06,1.0400,1.0400,1.0200,1.0400,4326,0
D,2014-06-05,1.0400,1.0400,1.0400,1.0400,1507,0
D,2014-06-04,1.0400,1.0500,1.0400,1.0500,2638,0
D,2014-06-03,1.0300,1.0400,1.0300,1.0400,2378,0
D,2014-06-02,1.0500,1.0500,1.0200,1.0400,7140,0
D,2014-05-30,1.0500,1.0700,1.0400,1.0500,13895,0
D,2014-05-29,1.0300,1.0400,1.0200,1.0300,3034,0
D,2014-05-28,1.0300,1.0300,1.0200,1.0300,2145,0
D,2014-05-27,1.0300,1.0400,1.0200,1.0300,2376,0
D,2014-05-26,1.0300,1.0400,1.0200,1.0200,2632,0
D,2014-05-23,1.0300,1.0600,1.0200,1.0200,13534,0
D,2014-05-22,1.0300,1.0300,1.0200,1.0200,3869,0
D,2014-05-21,1.0400,1.0400,1.0200,1.0400,7740,0
D,2014-05-20,1.0500,1.0500,1.0400,1.0400,3294,0
D,2014-05-19,1.0500,1.0600,1.0400,1.0500,15712,0
D,2014-05-16,1.0500,1.0500,1.0400,1.0500,6511,0
D,2014-05-15,1.0600,1.0600,1.0400,1.0600,4001,0
D,2014-05-14,1.0500,1.0700,1.0500,1.0600,4845,0
D,2014-05-12,1.0600,1.0600,1.0400,1.0600,4213,0
D,2014-05-09,1.0400,1.0800,1.0400,1.0700,26305,0
D,2014-05-08,1.0300,1.0400,1.0200,1.0400,7640,0
D,2014-05-07,1.0300,1.0300,1.0200,1.0300,7773,0
D,2014-05-06,1.0200,1.0400,1.0100,1.0300,15309,0
D,2014-05-05,1.0400,1.0500,1.0200,1.0200,8912,0
D,2014-05-02,1.0400,1.0600,1.0300,1.0400,15780,0
D,2014-04-30,1.0500,1.0600,1.0300,1.0300,9535,0
D,2014-04-29,1.0700,1.0700,1.0100,1.0400,21286,0
D,2014-04-28,1.1100,1.1200,1.0600,1.0800,12030,0
D,2014-04-25,1.1000,1.1300,1.0900,1.1100,21347,0
D,2014-04-24,1.1300,1.1300,1.0900,1.1000,43160,0
D,2014-04-23,1.1500,1.1500,1.1200,1.1300,12354,0
D,2014-04-22,1.1700,1.1800,1.1400,1.1500,27585,0
D,2014-04-21,1.1900,1.2200,1.1700,1.1700,84474,0
D,2014-04-18,1.0700,1.1700,1.0500,1.1600,75986,0
D,2014-04-17,1.0800,1.0900,1.0600,1.0700,26904,0
D,2014-04-16,1.0300,1.0600,1.0300,1.0600,25059,0
D,2014-04-15,1.0100,1.0500,1.0000,1.0300,31936,0
D,2014-04-14,0.9800,1.0100,0.9750,1.0000,13475,0
D,2014-04-11,0.9750,0.9850,0.9700,0.9850,2934,0
D,2014-04-10,0.9750,0.9850,0.9750,0.9850,3457,0
D,2014-04-09,0.9750,0.9800,0.9700,0.9750,2149,0
D,2014-04-08,0.9750,0.9800,0.9700,0.9800,3081,0
D,2014-04-07,0.9750,0.9750,0.9650,0.9750,1236,0
D,2014-04-04,0.9700,0.9750,0.9650,0.9750,1840,0
D,2014-04-03,0.9700,0.9800,0.9700,0.9750,3128,0
D,2014-04-02,0.9800,0.9800,0.9700,0.9700,1725,0
D,2014-04-01,0.9550,0.9800,0.9500,0.9800,3162,0
D,2014-03-31,0.9650,0.9650,0.9500,0.9650,4912,0
D,2014-03-28,0.9650,0.9650,0.9550,0.9650,2105,0
D,2014-03-27,0.9950,1.0000,0.9500,0.9700,7283,0
D,2014-03-26,0.9650,1.0300,0.9550,1.0000,17119,0
D,2014-03-25,0.9600,0.9650,0.9550,0.9650,1760,0
D,2014-03-24,0.9450,0.9600,0.9450,0.9600,1140,0
D,2014-03-21,0.9450,0.9450,0.9350,0.9450,2984,0
D,2014-03-20,0.9450,0.9450,0.9350,0.9450,1839,0
D,2014-03-19,0.9500,0.9500,0.9350,0.9450,2949,0
D,2014-03-18,0.9600,0.9600,0.9450,0.9500,1475,0
D,2014-03-17,0.9550,0.9600,0.9450,0.9600,1729,0
D,2014-03-14,0.9450,0.9550,0.9450,0.9550,825,0
D,2014-03-13,0.9500,0.9500,0.9400,0.9500,1035,0
D,2014-03-12,0.9500,0.9550,0.9450,0.9550,2349,0
D,2014-03-11,0.9450,0.9600,0.9450,0.9550,1111,0
D,2014-03-10,0.9500,0.9600,0.9400,0.9600,2260,0
D,2014-03-07,0.9650,0.9700,0.9500,0.9650,9681,0
D,2014-03-06,0.9600,0.9650,0.9600,0.9650,2210,0
D,2014-03-05,0.9800,0.9800,0.9550,0.9700,2832,0
D,2014-03-04,0.9700,0.9900,0.9700,0.9900,792,0
D,2014-03-03,0.9750,0.9800,0.9650,0.9800,1571,0
D,2014-02-28,0.9900,0.9900,0.9800,0.9900,1813,0
D,2014-02-27,0.9850,1.0000,0.9850,1.0000,718,0
D,2014-02-26,0.9900,0.9950,0.9850,0.9950,1747,0
D,2014-02-25,0.9900,1.0000,0.9850,1.0000,1719,0
D,2014-02-24,1.0000,1.0000,0.9900,0.9950,4103,0
D,2014-02-21,0.9950,1.0000,0.9950,1.0000,1742,0
D,2014-02-20,1.0100,1.0100,0.9900,1.0000,6717,0
D,2014-02-19,1.0000,1.0100,1.0000,1.0100,4310,0
D,2014-02-18,1.0100,1.0200,1.0000,1.0100,2857,0
D,2014-02-17,1.0100,1.0200,1.0100,1.0100,2902,0
D,2014-02-14,1.0000,1.0100,1.0000,1.0100,4453,0
D,2014-02-13,1.0000,1.0000,0.9950,0.9950,1650,0
D,2014-02-12,1.0000,1.0000,1.0000,1.0000,2838,0
D,2014-02-11,1.0100,1.0100,1.0000,1.0000,1555,0
D,2014-02-10,1.0000,1.0200,1.0000,1.0100,4976,0
D,2014-02-07,0.9900,0.9900,0.9850,0.9900,1291,0
D,2014-02-06,0.9800,0.9900,0.9800,0.9900,1126,0
D,2014-02-05,0.9800,0.9800,0.9750,0.9800,996,0
D,2014-02-04,0.9750,0.9750,0.9600,0.9750,1648,0
D,2014-01-30,0.9700,0.9800,0.9650,0.9800,1280,0
D,2014-01-29,0.9600,0.9750,0.9600,0.9750,2040,0
D,2014-01-28,0.9600,0.9650,0.9550,0.9550,3028,0
D,2014-01-27,0.9800,0.9800,0.9550,0.9700,4216,0
D,2014-01-24,0.9900,0.9900,0.9850,0.9900,3076,0
D,2014-01-23,1.0000,1.0000,0.9850,0.9950,4612,0
D,2014-01-22,1.0000,1.0100,1.0000,1.0000,2375,0
D,2014-01-21,1.0100,1.0200,1.0000,1.0100,1478,0
D,2014-01-20,1.0100,1.0100,1.0000,1.0100,2722,0
D,2014-01-16,1.0200,1.0200,1.0100,1.0200,3539,0
D,2014-01-15,1.0300,1.0300,1.0100,1.0100,8499,0
D,2014-01-13,1.0300,1.0400,1.0200,1.0300,7128,0
D,2014-01-10,1.0300,1.0300,1.0200,1.0300,5714,0
D,2014-01-09,1.0300,1.0400,1.0300,1.0400,4036,0
D,2014-01-08,1.0300,1.0500,1.0300,1.0300,19269,0
D,2014-01-07,1.0400,1.0400,1.0300,1.0400,2113,0
D,2014-01-06,1.0400,1.0400,1.0300,1.0400,9122,0
D,2014-01-03,1.0500,1.0500,1.0300,1.0500,1581,0
D,2014-01-02,1.0500,1.1000,1.0300,1.0500,45150,0
D,2013-12-31,1.0400,1.0500,1.0300,1.0500,2269,0
D,2013-12-30,1.0400,1.0500,1.0300,1.0500,802,0
D,2013-12-27,1.0300,1.0500,1.0300,1.0500,2919,0
D,2013-12-26,1.0300,1.0400,1.0300,1.0300,520,0
D,2013-12-24,1.0200,1.0500,1.0200,1.0500,722,0
D,2013-12-23,1.0400,1.0400,1.0200,1.0300,1643,0
D,2013-12-20,1.0800,1.0900,1.0300,1.0300,11749,0
D,2013-12-19,1.0500,1.0800,1.0500,1.0700,13001,0
D,2013-12-18,1.0300,1.0600,1.0300,1.0500,4095,0
D,2013-12-17,1.0300,1.0400,1.0200,1.0400,12111,0
D,2013-12-16,1.0500,1.0500,1.0300,1.0300,7151,0
D,2013-12-13,1.0300,1.0500,1.0300,1.0500,1880,0
D,2013-12-12,1.0400,1.0400,1.0400,1.0400,445,0
D,2013-12-11,1.0400,1.0400,1.0200,1.0400,9014,0
D,2013-12-10,1.0500,1.0500,1.0400,1.0400,2473,0
D,2013-12-09,1.0600,1.0600,1.0500,1.0600,632,0
D,2013-12-06,1.0600,1.0600,1.0500,1.0600,2826,0
D,2013-12-05,1.0600,1.0800,1.0600,1.0700,4316,0
D,2013-12-04,1.0800,1.0800,1.0700,1.0700,4201,0
D,2013-12-03,1.0900,1.1000,1.0800,1.1000,4559,0
D,2013-12-02,1.0900,1.1000,1.0900,1.1000,1460,0
D,2013-11-29,1.0800,1.1100,1.0700,1.1100,7409,0
D,2013-11-28,1.1200,1.1200,1.0900,1.0900,20063,0
D,2013-11-27,1.1000,1.1500,1.1000,1.1400,9951,0
D,2013-11-26,1.1000,1.1200,1.0900,1.1200,2476,0
D,2013-11-25,1.0900,1.1400,1.0800,1.1200,31389,0
D,2013-11-22,1.0600,1.0900,1.0600,1.0900,11293,0
D,2013-11-21,1.0500,1.0700,1.0400,1.0600,6424,0
D,2013-11-20,1.0500,1.0600,1.0300,1.0400,14377,0
D,2013-11-19,1.0800,1.0800,1.0500,1.0500,12547,0
D,2013-11-18,1.0400,1.0900,1.0400,1.0900,14130,0
D,2013-11-15,1.0500,1.0500,1.0300,1.0400,3161,0
D,2013-11-14,1.0300,1.0600,1.0300,1.0600,1858,0
D,2013-11-13,1.0300,1.0400,1.0200,1.0300,3451,0
D,2013-11-12,1.0500,1.0500,1.0300,1.0400,6555,0
D,2013-11-11,1.0500,1.0600,1.0400,1.0500,7077,0
D,2013-11-08,1.0600,1.0600,1.0400,1.0500,2672,0
D,2013-11-07,1.0900,1.0900,1.0600,1.0600,4812,0
D,2013-11-06,1.1000,1.1000,1.0700,1.0900,3054,0
D,2013-11-04,1.1400,1.1400,1.0800,1.1000,14005,0
D,2013-11-04,1.1400,1.1400,1.0800,1.1000,14005,0
D,2013-11-01,1.2000,1.2200,1.1900,1.2200,29327,0
D,2013-10-31,1.2000,1.2000,1.1800,1.2000,19279,0
D,2013-10-30,1.2100,1.2100,1.2000,1.2000,4717,0
D,2013-10-29,1.2000,1.2200,1.1900,1.2100,8581,0
D,2013-10-28,1.1800,1.2000,1.1800,1.2000,9773,0
D,2013-10-25,1.1800,1.1800,1.1800,1.1800,4872,0
D,2013-10-24,1.1800,1.1900,1.1700,1.1700,9202,0
D,2013-10-23,1.1600,1.1900,1.1600,1.1800,12425,0
D,2013-10-22,1.1400,1.1600,1.1300,1.1600,21039,0
D,2013-10-21,1.1000,1.1100,1.0900,1.1000,8482,0
D,2013-10-18,1.0900,1.1000,1.0900,1.1000,510,0
D,2013-10-17,1.1000,1.1100,1.0900,1.0900,7112,0
D,2013-10-16,1.1000,1.1000,1.0900,1.0900,1628,0
D,2013-10-14,1.1100,1.1100,1.0900,1.1000,3533,0
D,2013-10-11,1.0800,1.1100,1.0800,1.1100,2221,0
D,2013-10-10,1.0800,1.0800,1.0700,1.0800,5829,0
D,2013-10-09,1.0900,1.0900,1.0700,1.0800,3036,0
D,2013-10-08,1.0900,1.1000,1.0900,1.0900,2690,0
D,2013-10-07,1.1300,1.1300,1.1000,1.1000,1002,0
D,2013-10-04,1.1000,1.1000,1.0800,1.1000,4932,0
D,2013-10-03,1.1700,1.1800,1.1700,1.1800,23758,0
D,2013-10-02,1.1800,1.1800,1.1700,1.1700,15453,0
D,2013-10-01,1.1700,1.1900,1.1700,1.1800,8298,0
D,2013-09-30,1.1700,1.1800,1.1700,1.1800,11350,0
D,2013-09-27,1.1800,1.1900,1.1700,1.1900,11596,0
D,2013-09-26,1.1900,1.1900,1.1700,1.1700,16842,0
D,2013-09-25,1.1900,1.2100,1.1800,1.2000,21710,0
D,2013-09-24,1.1800,1.2000,1.1600,1.2000,24528,0
D,2013-09-23,1.1700,1.1800,1.1700,1.1800,2363,0
D,2013-09-20,1.1700,1.1800,1.1700,1.1800,13455,0
D,2013-09-19,1.1700,1.1800,1.1600,1.1700,7971,0
D,2013-09-18,1.1500,1.1700,1.1500,1.1600,2192,0
D,2013-09-17,1.1300,1.1500,1.1200,1.1400,5090,0
D,2013-09-13,1.1300,1.1300,1.1100,1.1300,1587,0
D,2013-09-12,1.1200,1.1300,1.1100,1.1300,927,0
D,2013-09-11,1.1300,1.1300,1.1100,1.1200,5240,0
D,2013-09-10,1.1000,1.1300,1.1000,1.1300,6566,0
D,2013-09-09,1.0600,1.1100,1.0600,1.1000,4348,0
D,2013-09-06,1.0600,1.0600,1.0500,1.0500,1873,0
D,2013-09-05,1.0500,1.0700,1.0500,1.0700,4103,0
D,2013-09-04,1.0500,1.0500,1.0400,1.0500,2991,0
D,2013-09-03,1.0400,1.0600,1.0400,1.0500,6519,0
D,2013-09-02,1.0500,1.0500,1.0300,1.0500,6215,0
D,2013-08-30,1.0400,1.0700,1.0400,1.0500,14983,0
D,2013-08-29,0.9900,1.0200,0.9900,1.0200,2715,0
D,2013-08-28,0.9750,0.9900,0.9250,0.9900,9063,0
D,2013-08-27,1.0800,1.0800,0.9900,0.9900,11947,0
D,2013-08-26,1.1100,1.1100,1.0800,1.0900,3299,0
D,2013-08-23,1.1100,1.1200,1.1000,1.1100,6753,0
D,2013-08-22,1.1300,1.1300,1.0600,1.1000,10375,0
D,2013-08-21,1.1300,1.1400,1.1300,1.1300,5948,0
D,2013-08-20,1.1500,1.1500,1.1300,1.1300,8167,0
D,2013-08-19,1.1600,1.1600,1.1500,1.1500,16707,0
D,2013-08-16,1.1500,1.1600,1.1400,1.1500,17747,0
D,2013-08-15,1.1500,1.1600,1.1400,1.1500,15113,0
D,2013-08-14,1.1700,1.1800,1.1500,1.1500,14304,0
D,2013-08-13,1.1500,1.1800,1.1500,1.1700,16970,0
D,2013-08-12,1.1200,1.1600,1.1200,1.1500,14070,0
D,2013-08-07,1.1500,1.1500,1.1300,1.1400,5722,0
D,2013-08-06,1.1400,1.1400,1.1200,1.1400,10345,0
D,2013-08-05,1.1500,1.1600,1.1300,1.1500,2626,0
D,2013-08-02,1.1700,1.1700,1.1400,1.1500,6010,0
D,2013-08-01,1.1500,1.1700,1.1500,1.1600,3543,0
D,2013-07-31,1.1700,1.1700,1.1500,1.1500,6701,0
D,2013-07-30,1.1800,1.1800,1.1700,1.1800,6259,0
D,2013-07-29,1.1800,1.2000,1.1800,1.1800,9012,0
D,2013-07-26,1.1900,1.2000,1.1800,1.1900,9075,0
D,2013-07-25,1.2000,1.2000,1.1800,1.1900,7691,0
D,2013-07-24,1.2100,1.2200,1.1800,1.1900,22788,0
D,2013-07-23,1.1800,1.2000,1.1700,1.1700,11442,0
D,2013-07-22,1.2000,1.2000,1.1800,1.1800,8845,0
D,2013-07-19,1.2000,1.2100,1.1900,1.2000,14624,0
D,2013-07-18,1.2100,1.2100,1.2000,1.2000,12540,0
D,2013-07-17,1.2000,1.2300,1.2000,1.2100,31684,0
D,2013-07-16,1.1900,1.2100,1.1900,1.2100,9662,0
D,2013-07-15,1.2000,1.2100,1.1900,1.1900,7771,0
D,2013-07-12,1.2100,1.2100,1.1900,1.2000,12570,0
D,2013-07-11,1.2100,1.2200,1.2000,1.2100,9045,0
D,2013-07-10,1.2100,1.2200,1.1900,1.2000,8274,0
D,2013-07-09,1.2400,1.2500,1.2000,1.2100,17276,0
D,2013-07-08,1.1900,1.2400,1.1900,1.2400,36172,0
D,2013-07-05,1.1800,1.1900,1.1700,1.1700,3669,0
D,2013-07-04,1.1300,1.1900,1.1300,1.1800,5662,0
D,2013-07-03,1.1300,1.1300,1.1300,1.1300,2111,0
D,2013-07-02,1.1200,1.1300,1.1200,1.1200,1347,0
D,2013-07-01,1.1300,1.1300,1.1100,1.1300,1296,0
D,2013-06-28,1.1200,1.1400,1.1200,1.1300,2976,0
D,2013-06-27,1.1400,1.1400,1.1200,1.1200,5772,0
D,2013-06-26,1.1400,1.1400,1.1200,1.1400,5388,0
D,2013-06-25,1.1100,1.1400,1.1100,1.1200,9502,0
D,2013-06-24,1.1700,1.1800,1.1100,1.1200,11071,0
D,2013-06-21,1.1700,1.1900,1.1600,1.1700,12927,0
D,2013-06-20,1.2200,1.2300,1.1800,1.1900,10674,0
D,2013-06-19,1.1800,1.2200,1.1800,1.2100,8713,0
D,2013-06-18,1.1600,1.1700,1.1600,1.1700,3486,0
D,2013-06-17,1.1600,1.1700,1.1600,1.1600,2549,0
D,2013-06-14,1.1600,1.1700,1.1500,1.1600,2436,0
D,2013-06-13,1.1700,1.1700,1.1400,1.1500,6170,0
D,2013-06-12,1.1900,1.1900,1.1700,1.1800,5298,0
D,2013-06-11,1.2200,1.2500,1.1700,1.1900,12312,0
D,2013-06-10,1.1800,1.2300,1.1800,1.2100,15066,0
D,2013-06-07,1.1700,1.1800,1.1700,1.1700,1895,0
D,2013-06-06,1.1600,1.1700,1.1600,1.1700,6736,0
D,2013-06-05,1.1800,1.1800,1.1600,1.1600,6853,0
D,2013-06-04,1.1900,1.2000,1.1800,1.1800,7134,0
D,2013-06-03,1.1800,1.2000,1.1700,1.1900,12068,0
D,2013-05-31,1.1700,1.1900,1.1700,1.1900,19466,0
D,2013-05-30,1.1700,1.1900,1.1500,1.1500,22275,0
D,2013-05-29,1.1700,1.1700,1.1400,1.1400,8202,0
D,2013-05-28,1.1600,1.1700,1.1600,1.1700,7873,0
D,2013-05-27,1.1200,1.1700,1.1100,1.1600,6833,0
D,2013-05-23,1.1500,1.1600,1.1000,1.1100,7327,0
D,2013-05-22,1.1600,1.1900,1.1300,1.1600,14886,0
D,2013-05-21,1.1600,1.1800,1.1500,1.1500,10007,0
D,2013-05-20,1.1000,1.1500,1.1000,1.1500,22130,0
D,2013-05-17,1.0200,1.0900,1.0200,1.0800,13336,0
D,2013-05-16,1.0300,1.0300,1.0200,1.0200,3203,0
D,2013-05-15,1.0300,1.0400,1.0200,1.0300,2561,0
D,2013-05-14,1.0400,1.0400,1.0200,1.0200,4823,0
D,2013-05-13,1.0200,1.0500,1.0200,1.0400,6290,0
D,2013-05-10,0.9700,1.0200,0.9700,1.0000,11135,0
D,2013-05-09,0.9300,0.9700,0.9300,0.9600,5120,0
D,2013-05-08,0.9350,0.9400,0.9250,0.9350,1972,0
D,2013-05-07,0.9100,0.9500,0.9100,0.9500,1552,0
D,2013-05-06,0.9000,0.9250,0.8850,0.9250,2567,0
D,2013-05-03,0.8700,0.8700,0.8600,0.8650,1540,0
D,2013-05-02,0.8800,0.8950,0.8700,0.8700,920,0
D,2013-04-30,0.8950,0.8950,0.8850,0.8850,1980,0
D,2013-04-29,0.9050,0.9050,0.8950,0.8950,2844,0
D,2013-04-26,0.9050,0.9050,0.9000,0.9050,1180,0
D,2013-04-25,0.9050,0.9100,0.9050,0.9050,924,0
D,2013-04-24,0.9100,0.9100,0.9000,0.9050,1639,0
D,2013-04-23,0.9200,0.9200,0.9050,0.9100,1878,0
D,2013-04-22,0.9350,0.9350,0.9200,0.9300,3861,0
D,2013-04-19,0.9350,0.9400,0.9300,0.9300,965,0
D,2013-04-18,0.9400,0.9450,0.9400,0.9400,611,0
D,2013-04-17,0.9450,0.9550,0.9450,0.9450,2820,0
D,2013-04-16,0.9400,0.9450,0.9350,0.9350,2754,0
D,2013-04-15,0.9500,0.9500,0.9350,0.9500,1988,0
D,2013-04-12,0.9450,0.9600,0.9450,0.9550,3963,0
D,2013-04-11,0.9350,0.9450,0.9350,0.9400,2402,0
D,2013-04-10,0.9500,0.9500,0.9350,0.9350,3179,0
D,2013-04-09,0.9550,0.9550,0.9450,0.9450,4144,0
D,2013-04-08,0.9650,0.9650,0.9500,0.9550,3500,0
D,2013-04-05,0.9550,0.9700,0.9500,0.9650,11270,0
D,2013-04-04,0.9100,0.9600,0.9100,0.9500,15333,0
D,2013-04-03,0.9200,0.9300,0.8950,0.9050,3688,0
D,2013-04-02,0.9150,0.9350,0.9150,0.9200,2806,0
D,2013-04-01,0.9150,0.9200,0.9100,0.9150,1550,0
D,2013-03-29,0.9150,0.9150,0.9100,0.9150,874,0
D,2013-03-29,0.9150,0.9150,0.9100,0.9150,874,0
