D,2014-10-14,1.4600,1.4600,1.4100,1.4500,1530,0
D,2014-10-13,1.5900,1.5900,1.4700,1.4700,454,0
D,2014-10-10,1.7000,1.7000,1.6000,1.6000,1179,0
D,2014-10-09,1.7000,1.7000,1.7000,1.7000,259,0
D,2014-10-08,1.7000,1.7000,1.6200,1.6400,960,0
D,2014-10-07,1.8200,1.8200,1.7000,1.7300,440,0
D,2014-10-03,1.8600,1.8600,1.8600,1.8600,0,0
D,2014-10-02,1.8600,1.8600,1.8600,1.8600,0,0
D,2014-10-01,1.9200,1.9400,1.8600,1.8600,255,0
D,2014-09-30,1.9500,1.9500,1.9100,1.9100,304,0
D,2014-09-29,1.9300,1.9500,1.9100,1.9400,198,0
D,2014-09-26,1.9000,1.9500,1.9000,1.9100,290,0
D,2014-09-25,1.9000,1.9500,1.8700,1.9200,665,0
D,2014-09-24,1.8200,1.8400,1.8200,1.8400,84,0
D,2014-09-23,1.7900,1.8300,1.7900,1.8300,122,0
D,2014-09-22,1.8200,1.8200,1.8200,1.8200,0,0
D,2014-09-19,1.7900,1.8200,1.7900,1.8200,260,0
D,2014-09-18,1.7500,1.7500,1.7500,1.7500,130,0
D,2014-09-17,1.7600,1.7600,1.7600,1.7600,76,0
D,2014-09-15,1.8000,1.8000,1.7800,1.7800,111,0
D,2014-09-12,1.8300,1.8300,1.8300,1.8300,0,0
D,2014-09-11,1.8200,1.8300,1.8200,1.8300,256,0
D,2014-09-10,1.8200,1.8200,1.8200,1.8200,550,0
D,2014-09-09,1.7800,1.8800,1.7800,1.8200,729,0
D,2014-09-08,1.7500,1.7500,1.7500,1.7500,80,0
D,2014-09-05,1.7600,1.7600,1.7500,1.7600,440,0
D,2014-09-04,1.7600,1.7600,1.7600,1.7600,177,0
D,2014-09-03,1.7600,1.7600,1.7500,1.7500,100,0
D,2014-09-02,1.7900,1.7900,1.7900,1.7900,0,0
D,2014-08-29,1.8000,1.8000,1.7900,1.7900,97,0
D,2014-08-28,1.8300,1.8300,1.8300,1.8300,0,0
D,2014-08-27,1.8100,1.8400,1.7800,1.8300,245,0
D,2014-08-26,1.8600,1.8600,1.8600,1.8600,0,0
D,2014-08-25,1.8600,1.8600,1.7800,1.8600,111,0
D,2014-08-22,1.8600,1.8600,1.8600,1.8600,35,0
D,2014-08-21,1.8700,1.8900,1.8600,1.8600,562,0
D,2014-08-20,1.8400,1.8800,1.8400,1.8500,812,0
D,2014-08-19,1.8300,1.8300,1.8100,1.8100,503,0
D,2014-08-18,1.8200,1.8300,1.8100,1.8300,88,0
D,2014-08-15,1.8200,1.8200,1.7900,1.8000,270,0
D,2014-08-14,1.8000,1.8000,1.7500,1.7500,607,0
D,2014-08-13,1.7800,1.8000,1.7800,1.8000,339,0
D,2014-08-12,1.8100,1.8200,1.8000,1.8000,279,0
D,2014-08-11,1.8200,1.8300,1.8200,1.8200,330,0
D,2014-08-08,1.8200,1.8500,1.8000,1.8100,1025,0
D,2014-08-07,1.8800,1.8800,1.8800,1.8800,0,0
D,2014-08-06,1.8700,1.8900,1.8700,1.8800,563,0
D,2014-08-05,1.8700,1.9200,1.8700,1.8800,290,0
D,2014-08-04,1.8400,1.8900,1.8400,1.8900,923,0
D,2014-08-01,1.8500,1.8500,1.8000,1.8000,945,0
D,2014-07-31,1.8500,1.9300,1.8500,1.8500,133,0
D,2014-07-30,1.8800,1.9300,1.8800,1.9300,200,0
D,2014-07-25,1.8900,1.9000,1.8800,1.9000,422,0
D,2014-07-24,1.9400,1.9400,1.8500,1.8800,330,0
D,2014-07-23,1.9000,1.9700,1.8500,1.9400,535,0
D,2014-07-22,1.9400,1.9400,1.9200,1.9200,534,0
D,2014-07-21,1.9800,2.0000,1.9700,1.9700,1099,0
D,2014-07-18,1.9500,2.0500,1.9400,2.0300,1093,0
D,2014-07-17,1.9900,2.0800,1.9900,2.0200,1517,0
D,2014-07-16,1.9100,2.0000,1.9000,1.9600,1544,0
D,2014-07-14,1.7700,1.8900,1.7700,1.8900,1099,0
D,2014-07-11,1.7500,1.7900,1.7400,1.7900,1629,0
D,2014-07-10,1.7200,1.7300,1.7200,1.7300,455,0
D,2014-07-09,1.7000,1.7100,1.7000,1.7100,501,0
D,2014-07-08,1.7300,1.7400,1.7200,1.7300,799,0
D,2014-07-07,1.7500,1.7900,1.7500,1.7600,953,0
D,2014-07-04,1.6200,1.7700,1.6200,1.7200,3136,0
D,2014-07-03,1.6300,1.6400,1.6200,1.6300,917,0
D,2014-07-02,1.5400,1.6300,1.5300,1.6300,1798,0
D,2014-07-01,1.5400,1.5400,1.5400,1.5400,110,0
D,2014-06-30,1.5300,1.5500,1.5300,1.5300,209,0
D,2014-06-27,1.5600,1.5600,1.5300,1.5400,562,0
D,2014-06-26,1.5700,1.6000,1.5700,1.5800,947,0
D,2014-06-25,1.5700,1.5800,1.5600,1.5700,384,0
D,2014-06-24,1.5600,1.5800,1.5500,1.5700,471,0
D,2014-06-23,1.4700,1.5800,1.4700,1.5700,2234,0
D,2014-06-20,1.4400,1.4700,1.4400,1.4700,394,0
D,2014-06-19,1.4200,1.4300,1.4200,1.4200,345,0
D,2014-06-18,1.4200,1.4300,1.4200,1.4200,482,0
D,2014-06-17,1.4300,1.4300,1.4300,1.4300,381,0
D,2014-06-16,1.4300,1.4500,1.4300,1.4300,324,0
D,2014-06-13,1.4300,1.4300,1.4300,1.4300,60,0
D,2014-06-12,1.4200,1.4300,1.4000,1.4200,585,0
D,2014-06-11,1.4100,1.4300,1.4100,1.4300,140,0
D,2014-06-10,1.4600,1.4600,1.4100,1.4200,968,0
D,2014-06-09,1.4700,1.4700,1.4500,1.4600,1005,0
D,2014-06-06,1.4600,1.5000,1.4500,1.4500,1422,0
D,2014-06-05,1.4600,1.4600,1.4200,1.4400,1931,0
D,2014-06-04,1.4300,1.4600,1.4200,1.4300,1605,0
D,2014-06-03,1.3600,1.4100,1.3600,1.3900,2217,0
D,2014-06-02,1.3100,1.3100,1.3100,1.3100,0,0
D,2014-05-30,1.3200,1.3200,1.3100,1.3100,106,0
D,2014-05-29,1.3300,1.3600,1.3300,1.3500,360,0
D,2014-05-28,1.3000,1.3100,1.3000,1.3100,335,0
D,2014-05-27,1.3200,1.3200,1.3000,1.3000,547,0
D,2014-05-26,1.3400,1.3400,1.3300,1.3300,58,0
D,2014-05-23,1.3000,1.3400,1.3000,1.3400,307,0
D,2014-05-22,1.3200,1.3300,1.3000,1.3200,2150,0
D,2014-05-21,1.3300,1.3300,1.3200,1.3200,375,0
D,2014-05-20,1.3500,1.3500,1.3300,1.3400,718,0
D,2014-05-19,1.3400,1.3500,1.3400,1.3500,494,0
D,2014-05-16,1.3500,1.3500,1.3500,1.3500,0,0
D,2014-05-15,1.3800,1.3800,1.3400,1.3500,310,0
D,2014-05-14,1.3600,1.3900,1.3600,1.3800,140,0
D,2014-05-12,1.3500,1.3500,1.3500,1.3500,490,0
D,2014-05-09,1.3400,1.3400,1.3300,1.3300,100,0
D,2014-05-08,1.3400,1.3400,1.3400,1.3400,128,0
D,2014-05-07,1.3500,1.3500,1.3300,1.3300,762,0
D,2014-05-06,1.3500,1.3600,1.3400,1.3500,920,0
D,2014-05-05,1.3600,1.3600,1.3500,1.3600,610,0
D,2014-05-02,1.3500,1.3500,1.3400,1.3500,753,0
D,2014-04-30,1.3500,1.3500,1.3400,1.3500,1295,0
D,2014-04-29,1.3700,1.4300,1.3300,1.3500,2714,0
D,2014-04-28,1.3800,1.4100,1.3100,1.3500,2035,0
D,2014-04-25,1.3900,1.3900,1.3700,1.3800,1302,0
D,2014-04-24,1.3900,1.4000,1.3800,1.3900,683,0
D,2014-04-23,1.4100,1.4100,1.3900,1.4000,671,0
D,2014-04-22,1.4500,1.4600,1.4000,1.4200,1401,0
D,2014-04-21,1.4500,1.4600,1.4300,1.4500,1255,0
D,2014-04-18,1.4400,1.4400,1.4200,1.4400,592,0
D,2014-04-17,1.4400,1.4700,1.4200,1.4300,2301,0
D,2014-04-16,1.3800,1.4600,1.3800,1.4200,3996,0
D,2014-04-15,1.3200,1.3400,1.3100,1.3400,973,0
D,2014-04-14,1.3000,1.3300,1.2900,1.3100,735,0
D,2014-04-11,1.3000,1.3200,1.3000,1.3100,970,0
D,2014-04-10,1.3100,1.3400,1.3100,1.3100,449,0
D,2014-04-09,1.3200,1.3200,1.3000,1.3000,291,0
D,2014-04-08,1.3100,1.3200,1.3100,1.3100,770,0
D,2014-04-07,1.3300,1.3300,1.3000,1.3200,1660,0
D,2014-04-04,1.3600,1.3600,1.3100,1.3400,721,0
D,2014-04-03,1.3600,1.3600,1.3200,1.3600,1140,0
D,2014-04-02,1.3400,1.3800,1.3400,1.3600,2251,0
D,2014-04-01,1.2700,1.3200,1.2700,1.3100,3364,0
D,2014-03-31,1.3100,1.3200,1.2900,1.2900,1363,0
D,2014-03-28,1.3100,1.3300,1.2800,1.3100,1547,0
D,2014-03-27,1.2500,1.3000,1.2400,1.2800,5781,0
D,2014-03-26,1.2400,1.2500,1.2100,1.2500,2312,0
D,2014-03-25,1.2500,1.2500,1.2300,1.2300,1524,0
D,2014-03-24,1.2100,1.2300,1.2000,1.2300,1045,0
D,2014-03-21,1.2400,1.2600,1.2200,1.2200,1504,0
D,2014-03-20,1.1800,1.2500,1.1800,1.2400,4427,0
D,2014-03-19,1.1600,1.1600,1.1600,1.1600,0,0
D,2014-03-18,1.1800,1.1800,1.1600,1.1600,754,0
D,2014-03-17,1.1600,1.2000,1.1600,1.1700,1080,0
D,2014-03-14,1.1500,1.1500,1.1400,1.1400,978,0
D,2014-03-13,1.1700,1.1900,1.1500,1.1500,1185,0
D,2014-03-12,1.1600,1.1900,1.1500,1.1700,1634,0
D,2014-03-11,1.2100,1.2100,1.1600,1.1600,1375,0
D,2014-03-10,1.2100,1.2100,1.2000,1.2000,1100,0
D,2014-03-07,1.2500,1.2700,1.2300,1.2300,3549,0
D,2014-03-06,1.2100,1.2500,1.2100,1.2300,7350,0
D,2014-03-05,1.1600,1.2000,1.1600,1.2000,2800,0
D,2014-03-04,1.1000,1.1400,1.1000,1.1300,2110,0
D,2014-03-03,1.1400,1.1500,1.0800,1.0900,2000,0
D,2014-02-28,1.1700,1.1700,1.1200,1.1300,2691,0
D,2014-02-27,1.2400,1.2400,1.1700,1.1700,2140,0
D,2014-02-26,1.1900,1.2300,1.1700,1.2200,1825,0
D,2014-02-25,1.2200,1.2200,1.1700,1.1700,1380,0
D,2014-02-24,1.2500,1.2700,1.2200,1.2200,2836,0
D,2014-02-21,1.1900,1.2600,1.1900,1.2400,6624,0
D,2014-02-20,1.1000,1.1700,1.1000,1.1700,5174,0
D,2014-02-19,1.0400,1.1000,1.0200,1.0900,2534,0
D,2014-02-18,1.0100,1.0600,1.0100,1.0400,1105,0
D,2014-02-17,1.0800,1.0800,1.0600,1.0600,2175,0
D,2014-02-14,1.0400,1.0800,1.0400,1.0500,5152,0
D,2014-02-13,0.9650,1.0100,0.9650,1.0100,2410,0
D,2014-02-12,0.9700,0.9800,0.9600,0.9800,1117,0
D,2014-02-11,0.9600,0.9750,0.9550,0.9700,2095,0
D,2014-02-10,0.8850,0.9600,0.8850,0.9450,2807,0
D,2014-02-07,0.8800,0.8850,0.8750,0.8850,1416,0
D,2014-02-06,0.8850,0.8850,0.8750,0.8800,607,0
D,2014-02-05,0.8650,0.8700,0.8650,0.8700,694,0
D,2014-02-04,0.8550,0.8650,0.8300,0.8650,1152,0
D,2014-01-30,0.8500,0.8700,0.8500,0.8700,303,0
D,2014-01-29,0.8600,0.8850,0.8500,0.8850,886,0
D,2014-01-28,0.8400,0.8550,0.8400,0.8550,400,0
D,2014-01-27,0.8800,0.8800,0.8350,0.8400,2433,0
D,2014-01-24,0.8850,0.9000,0.8850,0.9000,476,0
D,2014-01-23,0.9200,0.9200,0.8950,0.9000,1053,0
D,2014-01-22,0.9200,0.9250,0.9150,0.9200,633,0
D,2014-01-21,0.9150,0.9300,0.9150,0.9250,1994,0
D,2014-01-20,0.9350,0.9350,0.9050,0.9150,1630,0
D,2014-01-16,0.9550,0.9550,0.9350,0.9350,985,0
D,2014-01-15,1.0100,1.0100,0.9500,0.9700,2189,0
D,2014-01-13,1.0300,1.0300,0.9800,1.0000,7893,0
D,2014-01-10,0.9150,1.0600,0.9150,1.0500,14094,0
D,2014-01-09,0.9200,0.9200,0.9050,0.9050,1045,0
D,2014-01-08,0.8850,0.9300,0.8850,0.9100,4375,0
D,2014-01-07,0.8950,0.8950,0.8700,0.8850,812,0
D,2014-01-06,0.8600,0.8950,0.8600,0.8650,1077,0
D,2014-01-03,0.8600,0.8600,0.8450,0.8500,413,0
D,2014-01-02,0.8900,0.8900,0.8550,0.8600,1435,0
D,2013-12-31,0.9050,0.9150,0.8950,0.8950,3071,0
D,2013-12-30,0.8300,0.9000,0.8300,0.8950,6934,0
D,2013-12-27,0.8150,0.8200,0.8150,0.8200,189,0
D,2013-12-26,0.8000,0.8200,0.8000,0.8200,1302,0
D,2013-12-24,0.8000,0.8000,0.7950,0.7950,689,0
D,2013-12-23,0.8100,0.8200,0.8100,0.8100,1003,0
D,2013-12-20,0.8000,0.8000,0.8000,0.8000,0,0
D,2013-12-19,0.8000,0.8000,0.8000,0.8000,525,0
D,2013-12-18,0.8100,0.8100,0.8050,0.8050,150,0
D,2013-12-17,0.8000,0.8050,0.8000,0.8050,99,0
D,2013-12-16,0.8100,0.8100,0.8000,0.8000,660,0
D,2013-12-13,0.7950,0.8050,0.7950,0.8050,325,0
D,2013-12-12,0.7900,0.7900,0.7850,0.7850,880,0
D,2013-12-11,0.7900,0.7900,0.7900,0.7900,100,0
D,2013-12-10,0.7900,0.7900,0.7900,0.7900,100,0
D,2013-12-09,0.8000,0.8000,0.8000,0.8000,0,0
D,2013-12-06,0.8150,0.8250,0.7900,0.8000,2000,0
D,2013-12-05,0.8000,0.8050,0.8000,0.8050,256,0
D,2013-12-04,0.7900,0.7900,0.7900,0.7900,100,0
D,2013-12-03,0.7950,0.7950,0.7850,0.7850,750,0
D,2013-12-02,0.8000,0.8000,0.7950,0.7950,698,0
D,2013-11-29,0.7850,0.8100,0.7850,0.8100,466,0
D,2013-11-28,0.8000,0.8000,0.7900,0.8000,250,0
D,2013-11-27,0.7850,0.7850,0.7800,0.7850,580,0
D,2013-11-26,0.8000,0.8000,0.7800,0.7800,1337,0
D,2013-11-25,0.8150,0.8150,0.8000,0.8050,838,0
D,2013-11-22,0.8100,0.8100,0.8000,0.8100,2050,0
D,2013-11-21,0.8400,0.8400,0.8050,0.8100,743,0
D,2013-11-20,0.8400,0.8600,0.8300,0.8400,3557,0
D,2013-11-19,0.8100,0.8200,0.8100,0.8200,400,0
D,2013-11-18,0.8200,0.8250,0.8050,0.8050,542,0
D,2013-11-15,0.8350,0.8400,0.8100,0.8200,850,0
D,2013-11-14,0.7850,0.8250,0.7850,0.8250,1043,0
D,2013-11-13,0.7850,0.7850,0.7700,0.7700,674,0
D,2013-11-12,0.8000,0.8000,0.7850,0.7900,1356,0
D,2013-11-11,0.8200,0.8200,0.8050,0.8050,1182,0
D,2013-11-08,0.8250,0.8250,0.8200,0.8200,160,0
D,2013-11-07,0.8250,0.8300,0.8200,0.8300,184,0
D,2013-11-06,0.8450,0.8500,0.8300,0.8400,493,0
D,2013-11-04,0.8300,0.8300,0.8250,0.8300,602,0
D,2013-11-01,0.8350,0.8400,0.8300,0.8400,254,0
D,2013-10-31,0.8400,0.8400,0.8400,0.8400,319,0
D,2013-10-30,0.8400,0.8500,0.8400,0.8450,393,0
D,2013-10-29,0.8350,0.8350,0.8300,0.8350,407,0
D,2013-10-28,0.8250,0.8350,0.8200,0.8350,833,0
D,2013-10-25,0.8250,0.8400,0.8250,0.8400,217,0
D,2013-10-24,0.8450,0.8450,0.8400,0.8400,522,0
D,2013-10-23,0.8400,0.8450,0.8400,0.8450,300,0
D,2013-10-22,0.8400,0.8400,0.8200,0.8300,727,0
D,2013-10-21,0.8500,0.8500,0.8450,0.8450,143,0
D,2013-10-18,0.8350,0.8500,0.8350,0.8500,173,0
D,2013-10-17,0.8300,0.8350,0.8300,0.8350,170,0
D,2013-10-16,0.8300,0.8300,0.8300,0.8300,15,0
D,2013-10-14,0.8500,0.8500,0.8400,0.8400,196,0
D,2013-10-11,0.8450,0.8600,0.8450,0.8500,1667,0
D,2013-10-10,0.8350,0.8450,0.8350,0.8450,225,0
D,2013-10-09,0.8350,0.8350,0.8250,0.8250,310,0
D,2013-10-08,0.8450,0.8450,0.8400,0.8400,405,0
D,2013-10-07,0.8400,0.8400,0.8350,0.8350,570,0
D,2013-10-04,0.8500,0.8750,0.8300,0.8400,654,0
D,2013-10-03,0.8150,0.8450,0.8100,0.8200,429,0
D,2013-10-02,0.8550,0.8550,0.8300,0.8300,1862,0
D,2013-10-01,0.8300,0.8650,0.8200,0.8600,2765,0
D,2013-09-30,0.8500,0.8500,0.8350,0.8350,430,0
D,2013-09-27,0.8500,0.8700,0.8500,0.8650,2774,0
D,2013-09-26,0.8300,0.8600,0.8300,0.8500,6152,0
D,2013-09-25,0.7900,0.8000,0.7800,0.7950,2023,0
D,2013-09-24,0.7800,0.7800,0.7700,0.7800,250,0
D,2013-09-23,0.8000,0.8000,0.8000,0.8000,0,0
D,2013-09-20,0.7900,0.8000,0.7900,0.8000,847,0
D,2013-09-19,0.7550,0.7800,0.7550,0.7800,1995,0
D,2013-09-18,0.7500,0.7500,0.7300,0.7300,225,0
D,2013-09-17,0.7400,0.7400,0.7350,0.7400,516,0
D,2013-09-13,0.7600,0.7600,0.7300,0.7400,452,0
D,2013-09-12,0.7550,0.7650,0.7550,0.7600,1129,0
D,2013-09-11,0.7500,0.7650,0.7450,0.7450,2227,0
D,2013-09-10,0.7100,0.7350,0.7100,0.7350,997,0
D,2013-09-09,0.6900,0.7000,0.6900,0.7000,1583,0
D,2013-09-06,0.6850,0.6850,0.6800,0.6800,40,0
D,2013-09-05,0.6900,0.6900,0.6850,0.6900,500,0
D,2013-09-04,0.6850,0.6850,0.6700,0.6700,1055,0
D,2013-09-03,0.7000,0.7050,0.6850,0.6850,620,0
D,2013-09-02,0.7000,0.7050,0.6700,0.6850,993,0
D,2013-08-30,0.7200,0.7200,0.7050,0.7150,1394,0
D,2013-08-29,0.7300,0.7550,0.7250,0.7300,4162,0
D,2013-08-28,0.6500,0.7200,0.5000,0.7200,3637,0
D,2013-08-27,0.7700,0.7700,0.6700,0.6700,5746,0
D,2013-08-26,0.8150,0.8150,0.7650,0.7750,4427,0
D,2013-08-23,0.8300,0.8350,0.8200,0.8250,1848,0
D,2013-08-22,0.8350,0.8350,0.8000,0.8200,4027,0
D,2013-08-21,0.8500,0.8700,0.8500,0.8600,2692,0
D,2013-08-20,0.8950,0.9050,0.8450,0.8450,8575,0
D,2013-08-19,0.8650,0.8850,0.8600,0.8700,3178,0
D,2013-08-16,0.8400,0.8700,0.8350,0.8650,3725,0
D,2013-08-15,0.8300,0.8550,0.8300,0.8450,732,0
D,2013-08-14,0.8650,0.8750,0.8400,0.8400,3505,0
D,2013-08-13,0.8300,0.8700,0.8300,0.8650,5481,0
D,2013-08-12,0.8000,0.8300,0.8000,0.8200,2424,0
D,2013-08-07,0.7750,0.7950,0.7700,0.7950,840,0
D,2013-08-06,0.7650,0.7750,0.7650,0.7750,1632,0
D,2013-08-05,0.7800,0.7800,0.7600,0.7600,819,0
D,2013-08-02,0.7850,0.7900,0.7550,0.7550,1044,0
D,2013-08-01,0.7400,0.7600,0.7400,0.7600,649,0
D,2013-07-31,0.7750,0.7750,0.7300,0.7450,1392,0
D,2013-07-30,0.7800,0.7800,0.7700,0.7800,800,0
D,2013-07-29,0.8150,0.8150,0.7700,0.7700,3671,0
D,2013-07-26,0.8200,0.8250,0.8100,0.8250,874,0
D,2013-07-25,0.8500,0.8500,0.8200,0.8300,1848,0
D,2013-07-24,0.8400,0.8400,0.8150,0.8400,1788,0
D,2013-07-23,0.8600,0.8600,0.7700,0.8300,5177,0
D,2013-07-22,0.8450,0.8750,0.8400,0.8550,3617,0
D,2013-07-19,0.8200,0.8600,0.8200,0.8400,4309,0
D,2013-07-18,0.7500,0.8250,0.7400,0.8050,7457,0
D,2013-07-17,0.7450,0.7550,0.7450,0.7500,825,0
D,2013-07-16,0.7650,0.7700,0.7400,0.7450,1806,0
D,2013-07-15,0.7700,0.7700,0.7700,0.7700,20,0
D,2013-07-12,0.7500,0.7750,0.7500,0.7700,160,0
D,2013-07-11,0.7550,0.7550,0.7500,0.7500,160,0
D,2013-07-10,0.7700,0.7700,0.7400,0.7450,624,0
D,2013-07-09,0.7850,0.7850,0.7850,0.7850,120,0
D,2013-07-08,0.8000,0.8000,0.7650,0.7750,746,0
D,2013-07-05,0.7500,0.7700,0.7500,0.7700,2543,0
D,2013-07-04,0.7250,0.7250,0.7150,0.7150,1190,0
D,2013-07-03,0.7400,0.7400,0.7250,0.7250,548,0
D,2013-07-02,0.7400,0.7450,0.7400,0.7400,403,0
D,2013-07-01,0.7350,0.7350,0.7250,0.7350,875,0
D,2013-06-28,0.7400,0.7550,0.7350,0.7500,2396,0
D,2013-06-27,0.7000,0.7350,0.7000,0.7200,2050,0
D,2013-06-26,0.6950,0.6950,0.6700,0.6950,4115,0
D,2013-06-25,0.7400,0.7400,0.6750,0.6800,5327,0
D,2013-06-24,0.8200,0.8200,0.7300,0.7450,5541,0
D,2013-06-21,0.8050,0.8050,0.8050,0.8050,0,0
D,2013-06-20,0.7900,0.8200,0.7900,0.8050,4418,0
D,2013-06-19,0.8100,0.8200,0.7800,0.8000,1731,0
D,2013-06-18,0.8000,0.8100,0.7900,0.8100,1993,0
D,2013-06-17,0.7750,0.7900,0.7700,0.7850,1349,0
D,2013-06-14,0.7950,0.7950,0.7700,0.7700,1361,0
D,2013-06-13,0.7700,0.7800,0.7600,0.7750,2310,0
D,2013-06-12,0.8000,0.8000,0.7800,0.7850,1060,0
D,2013-06-11,0.8300,0.8300,0.8000,0.8000,1465,0
D,2013-06-10,0.8200,0.8300,0.8100,0.8300,2808,0
D,2013-06-07,0.7750,0.8000,0.7750,0.8000,2018,0
D,2013-06-06,0.8000,0.8000,0.7600,0.7850,1386,0
D,2013-06-05,0.8150,0.8150,0.7500,0.8000,3632,0
D,2013-06-04,0.8300,0.8300,0.8000,0.8000,1264,0
D,2013-06-03,0.8200,0.8300,0.8100,0.8150,1348,0
D,2013-05-31,0.8500,0.8500,0.8250,0.8450,962,0
D,2013-05-30,0.8450,0.8500,0.8400,0.8450,986,0
D,2013-05-29,0.8700,0.8850,0.8600,0.8700,3932,0
D,2013-05-28,0.8650,0.8700,0.8550,0.8600,2431,0
D,2013-05-27,0.7600,0.8500,0.7600,0.8500,3724,0
D,2013-05-23,0.7850,0.8050,0.7600,0.7800,4945,0
D,2013-05-22,0.8650,0.8700,0.8000,0.8200,5133,0
D,2013-05-21,0.8600,0.8800,0.8500,0.8650,5514,0
D,2013-05-20,0.7850,0.8500,0.7800,0.8350,5591,0
D,2013-05-17,0.7100,0.7600,0.7100,0.7600,5626,0
D,2013-05-16,0.7000,0.7150,0.7000,0.7000,2370,0
D,2013-05-15,0.7100,0.7300,0.7100,0.7150,3014,0
D,2013-05-14,0.7000,0.7000,0.6550,0.6950,3604,0
D,2013-05-13,0.6850,0.7400,0.6850,0.6950,14290,0
D,2013-05-10,0.5700,0.6450,0.5700,0.6450,6834,0
D,2013-05-09,0.5150,0.5750,0.5150,0.5650,9361,0
D,2013-05-08,0.5350,0.5350,0.5100,0.5200,3783,0
D,2013-05-07,0.4950,0.5400,0.4950,0.5300,8341,0
D,2013-05-06,0.4500,0.5200,0.4500,0.5000,9091,0
D,2013-05-03,0.4200,0.4400,0.4200,0.4400,1072,0
D,2013-05-02,0.4200,0.4300,0.4200,0.4200,763,0
D,2013-04-30,0.4300,0.4300,0.4300,0.4300,0,0
D,2013-04-29,0.4350,0.4400,0.4300,0.4300,1227,0
D,2013-04-26,0.4450,0.4550,0.4450,0.4500,1736,0
D,2013-04-25,0.4300,0.4400,0.4250,0.4400,1993,0
D,2013-04-24,0.4200,0.4250,0.4150,0.4200,1842,0
D,2013-04-23,0.4100,0.4450,0.4100,0.4150,3350,0
D,2013-04-22,0.4350,0.4400,0.4200,0.4250,1366,0
D,2013-04-19,0.4600,0.4600,0.4400,0.4500,3547,0
D,2013-04-18,0.4750,0.4750,0.4550,0.4600,3940,0
D,2013-04-17,0.4650,0.4800,0.4650,0.4650,3258,0
D,2013-04-16,0.4600,0.4700,0.4550,0.4600,2655,0
D,2013-04-15,0.4950,0.4950,0.4650,0.4750,5077,0
D,2013-04-12,0.5100,0.5100,0.4850,0.4950,1858,0
D,2013-04-11,0.4550,0.5050,0.4550,0.5050,5683,0
D,2013-04-10,0.4600,0.4650,0.4550,0.4550,1633,0
D,2013-04-09,0.4500,0.4850,0.4500,0.4650,5399,0
D,2013-04-08,0.4200,0.4650,0.4200,0.4450,5772,0
D,2013-04-05,0.4200,0.4200,0.4100,0.4150,1396,0
D,2013-04-04,0.4000,0.4250,0.4000,0.4100,4428,0
D,2013-04-03,0.4000,0.4050,0.3850,0.4050,3184,0
D,2013-04-02,0.3950,0.4100,0.3900,0.4100,2724,0
D,2013-04-01,0.3850,0.3850,0.3850,0.3850,60,0
D,2013-03-29,0.4100,0.4150,0.3900,0.3900,2820,0
D,2013-03-28,0.3900,0.4150,0.3800,0.4100,2086,0
D,2013-03-27,0.3950,0.3950,0.3900,0.3950,900,0
D,2013-03-26,0.3850,0.3950,0.3800,0.3800,756,0
D,2013-03-25,0.3800,0.3800,0.3800,0.3800,100,0
D,2013-03-22,0.3850,0.4200,0.3750,0.3800,8528,0
D,2013-03-21,0.4000,0.4050,0.3900,0.3900,1588,0
D,2013-03-20,0.3900,0.4100,0.3850,0.4000,9994,0
D,2013-03-19,0.3550,0.3850,0.3550,0.3850,3895,0
D,2013-03-18,0.3300,0.3550,0.3300,0.3550,3110,0
D,2013-03-15,0.3350,0.3350,0.3300,0.3300,509,0
D,2013-03-14,0.3400,0.3400,0.3300,0.3400,757,0
D,2013-03-13,0.3400,0.3400,0.3200,0.3400,660,0
D,2013-03-12,0.3650,0.3850,0.3550,0.3550,2959,0
D,2013-03-11,0.3300,0.3700,0.3300,0.3650,11036,0
D,2013-03-08,0.3200,0.3250,0.3150,0.3250,708,0
D,2013-03-07,0.3350,0.3350,0.3200,0.3200,1170,0
D,2013-03-06,0.3100,0.3300,0.3100,0.3300,3641,0
D,2013-03-05,0.3050,0.3050,0.3000,0.3000,674,0
D,2013-03-04,0.3000,0.3000,0.2800,0.2800,713,0
D,2013-03-01,0.3050,0.3150,0.3000,0.3000,1355,0
D,2013-02-28,0.3000,0.3000,0.2950,0.3000,460,0
D,2013-02-27,0.3000,0.3000,0.3000,0.3000,0,0
D,2013-02-26,0.3050,0.3050,0.3000,0.3000,1906,0
D,2013-02-25,0.3000,0.3100,0.3000,0.3050,2128,0
D,2013-02-22,0.2900,0.3000,0.2850,0.2950,1230,0
D,2013-02-21,0.2600,0.2600,0.2600,0.2600,250,0
D,2013-02-20,0.2700,0.2700,0.2700,0.2700,60,0
D,2013-02-19,0.2700,0.2700,0.2700,0.2700,20,0
D,2013-02-18,0.2700,0.2700,0.2700,0.2700,20,0
D,2013-02-15,0.2700,0.2700,0.2700,0.2700,40,0
D,2013-02-14,0.2700,0.2700,0.2650,0.2700,1208,0
D,2013-02-13,0.2700,0.2700,0.2600,0.2600,330,0
D,2013-02-08,0.2700,0.2700,0.2700,0.2700,1800,0
D,2013-02-07,0.2500,0.2750,0.2500,0.2750,1008,0
D,2013-02-06,0.2650,0.2650,0.2500,0.2500,4030,0
D,2013-02-05,0.2700,0.2700,0.2650,0.2700,1300,0
D,2013-02-04,0.2650,0.2750,0.2650,0.2750,1773,0
D,2013-01-31,0.2700,0.2750,0.2650,0.2700,1980,0
D,2013-01-30,0.2750,0.2800,0.2650,0.2800,6060,0
D,2013-01-29,0.2900,0.2900,0.2650,0.2800,3589,0
D,2013-01-25,0.3150,0.3150,0.2900,0.3000,4749,0
D,2013-01-23,0.3200,0.3200,0.3100,0.3150,2965,0
D,2013-01-22,0.3000,0.3200,0.2850,0.3200,4594,0
D,2013-01-21,0.3400,0.3400,0.3050,0.3100,9038,0
D,2013-01-18,0.3500,0.3650,0.3500,0.3600,3605,0
D,2013-01-17,0.3600,0.3650,0.3500,0.3550,1873,0
D,2013-01-16,0.3500,0.3750,0.3500,0.3750,2534,0
D,2013-01-15,0.3500,0.3650,0.3500,0.3500,4216,0
D,2013-01-14,0.3250,0.3900,0.3250,0.3500,9154,0
D,2013-01-11,0.2850,0.3250,0.2850,0.3200,9176,0
D,2013-01-10,0.2700,0.2850,0.2700,0.2850,1608,0
D,2013-01-09,0.2700,0.2750,0.2550,0.2750,3520,0
D,2013-01-08,0.2700,0.2700,0.2700,0.2700,4028,0
D,2013-01-07,0.2700,0.2750,0.2700,0.2750,3288,0
D,2013-01-04,0.2850,0.2900,0.2700,0.2800,3518,0
D,2013-01-03,0.2500,0.2850,0.2500,0.2850,13547,0
D,2013-01-02,0.2350,0.2450,0.2350,0.2450,1486,0
D,2012-12-31,0.2400,0.2400,0.2250,0.2400,1241,0
D,2012-12-28,0.2300,0.2300,0.2300,0.2300,380,0
D,2012-12-27,0.2250,0.2400,0.2250,0.2400,713,0
D,2012-12-26,0.2250,0.2300,0.2250,0.2300,470,0
D,2012-12-24,0.2250,0.2250,0.2250,0.2250,46,0
D,2012-12-21,0.2300,0.2300,0.2300,0.2300,60,0
D,2012-12-20,0.2300,0.2300,0.2300,0.2300,160,0
D,2012-12-19,0.2300,0.2300,0.2300,0.2300,10,0
D,2012-12-18,0.2300,0.2300,0.2300,0.2300,320,0
D,2012-12-17,0.2250,0.2300,0.2250,0.2300,122,0
D,2012-12-14,0.2350,0.2350,0.2350,0.2350,1689,0
D,2012-12-13,0.2350,0.2350,0.2350,0.2350,1336,0
D,2012-12-12,0.2350,0.2350,0.2350,0.2350,130,0
D,2012-12-11,0.2300,0.2300,0.2250,0.2250,480,0
D,2012-12-10,0.2300,0.2300,0.2250,0.2250,773,0
D,2012-12-07,0.2300,0.2400,0.2300,0.2300,950,0
D,2012-12-06,0.2300,0.2400,0.2300,0.2300,760,0
D,2012-12-05,0.2400,0.2400,0.2250,0.2300,2175,0
D,2012-12-04,0.2400,0.2400,0.2350,0.2400,1639,0
D,2012-12-03,0.2450,0.2500,0.2450,0.2500,5021,0
D,2012-11-30,0.2450,0.2450,0.2350,0.2400,2553,0
D,2012-11-29,0.2400,0.2500,0.2400,0.2450,8414,0
D,2012-11-28,0.2300,0.2300,0.2250,0.2300,4515,0
D,2012-11-27,0.2300,0.2300,0.2250,0.2250,1103,0
D,2012-11-26,0.2350,0.2400,0.2300,0.2400,1500,0
D,2012-11-23,0.2400,0.2400,0.2350,0.2350,1450,0
D,2012-11-22,0.2350,0.2400,0.2350,0.2400,664,0
D,2012-11-21,0.2350,0.2350,0.2300,0.2350,979,0
D,2012-11-20,0.2300,0.2300,0.2300,0.2300,360,0
D,2012-11-19,0.2350,0.2400,0.2300,0.2350,828,0
D,2012-11-16,0.2300,0.2400,0.2300,0.2350,1230,0
D,2012-11-14,0.2250,0.2300,0.2250,0.2250,2400,0
D,2012-11-12,0.2300,0.2300,0.2300,0.2300,460,0
D,2012-11-09,0.2200,0.2300,0.2200,0.2300,1431,0
D,2012-11-08,0.2300,0.2300,0.2200,0.2200,3813,0
D,2012-11-07,0.2350,0.2400,0.2300,0.2300,447,0
D,2012-11-06,0.2250,0.2350,0.2250,0.2300,900,0
D,2012-11-05,0.2400,0.2400,0.2150,0.2200,11540,0
D,2012-11-02,0.2400,0.2400,0.2400,0.2400,1319,0
D,2012-11-01,0.2400,0.2500,0.2350,0.2400,4832,0
D,2012-10-31,0.2350,0.2450,0.2350,0.2450,4660,0
D,2012-10-30,0.2250,0.2400,0.2250,0.2400,2612,0
D,2012-10-29,0.2350,0.2500,0.2250,0.2300,13706,0
D,2012-10-25,0.2050,0.2200,0.2050,0.2200,1561,0
D,2012-10-24,0.2000,0.2200,0.2000,0.2200,511,0
D,2012-10-23,0.2050,0.2200,0.2050,0.2150,1789,0
D,2012-10-22,0.2000,0.2100,0.1950,0.2100,4210,0
D,2012-10-19,0.2250,0.2250,0.2050,0.2200,7431,0
D,2012-10-18,0.2250,0.2250,0.2200,0.2250,1579,0
D,2012-10-17,0.2300,0.2350,0.2250,0.2250,936,0
D,2012-10-16,0.2400,0.2400,0.2250,0.2350,6720,0
D,2012-10-15,0.2300,0.2450,0.2250,0.2450,31856,0
D,2012-10-12,0.2000,0.2150,0.2000,0.2150,17671,0
D,2012-10-11,0.1800,0.1900,0.1800,0.1900,2265,0
D,2012-10-10,0.1750,0.1800,0.1750,0.1800,1200,0
D,2012-10-09,0.1750,0.1750,0.1750,0.1750,0,0
D,2012-10-08,0.1750,0.1750,0.1750,0.1750,0,0
D,2012-10-05,0.1750,0.1750,0.1750,0.1750,200,0
D,2012-10-04,0.1800,0.1800,0.1800,0.1800,200,0
D,2012-10-03,0.1700,0.1800,0.1700,0.1800,500,0
