D,2014-10-14,2.7600,2.8800,2.7500,2.8700,513,0
D,2014-10-13,3.0000,3.0000,2.8300,2.9000,1038,0
D,2014-10-10,3.0000,3.0500,3.0000,3.0500,314,0
D,2014-10-09,3.1000,3.1100,3.0800,3.1000,304,0
D,2014-10-08,3.2000,3.2000,3.2000,3.2000,0,0
D,2014-10-07,3.2300,3.2300,3.2000,3.2000,312,0
D,2014-10-03,3.3000,3.3000,3.3000,3.3000,0,0
D,2014-10-02,3.3000,3.3000,3.3000,3.3000,105,0
D,2014-10-01,3.4000,3.4000,3.3500,3.3500,130,0
D,2014-09-30,3.4000,3.4000,3.4000,3.4000,79,0
D,2014-09-29,3.3800,3.4500,3.3600,3.4000,702,0
D,2014-09-26,3.3100,3.3100,3.2800,3.2900,363,0
D,2014-09-25,3.3300,3.3300,3.3300,3.3300,45,0
D,2014-09-24,3.3500,3.3500,3.3500,3.3500,100,0
D,2014-09-23,3.4000,3.4000,3.4000,3.4000,0,0
D,2014-09-22,3.4000,3.4000,3.4000,3.4000,68,0
D,2014-09-19,3.3000,3.3400,3.3000,3.3300,200,0
D,2014-09-18,3.3900,3.3900,3.3100,3.3600,187,0
D,2014-09-17,3.4200,3.4200,3.3900,3.3900,240,0
D,2014-09-15,3.4500,3.4500,3.4200,3.4200,338,0
D,2014-09-12,3.4500,3.4500,3.4500,3.4500,26,0
D,2014-09-11,3.4000,3.4600,3.4000,3.4500,129,0
D,2014-09-10,3.4000,3.5000,3.4000,3.5000,30,0
D,2014-09-09,3.4200,3.4800,3.4200,3.4800,97,0
D,2014-09-08,3.5200,3.5200,3.5200,3.5200,0,0
D,2014-09-05,3.4800,3.5500,3.4800,3.5200,587,0
D,2014-09-04,3.4500,3.4800,3.4400,3.4800,856,0
D,2014-09-03,3.4500,3.4800,3.4500,3.4800,270,0
D,2014-09-02,3.4600,3.4600,3.4600,3.4600,692,0
D,2014-08-29,3.3800,3.4800,3.3800,3.4600,1707,0
D,2014-08-28,3.5200,3.5200,3.4800,3.4800,254,0
D,2014-08-27,3.5000,3.5100,3.5000,3.5100,558,0
D,2014-08-26,3.5400,3.5400,3.4500,3.4500,912,0
D,2014-08-25,3.5600,3.5600,3.5300,3.5400,2086,0
D,2014-08-22,3.5600,3.5600,3.5300,3.5600,1559,0
D,2014-08-21,3.5900,3.5900,3.5500,3.5700,1148,0
D,2014-08-20,3.5200,3.5800,3.5200,3.5700,1927,0
D,2014-08-19,3.5200,3.5600,3.5000,3.5600,1543,0
D,2014-08-18,3.1000,3.5300,3.1000,3.5200,2095,0
D,2014-08-15,3.6000,3.6500,3.4400,3.5900,1852,0
D,2014-08-14,3.4000,3.6300,3.3800,3.6200,5504,0
D,2014-08-13,3.3300,3.3800,3.3100,3.3700,2306,0
D,2014-08-12,3.1400,3.4100,3.1400,3.3300,4054,0
D,2014-08-11,2.9400,3.1700,2.9400,3.1400,4862,0
D,2014-08-08,2.7300,2.9600,2.7300,2.9500,7459,0
D,2014-08-07,2.7800,2.8300,2.7300,2.7500,3694,0
D,2014-08-06,2.6300,2.6300,2.5700,2.5700,370,0
D,2014-08-05,2.5800,2.5800,2.5600,2.5700,310,0
D,2014-08-04,2.5800,2.5800,2.5700,2.5800,315,0
D,2014-08-01,2.6200,2.6200,2.6200,2.6200,0,0
D,2014-07-31,2.6200,2.6200,2.6200,2.6200,50,0
D,2014-07-30,2.6300,2.6500,2.6300,2.6500,208,0
D,2014-07-25,2.6300,2.6400,2.6200,2.6400,423,0
D,2014-07-24,2.6400,2.6500,2.6400,2.6500,270,0
D,2014-07-23,2.6200,2.6500,2.6200,2.6500,1242,0
D,2014-07-22,2.6200,2.6300,2.6200,2.6200,1550,0
D,2014-07-21,2.6100,2.6300,2.6000,2.6200,1034,0
D,2014-07-18,2.6000,2.6200,2.6000,2.6100,722,0
D,2014-07-17,2.6200,2.6300,2.6200,2.6300,210,0
D,2014-07-16,2.6100,2.6200,2.6100,2.6200,660,0
D,2014-07-14,2.6000,2.6000,2.5900,2.6000,244,0
D,2014-07-11,2.6400,2.6400,2.6000,2.6200,511,0
D,2014-07-10,2.5900,2.7000,2.5900,2.7000,193,0
D,2014-07-09,2.5900,2.6000,2.5900,2.6000,280,0
D,2014-07-08,2.6000,2.6000,2.5900,2.6000,428,0
D,2014-07-07,2.5700,2.5900,2.5700,2.5900,180,0
D,2014-07-04,2.6100,2.6100,2.5700,2.5800,600,0
D,2014-07-03,2.6300,2.6300,2.6100,2.6200,368,0
D,2014-07-02,2.5900,2.6900,2.5900,2.6900,308,0
D,2014-07-01,2.6000,2.6500,2.5600,2.6500,148,0
D,2014-06-30,2.6000,2.6000,2.5900,2.6000,41,0
D,2014-06-27,2.5700,2.5900,2.5700,2.5900,180,0
D,2014-06-26,2.5500,2.5700,2.5500,2.5700,220,0
D,2014-06-25,2.5500,2.5600,2.5400,2.5600,221,0
D,2014-06-24,2.5600,2.5600,2.5600,2.5600,470,0
D,2014-06-23,2.5600,2.5600,2.5600,2.5600,93,0
D,2014-06-20,2.5600,2.6000,2.5600,2.5600,503,0
D,2014-06-19,2.5400,2.6000,2.5400,2.6000,199,0
D,2014-06-18,2.5300,2.5300,2.5200,2.5300,210,0
D,2014-06-17,2.5300,2.5300,2.5100,2.5300,117,0
D,2014-06-16,2.5300,2.5300,2.5300,2.5300,100,0
D,2014-06-13,2.5400,2.5400,2.5400,2.5400,0,0
D,2014-06-12,2.5400,2.5400,2.5400,2.5400,0,0
D,2014-06-11,2.5300,2.5400,2.5300,2.5400,82,0
D,2014-06-10,2.5400,2.5400,2.5400,2.5400,0,0
D,2014-06-09,2.5400,2.5400,2.5400,2.5400,128,0
D,2014-06-06,2.5200,2.5300,2.5200,2.5300,283,0
D,2014-06-05,2.5100,2.5100,2.5100,2.5100,50,0
D,2014-06-04,2.5200,2.5400,2.5200,2.5200,140,0
D,2014-06-03,2.5100,2.5100,2.5100,2.5100,5,0
D,2014-06-02,2.5200,2.5200,2.5200,2.5200,0,0
D,2014-05-30,2.5500,2.5500,2.5200,2.5200,130,0
D,2014-05-29,2.5800,2.5800,2.5600,2.5600,260,0
D,2014-05-28,2.5900,2.6000,2.5500,2.6000,280,0
D,2014-05-27,2.5500,2.5600,2.5500,2.5500,185,0
D,2014-05-26,2.5500,2.6500,2.5500,2.6500,121,0
D,2014-05-23,2.5500,2.5500,2.5500,2.5500,30,0
D,2014-05-22,2.5500,2.5600,2.5400,2.5500,1366,0
D,2014-05-21,2.6900,2.6900,2.5100,2.5700,1708,0
D,2014-05-20,2.7100,2.7200,2.6800,2.6900,465,0
D,2014-05-19,2.6500,2.7400,2.6500,2.6900,945,0
D,2014-05-16,2.5400,2.6400,2.5400,2.6200,1156,0
D,2014-05-15,2.5300,2.5300,2.5300,2.5300,175,0
D,2014-05-14,2.5200,2.5300,2.5100,2.5300,830,0
D,2014-05-12,2.4700,2.5200,2.4700,2.5100,494,0
D,2014-05-09,2.4600,2.4800,2.4600,2.4800,590,0
D,2014-05-08,2.4500,2.4600,2.4500,2.4600,1845,0
D,2014-05-07,2.4500,2.4500,2.4300,2.4500,290,0
D,2014-05-06,2.4500,2.4500,2.4500,2.4500,70,0
D,2014-05-05,2.4000,2.4500,2.4000,2.4500,80,0
D,2014-05-02,2.4800,2.4800,2.4800,2.4800,0,0
D,2014-04-30,2.4600,2.4900,2.4600,2.4800,91,0
D,2014-04-29,2.5100,2.5100,2.4800,2.4800,421,0
D,2014-04-28,2.5000,2.5100,2.5000,2.5000,330,0
D,2014-04-25,2.5100,2.5200,2.5000,2.5000,330,0
D,2014-04-24,2.5200,2.5200,2.5100,2.5100,150,0
D,2014-04-23,2.5300,2.5300,2.5100,2.5100,208,0
D,2014-04-22,2.5000,2.5300,2.5000,2.5300,357,0
D,2014-04-21,2.5300,2.5500,2.5200,2.5200,80,0
D,2014-04-18,2.5300,2.5400,2.5300,2.5400,227,0
D,2014-04-17,2.5400,2.5400,2.5300,2.5400,100,0
D,2014-04-16,2.5400,2.5600,2.5400,2.5400,200,0
D,2014-04-15,2.5000,2.5400,2.5000,2.5400,155,0
D,2014-04-14,2.5300,2.5500,2.5000,2.5500,160,0
D,2014-04-11,2.5500,2.5500,2.5300,2.5300,75,0
D,2014-04-10,2.5100,2.5300,2.5100,2.5300,39,0
D,2014-04-09,2.5200,2.5200,2.5200,2.5200,12,0
D,2014-04-08,2.5900,2.5900,2.5200,2.5200,231,0
D,2014-04-07,2.5000,2.7800,2.5000,2.5800,430,0
D,2014-04-04,2.4600,2.5000,2.4600,2.5000,170,0
D,2014-04-03,2.4800,2.4800,2.4800,2.4800,150,0
D,2014-04-02,2.4700,2.5000,2.4700,2.4900,276,0
D,2014-04-01,2.5000,2.5000,2.4900,2.4900,80,0
D,2014-03-31,2.4600,2.5200,2.4600,2.5000,393,0
D,2014-03-28,2.4800,2.4900,2.4800,2.4800,152,0
D,2014-03-27,2.5000,2.5000,2.4800,2.4900,338,0
D,2014-03-26,2.4500,2.4900,2.4500,2.4800,779,0
D,2014-03-25,2.4900,2.4900,2.4500,2.4500,236,0
D,2014-03-24,2.4800,2.4900,2.4500,2.4700,310,0
D,2014-03-21,2.4600,2.4900,2.4500,2.4500,255,0
D,2014-03-20,2.4900,2.4900,2.4500,2.4600,529,0
D,2014-03-19,2.4200,2.4900,2.4200,2.4900,1106,0
D,2014-03-18,2.4500,2.4500,2.4100,2.4100,652,0
D,2014-03-17,2.3000,2.4500,2.3000,2.4500,1583,0
D,2014-03-14,2.2600,2.3200,2.2500,2.3200,1137,0
D,2014-03-13,2.2800,2.2800,2.2500,2.2500,892,0
D,2014-03-12,2.2500,2.2800,2.2500,2.2800,398,0
D,2014-03-11,2.2700,2.2700,2.2500,2.2500,148,0
D,2014-03-10,2.2300,2.2900,2.2200,2.2800,855,0
D,2014-03-07,2.2000,2.2200,2.2000,2.2200,419,0
D,2014-03-06,2.1800,2.1800,2.1800,2.1800,62,0
D,2014-03-05,2.1400,2.1800,2.1400,2.1800,309,0
D,2014-03-04,2.1600,2.1600,2.1600,2.1600,130,0
D,2014-03-03,2.1500,2.1500,2.1300,2.1500,140,0
D,2014-02-28,2.2000,2.2000,2.1300,2.1900,456,0
D,2014-02-27,2.2100,2.2200,2.2100,2.2100,200,0
D,2014-02-26,2.2600,2.2600,2.2500,2.2500,125,0
D,2014-02-25,2.2500,2.2700,2.2000,2.2700,1506,0
D,2014-02-24,2.2900,2.2900,2.2500,2.2700,1396,0
D,2014-02-21,2.2000,2.2000,2.2000,2.2000,187,0
D,2014-02-20,2.2500,2.2500,2.2000,2.2000,984,0
D,2014-02-19,2.1500,2.3300,2.1500,2.2500,3484,0
D,2014-02-18,2.1000,2.1300,2.1000,2.1200,629,0
D,2014-02-17,2.1000,2.1000,2.0900,2.0900,198,0
D,2014-02-14,2.0900,2.1100,2.0800,2.1000,208,0
D,2014-02-13,2.0900,2.0900,2.0900,2.0900,0,0
D,2014-02-12,2.0900,2.0900,2.0900,2.0900,0,0
D,2014-02-11,2.0900,2.0900,2.0900,2.0900,20,0
D,2014-02-10,2.0900,2.0900,2.0800,2.0800,435,0
D,2014-02-07,2.0800,2.0800,2.0800,2.0800,100,0
D,2014-02-06,2.0900,2.0900,2.0800,2.0900,151,0
D,2014-02-05,2.0500,2.0500,2.0500,2.0500,0,0
D,2014-02-04,2.0500,2.0500,2.0500,2.0500,40,0
D,2014-01-30,2.0500,2.0500,2.0500,2.0500,0,0
D,2014-01-29,2.0500,2.0500,2.0500,2.0500,25,0
D,2014-01-28,2.0500,2.0500,2.0500,2.0500,30,0
D,2014-01-27,2.0500,2.0600,2.0500,2.0500,104,0
D,2014-01-24,2.0600,2.0600,2.0600,2.0600,110,0
D,2014-01-23,2.0800,2.0800,2.0800,2.0800,84,0
D,2014-01-22,2.0900,2.0900,2.0800,2.0900,240,0
D,2014-01-21,2.0700,2.0900,2.0700,2.0800,170,0
D,2014-01-20,2.0700,2.0800,2.0700,2.0800,100,0
D,2014-01-16,2.0800,2.0800,2.0700,2.0800,250,0
D,2014-01-15,2.0900,2.0900,2.0800,2.0800,499,0
D,2014-01-13,2.1100,2.1100,2.0800,2.0900,361,0
D,2014-01-10,2.1100,2.1100,2.1000,2.1000,317,0
D,2014-01-09,2.1100,2.1100,2.1000,2.1100,170,0
D,2014-01-08,2.1100,2.1100,2.1100,2.1100,110,0
D,2014-01-07,2.1200,2.1200,2.1000,2.1000,640,0
D,2014-01-06,2.1000,2.1200,2.1000,2.1200,282,0
D,2014-01-03,2.1000,2.1000,2.0900,2.0900,636,0
D,2014-01-02,2.1000,2.1100,2.0900,2.1100,548,0
D,2013-12-31,2.1000,2.1000,2.0800,2.0900,803,0
D,2013-12-30,2.0700,2.1000,2.0700,2.1000,487,0
D,2013-12-27,2.0800,2.0800,2.0600,2.0600,393,0
D,2013-12-26,2.0800,2.0800,2.0800,2.0800,0,0
D,2013-12-24,2.0900,2.0900,2.0800,2.0800,88,0
D,2013-12-23,2.0900,2.1000,2.0900,2.1000,105,0
D,2013-12-20,2.1000,2.1000,2.0900,2.0900,211,0
D,2013-12-19,2.1100,2.1100,2.0900,2.0900,80,0
D,2013-12-18,2.1100,2.1400,2.1000,2.1400,124,0
D,2013-12-17,2.1500,2.1600,2.1300,2.1400,185,0
D,2013-12-16,2.1900,2.2000,2.1500,2.1500,945,0
D,2013-12-13,2.0700,2.2100,2.0700,2.1500,1748,0
D,2013-12-12,2.0500,2.0500,2.0500,2.0500,20,0
D,2013-12-11,2.0700,2.0700,2.0700,2.0700,5,0
D,2013-12-10,2.1000,2.1000,2.0600,2.0600,15,0
D,2013-12-09,2.1100,2.1100,2.0900,2.1000,105,0
D,2013-12-06,2.0800,2.0800,2.0600,2.0700,485,0
D,2013-12-05,2.0700,2.0700,2.0700,2.0700,170,0
D,2013-12-04,2.0700,2.0700,2.0700,2.0700,0,0
D,2013-12-03,2.0700,2.0700,2.0700,2.0700,40,0
D,2013-12-02,2.0700,2.0700,2.0700,2.0700,0,0
D,2013-11-29,2.0600,2.0700,2.0600,2.0700,180,0
D,2013-11-28,2.0700,2.0700,2.0600,2.0600,70,0
D,2013-11-27,2.0800,2.0800,2.0500,2.0500,110,0
D,2013-11-26,2.1200,2.1300,2.1200,2.1300,245,0
D,2013-11-25,2.1100,2.1200,2.1100,2.1200,171,0
D,2013-11-22,2.1300,2.1300,2.1000,2.1000,173,0
D,2013-11-21,2.1000,2.1000,2.1000,2.1000,160,0
D,2013-11-20,2.1200,2.1200,2.1200,2.1200,122,0
D,2013-11-19,2.1400,2.1500,2.1200,2.1200,812,0
D,2013-11-18,2.1100,2.1400,2.1100,2.1200,525,0
D,2013-11-15,2.1100,2.1800,2.1100,2.1100,232,0
D,2013-11-14,2.1100,2.1100,2.1100,2.1100,20,0
D,2013-11-13,2.0900,2.1000,2.0900,2.0900,141,0
D,2013-11-12,2.0900,2.0900,2.0900,2.0900,95,0
D,2013-11-11,2.0900,2.0900,2.0900,2.0900,0,0
D,2013-11-08,2.1000,2.1000,2.0900,2.0900,80,0
D,2013-11-07,2.0900,2.1000,2.0900,2.1000,80,0
D,2013-11-06,2.1000,2.1000,2.0900,2.0900,54,0
D,2013-11-04,2.1100,2.1100,2.1000,2.1000,90,0
D,2013-11-01,2.1000,2.1000,2.1000,2.1000,50,0
D,2013-10-31,2.1000,2.1200,2.1000,2.1000,219,0
D,2013-10-30,2.0300,2.1000,2.0300,2.1000,110,0
D,2013-10-29,2.1000,2.1000,2.0200,2.0200,80,0
D,2013-10-28,2.0000,2.1100,2.0000,2.1000,436,0
D,2013-10-25,2.0100,2.0100,2.0100,2.0100,100,0
D,2013-10-24,2.0100,2.0100,2.0000,2.0100,148,0
D,2013-10-23,2.0100,2.0100,2.0100,2.0100,0,0
D,2013-10-22,2.0100,2.0100,2.0100,2.0100,60,0
D,2013-10-21,1.9900,2.0100,1.9900,2.0100,285,0
D,2013-10-18,2.0000,2.0000,2.0000,2.0000,0,0
D,2013-10-17,2.0000,2.0000,2.0000,2.0000,40,0
D,2013-10-16,2.0000,2.0000,2.0000,2.0000,155,0
D,2013-10-14,2.0000,2.0000,2.0000,2.0000,30,0
D,2013-10-11,2.0000,2.0000,2.0000,2.0000,0,0
D,2013-10-10,2.0100,2.0100,2.0000,2.0000,110,0
D,2013-10-09,2.0400,2.0400,2.0400,2.0400,0,0
D,2013-10-08,2.0400,2.0400,2.0400,2.0400,0,0
D,2013-10-07,2.0400,2.0400,2.0400,2.0400,0,0
D,2013-10-04,2.0200,2.0400,2.0200,2.0400,57,0
D,2013-10-03,2.0100,2.0200,2.0100,2.0200,50,0
D,2013-10-02,2.0100,2.0100,1.9900,2.0000,617,0
D,2013-10-01,2.0100,2.0100,2.0100,2.0100,110,0
D,2013-09-30,2.0000,2.0100,2.0000,2.0000,332,0
D,2013-09-27,2.0100,2.0100,1.9900,1.9900,556,0
D,2013-09-26,2.0100,2.0100,2.0100,2.0100,650,0
D,2013-09-25,2.0300,2.0300,2.0000,2.0000,690,0
D,2013-09-24,2.0300,2.0300,2.0300,2.0300,432,0
D,2013-09-23,2.0300,2.0300,2.0300,2.0300,91,0
D,2013-09-20,2.0200,2.0300,2.0200,2.0300,933,0
D,2013-09-19,2.0300,2.0300,2.0300,2.0300,224,0
D,2013-09-18,2.0100,2.0300,2.0000,2.0300,307,0
D,2013-09-17,2.0100,2.0100,2.0100,2.0100,0,0
D,2013-09-13,2.0100,2.0100,2.0100,2.0100,0,0
D,2013-09-12,2.0200,2.0300,2.0100,2.0100,213,0
D,2013-09-11,2.0300,2.0500,2.0300,2.0500,50,0
D,2013-09-10,2.0000,2.0100,2.0000,2.0100,150,0
D,2013-09-09,2.0200,2.0200,2.0200,2.0200,70,0
D,2013-09-06,1.9800,2.0200,1.9800,2.0200,15,0
D,2013-09-05,2.0000,2.0000,2.0000,2.0000,0,0
D,2013-09-04,1.9800,2.0000,1.9800,2.0000,40,0
D,2013-09-03,2.0000,2.0000,2.0000,2.0000,3,0
D,2013-09-02,2.0000,2.0000,2.0000,2.0000,20,0
D,2013-08-30,2.0300,2.0300,2.0300,2.0300,20,0
D,2013-08-29,1.9800,2.0500,1.9800,2.0300,273,0
D,2013-08-28,1.9800,2.0000,1.9500,1.9500,690,0
D,2013-08-27,2.0500,2.0500,2.0000,2.0000,910,0
D,2013-08-26,2.0700,2.0800,2.0700,2.0700,805,0
D,2013-08-23,2.0300,2.0700,2.0300,2.0700,530,0
D,2013-08-22,2.0200,2.0900,2.0200,2.0900,890,0
D,2013-08-21,2.1000,2.1000,2.1000,2.1000,250,0
D,2013-08-20,2.1500,2.1500,2.1000,2.1000,460,0
D,2013-08-19,2.1700,2.1700,2.1500,2.1600,50,0
D,2013-08-16,2.1500,2.1700,2.1500,2.1700,830,0
D,2013-08-15,2.1400,2.1500,2.1400,2.1500,229,0
D,2013-08-14,2.1400,2.1600,2.1300,2.1400,450,0
D,2013-08-13,2.1100,2.1200,2.1100,2.1200,304,0
D,2013-08-12,2.1200,2.1200,2.1100,2.1100,430,0
D,2013-08-07,2.1000,2.1000,2.1000,2.1000,20,0
D,2013-08-06,2.1000,2.1000,2.1000,2.1000,50,0
D,2013-08-05,2.1000,2.1000,2.1000,2.1000,40,0
D,2013-08-02,2.1200,2.1200,2.1200,2.1200,31,0
D,2013-08-01,2.1200,2.1200,2.1200,2.1200,29,0
D,2013-07-31,2.1100,2.1300,2.1100,2.1200,526,0
D,2013-07-30,2.1300,2.1300,2.1300,2.1300,0,0
D,2013-07-29,2.1200,2.1300,2.1200,2.1300,320,0
D,2013-07-26,2.1100,2.1100,2.1100,2.1100,1000,0
D,2013-07-25,2.1300,2.1300,2.1100,2.1100,190,0
D,2013-07-24,2.1100,2.1600,2.1100,2.1600,50,0
D,2013-07-23,2.1100,2.1100,2.1100,2.1100,70,0
D,2013-07-22,2.1300,2.1400,2.1200,2.1200,367,0
D,2013-07-19,2.1300,2.1500,2.1300,2.1400,528,0
D,2013-07-18,2.1200,2.1200,2.1200,2.1200,20,0
D,2013-07-17,2.1200,2.1600,2.1200,2.1200,88,0
D,2013-07-16,2.1100,2.1200,2.1100,2.1100,390,0
D,2013-07-15,2.1100,2.1200,2.1000,2.1200,205,0
D,2013-07-12,2.1000,2.1000,2.1000,2.1000,0,0
D,2013-07-11,2.1000,2.1000,2.1000,2.1000,0,0
D,2013-07-10,2.1000,2.1100,2.1000,2.1000,353,0
D,2013-07-09,2.1100,2.1100,2.1000,2.1100,105,0
D,2013-07-08,2.1000,2.1100,2.1000,2.1100,975,0
D,2013-07-05,2.1000,2.1000,2.1000,2.1000,195,0
D,2013-07-04,2.0800,2.0800,2.0800,2.0800,70,0
D,2013-07-03,2.0800,2.0800,2.0800,2.0800,210,0
D,2013-07-02,2.1300,2.1300,2.0800,2.0800,1168,0
D,2013-07-01,2.1400,2.1600,2.1400,2.1400,80,0
D,2013-06-28,2.1600,2.1600,2.1500,2.1500,150,0
D,2013-06-27,2.0900,2.1300,2.0900,2.1000,261,0
D,2013-06-26,2.1300,2.1300,2.0800,2.0900,100,0
D,2013-06-25,2.1500,2.1500,2.1000,2.1000,390,0
D,2013-06-24,2.1600,2.1600,2.1500,2.1500,670,0
D,2013-06-21,2.1500,2.1600,2.1500,2.1600,634,0
D,2013-06-20,2.1800,2.1800,2.1800,2.1800,0,0
D,2013-06-19,2.1700,2.2000,2.1700,2.1800,595,0
D,2013-06-18,2.1800,2.1800,2.1800,2.1800,0,0
D,2013-06-17,2.1500,2.1800,2.1500,2.1800,850,0
D,2013-06-14,2.1400,2.1600,2.1400,2.1500,343,0
D,2013-06-13,2.1400,2.1500,2.1300,2.1400,1000,0
D,2013-06-12,2.1500,2.1500,2.1500,2.1500,110,0
D,2013-06-11,2.1500,2.1600,2.1400,2.1500,465,0
D,2013-06-10,2.1400,2.1500,2.1400,2.1500,250,0
D,2013-06-07,2.1100,2.1100,2.0800,2.0800,1300,0
D,2013-06-06,2.1300,2.1300,2.1000,2.1000,1082,0
D,2013-06-05,2.1500,2.1500,2.1400,2.1400,474,0
D,2013-06-04,2.1600,2.1600,2.1500,2.1500,3995,0
D,2013-06-03,2.1500,2.1700,2.1400,2.1400,1680,0
D,2013-05-31,2.1100,2.1600,2.1100,2.1500,246,0
D,2013-05-30,2.1500,2.1600,2.1500,2.1500,713,0
D,2013-05-29,2.1600,2.1800,2.1500,2.1600,888,0
D,2013-05-28,2.1500,2.1600,2.1500,2.1600,368,0
D,2013-05-27,2.1300,2.1500,2.1300,2.1400,750,0
D,2013-05-23,2.1200,2.1600,2.1200,2.1400,938,0
D,2013-05-22,2.1100,2.1200,2.1000,2.1200,516,0
D,2013-05-21,2.1100,2.1200,2.0900,2.1000,1188,0
D,2013-05-20,2.1000,2.1300,2.0900,2.0900,2980,0
D,2013-05-17,2.1000,2.1000,2.0600,2.1000,1948,0
D,2013-05-16,2.1400,2.1400,2.0600,2.0700,2840,0
D,2013-05-15,2.2000,2.2000,2.1300,2.1400,1437,0
D,2013-05-14,2.2900,2.2900,2.2000,2.2200,3694,0
D,2013-05-13,2.2300,2.4000,2.2300,2.3900,2010,0
D,2013-05-10,2.2100,2.2300,2.2000,2.2300,392,0
D,2013-05-09,2.2500,2.2500,2.2000,2.2100,70,0
D,2013-05-08,2.2600,2.2600,2.2600,2.2600,0,0
D,2013-05-07,2.2700,2.2700,2.2600,2.2600,20,0
D,2013-05-06,2.1500,2.1800,2.1500,2.1800,30,0
D,2013-05-03,2.0400,2.1300,2.0400,2.1300,121,0
D,2013-05-02,2.1400,2.1500,2.1300,2.1500,1423,0
D,2013-04-30,2.1400,2.1500,2.1400,2.1400,400,0
D,2013-04-29,2.1400,2.1400,2.1400,2.1400,690,0
D,2013-04-26,2.1500,2.1500,2.1400,2.1400,243,0
D,2013-04-25,2.1400,2.1500,2.1300,2.1500,410,0
D,2013-04-24,2.1500,2.1600,2.1400,2.1500,630,0
D,2013-04-23,2.1500,2.1500,2.1400,2.1400,350,0
D,2013-04-22,2.1500,2.1500,2.1500,2.1500,210,0
D,2013-04-19,2.1400,2.1500,2.1000,2.1500,468,0
D,2013-04-18,2.1300,2.1500,2.1300,2.1500,620,0
D,2013-04-17,2.1300,2.1500,2.0900,2.1200,150,0
D,2013-04-16,2.1500,2.1500,2.1000,2.1300,258,0
D,2013-04-15,2.1000,2.1500,2.1000,2.1300,615,0
D,2013-04-12,2.0900,2.1200,2.0900,2.1200,1297,0
D,2013-04-11,2.0500,2.0900,2.0500,2.0900,260,0
D,2013-04-10,2.0500,2.0500,2.0500,2.0500,260,0
D,2013-04-09,2.0500,2.0500,2.0500,2.0500,1910,0
D,2013-04-08,2.0500,2.0500,2.0500,2.0500,760,0
D,2013-04-05,2.0400,2.0500,2.0400,2.0500,580,0
D,2013-04-04,2.0300,2.0400,2.0300,2.0400,98,0
D,2013-04-03,2.0300,2.0300,2.0200,2.0300,80,0
D,2013-04-02,2.0300,2.0500,2.0300,2.0400,370,0
D,2013-04-01,2.0400,2.0400,2.0300,2.0300,230,0
D,2013-03-29,2.0300,2.0400,2.0300,2.0300,986,0
D,2013-03-28,2.0300,2.0300,2.0300,2.0300,400,0
D,2013-03-27,2.0500,2.0500,2.0300,2.0300,151,0
D,2013-03-26,2.0300,2.0400,2.0300,2.0400,50,0
D,2013-03-25,2.0100,2.0500,2.0100,2.0500,741,0
D,2013-03-22,2.0200,2.0300,2.0200,2.0300,205,0
D,2013-03-21,2.0300,2.0300,2.0300,2.0300,110,0
D,2013-03-20,2.0200,2.0200,2.0200,2.0200,250,0
D,2013-03-19,2.0000,2.0000,2.0000,2.0000,14,0
D,2013-03-18,2.0100,2.0100,2.0100,2.0100,150,0
D,2013-03-15,2.0000,2.0300,2.0000,2.0300,520,0
D,2013-03-14,2.0200,2.0200,2.0100,2.0100,430,0
D,2013-03-13,2.0200,2.0300,2.0200,2.0200,361,0
D,2013-03-12,2.0300,2.0400,2.0300,2.0300,476,0
D,2013-03-11,2.0300,2.0300,2.0100,2.0300,180,0
D,2013-03-08,2.0400,2.0400,2.0300,2.0400,218,0
D,2013-03-07,2.0400,2.0400,2.0100,2.0300,500,0
D,2013-03-06,2.0400,2.0400,2.0400,2.0400,220,0
D,2013-03-05,2.0500,2.0500,2.0400,2.0400,130,0
D,2013-03-04,2.0300,2.0300,2.0300,2.0300,100,0
D,2013-03-01,2.0200,2.0300,2.0200,2.0300,597,0
D,2013-02-28,2.0200,2.0200,2.0000,2.0100,315,0
D,2013-02-27,2.0300,2.0300,2.0200,2.0200,392,0
D,2013-02-26,2.0200,2.0200,2.0200,2.0200,230,0
D,2013-02-25,2.0200,2.0300,2.0200,2.0200,765,0
D,2013-02-22,2.0300,2.0300,2.0100,2.0200,1256,0
D,2013-02-21,2.0300,2.0300,2.0300,2.0300,93,0
D,2013-02-20,2.0300,2.0300,2.0200,2.0200,400,0
D,2013-02-19,2.0100,2.0100,2.0100,2.0100,40,0
D,2013-02-18,2.0000,2.0100,2.0000,2.0000,150,0
D,2013-02-15,2.0500,2.0500,2.0500,2.0500,91,0
D,2013-02-14,2.0400,2.0500,2.0400,2.0500,219,0
D,2013-02-13,1.9900,2.0400,1.9900,2.0400,46,0
D,2013-02-08,2.0300,2.0300,2.0300,2.0300,30,0
D,2013-02-07,2.0000,2.0200,2.0000,2.0200,150,0
D,2013-02-06,2.0300,2.0300,2.0100,2.0100,810,0
D,2013-02-05,2.0200,2.0300,2.0200,2.0300,145,0
D,2013-02-04,2.0100,2.0100,2.0100,2.0100,250,0
D,2013-01-31,2.0100,2.0100,2.0100,2.0100,52,0
D,2013-01-30,2.0200,2.0300,2.0200,2.0300,128,0
D,2013-01-29,2.0500,2.0600,2.0200,2.0400,336,0
D,2013-01-25,2.0300,2.0400,2.0300,2.0400,328,0
D,2013-01-23,2.0200,2.0200,2.0100,2.0100,385,0
D,2013-01-22,2.0000,2.0200,2.0000,2.0200,119,0
D,2013-01-21,2.0400,2.0400,2.0000,2.0200,532,0
D,2013-01-18,2.0500,2.0500,2.0300,2.0400,170,0
D,2013-01-17,2.0400,2.0500,2.0400,2.0500,193,0
D,2013-01-16,2.0500,2.0500,2.0500,2.0500,30,0
D,2013-01-15,2.0400,2.0500,2.0400,2.0500,359,0
D,2013-01-14,2.0400,2.0400,2.0400,2.0400,85,0
D,2013-01-11,2.0200,2.0400,2.0200,2.0400,393,0
D,2013-01-10,2.0200,2.0200,2.0200,2.0200,135,0
D,2013-01-09,2.0300,2.0300,2.0300,2.0300,30,0
D,2013-01-08,2.0200,2.0200,2.0200,2.0200,150,0
D,2013-01-07,2.0400,2.0400,2.0200,2.0200,280,0
D,2013-01-04,2.0500,2.0500,2.0500,2.0500,20,0
D,2013-01-03,2.0100,2.0300,2.0100,2.0300,100,0
D,2013-01-02,2.0000,2.0300,2.0000,2.0100,250,0
D,2012-12-31,2.0000,2.0000,2.0000,2.0000,50,0
D,2012-12-28,2.0200,2.0200,2.0200,2.0200,90,0
D,2012-12-27,2.0000,2.0000,1.9900,1.9900,156,0
D,2012-12-26,2.0000,2.0000,2.0000,2.0000,95,0
D,2012-12-24,1.9800,2.0200,1.9800,2.0000,163,0
D,2012-12-21,1.9800,1.9800,1.9800,1.9800,170,0
D,2012-12-20,1.9700,1.9700,1.9700,1.9700,165,0
D,2012-12-19,1.9700,1.9700,1.9700,1.9700,50,0
D,2012-12-18,1.9800,1.9800,1.9600,1.9800,120,0
D,2012-12-17,2.0200,2.0200,1.9800,1.9800,56,0
D,2012-12-14,1.9700,1.9700,1.9600,1.9600,20,0
D,2012-12-13,2.0000,2.0000,2.0000,2.0000,150,0
D,2012-12-12,2.0200,2.0200,2.0200,2.0200,0,0
D,2012-12-11,2.0200,2.0200,2.0100,2.0200,175,0
D,2012-12-10,2.0000,2.0200,2.0000,2.0200,970,0
D,2012-12-07,2.0300,2.0300,2.0300,2.0300,0,0
D,2012-12-06,1.9700,2.0300,1.9700,2.0300,132,0
D,2012-12-05,1.9600,1.9800,1.9600,1.9800,78,0
D,2012-12-04,2.0300,2.0400,2.0300,2.0300,250,0
D,2012-12-03,2.0300,2.0300,2.0300,2.0300,20,0
D,2012-11-30,2.0500,2.0500,2.0300,2.0500,140,0
D,2012-11-29,2.0500,2.0600,2.0500,2.0500,230,0
D,2012-11-28,2.0300,2.0500,2.0300,2.0300,190,0
D,2012-11-27,2.0500,2.0500,2.0200,2.0500,93,0
D,2012-11-26,2.0600,2.0600,2.0600,2.0600,0,0
D,2012-11-23,2.0000,2.0600,2.0000,2.0600,1697,0
D,2012-11-22,2.0000,2.0100,2.0000,2.0000,355,0
D,2012-11-21,2.0000,2.0000,2.0000,2.0000,130,0
D,2012-11-20,1.9800,1.9800,1.9800,1.9800,10,0
D,2012-11-19,1.9800,2.0000,1.9800,2.0000,58,0
D,2012-11-16,1.9900,1.9900,1.9900,1.9900,110,0
D,2012-11-14,1.9900,2.0000,1.9900,2.0000,180,0
D,2012-11-12,2.0000,2.0000,1.9900,1.9900,197,0
D,2012-11-09,2.0000,2.0000,2.0000,2.0000,90,0
D,2012-11-08,1.9800,2.0100,1.9800,2.0000,692,0
D,2012-11-07,1.9900,1.9900,1.9900,1.9900,69,0
D,2012-11-06,1.9800,1.9900,1.9800,1.9900,60,0
D,2012-11-05,1.9800,2.0000,1.9700,2.0000,280,0
D,2012-11-02,1.9600,1.9600,1.9600,1.9600,150,0
D,2012-11-01,1.9600,1.9700,1.9600,1.9600,178,0
D,2012-10-31,1.9600,1.9700,1.9500,1.9600,412,0
D,2012-10-30,1.9800,1.9800,1.9700,1.9700,270,0
D,2012-10-29,1.9800,1.9800,1.9800,1.9800,168,0
D,2012-10-25,1.9900,1.9900,1.9800,1.9800,160,0
D,2012-10-24,1.9600,1.9900,1.9600,1.9900,51,0
D,2012-10-23,1.9500,1.9500,1.9400,1.9500,404,0
D,2012-10-22,1.9500,1.9700,1.9500,1.9500,320,0
D,2012-10-19,1.9900,1.9900,1.9500,1.9500,291,0
D,2012-10-18,1.9900,1.9900,1.9800,1.9900,120,0
D,2012-10-17,1.9600,1.9900,1.9600,1.9800,507,0
D,2012-10-16,1.9500,1.9500,1.9500,1.9500,85,0
D,2012-10-15,1.9700,1.9700,1.9500,1.9500,330,0
D,2012-10-12,1.9600,1.9600,1.9400,1.9500,220,0
D,2012-10-11,1.9800,1.9800,1.9600,1.9600,333,0
D,2012-10-10,1.9900,1.9900,1.9800,1.9900,255,0
D,2012-10-09,2.0000,2.0000,1.9700,1.9700,790,0
D,2012-10-08,2.0000,2.0100,2.0000,2.0000,195,0
D,2012-10-05,2.0400,2.0400,2.0100,2.0100,70,0
D,2012-10-04,2.0300,2.0300,2.0200,2.0300,81,0
D,2012-10-03,2.0200,2.0200,2.0200,2.0200,200,0
D,2012-05-03,2.1500,2.1900,2.1500,2.1700,1045,0
D,2012-05-02,2.1300,2.1500,2.1200,2.1500,1360,0
