D,2014-10-14,0.1850,0.2150,0.1800,0.1850,20473,0
D,2014-10-13,0.2200,0.2200,0.2200,0.2200,0,0
D,2014-10-10,0.2200,0.2200,0.2200,0.2200,0,0
D,2014-10-09,0.2150,0.2200,0.2150,0.2200,350,0
D,2014-10-08,0.2150,0.2150,0.1900,0.2100,836,0
D,2014-10-07,0.2250,0.2250,0.2200,0.2200,1120,0
D,2014-10-03,0.2250,0.2250,0.2250,0.2250,0,0
D,2014-10-02,0.2350,0.2350,0.2250,0.2250,2600,0
D,2014-10-01,0.2300,0.2300,0.2300,0.2300,550,0
D,2014-09-30,0.2350,0.2350,0.2250,0.2250,610,0
D,2014-09-29,0.2350,0.2400,0.2350,0.2400,2408,0
D,2014-09-26,0.2400,0.2400,0.2400,0.2400,0,0
D,2014-09-25,0.2400,0.2400,0.2400,0.2400,2090,0
D,2014-09-24,0.2350,0.2350,0.2300,0.2300,726,0
D,2014-09-23,0.2400,0.2400,0.2300,0.2300,3100,0
D,2014-09-22,0.2450,0.2450,0.2300,0.2450,2267,0
D,2014-09-19,0.2400,0.2450,0.2400,0.2400,3121,0
D,2014-09-18,0.2350,0.2350,0.2350,0.2350,334,0
D,2014-09-17,0.2450,0.2450,0.2350,0.2350,3716,0
D,2014-09-15,0.2450,0.2550,0.2300,0.2450,2636,0
D,2014-09-12,0.2400,0.2400,0.2350,0.2350,1910,0
D,2014-09-11,0.2200,0.2450,0.2200,0.2450,5700,0
D,2014-09-10,0.2300,0.2300,0.2250,0.2250,510,0
D,2014-09-09,0.2300,0.2300,0.2300,0.2300,0,0
D,2014-09-08,0.2300,0.2300,0.2300,0.2300,200,0
D,2014-09-05,0.2350,0.2400,0.2300,0.2400,7030,0
D,2014-09-04,0.2350,0.2400,0.2350,0.2400,210,0
D,2014-09-03,0.2300,0.2350,0.2300,0.2300,400,0
D,2014-09-02,0.2350,0.2400,0.2300,0.2400,4800,0
D,2014-08-29,0.2200,0.2350,0.2200,0.2350,4656,0
D,2014-08-28,0.2250,0.2300,0.2200,0.2300,860,0
D,2014-08-27,0.2350,0.2350,0.2300,0.2300,2460,0
D,2014-08-26,0.2350,0.2400,0.2300,0.2350,8025,0
D,2014-08-25,0.2450,0.2550,0.2400,0.2400,15150,0
D,2014-08-22,0.2350,0.2500,0.2350,0.2450,10939,0
D,2014-08-21,0.2400,0.2400,0.2250,0.2300,5337,0
D,2014-08-20,0.2400,0.2550,0.2350,0.2350,23657,0
D,2014-08-19,0.2400,0.2400,0.2350,0.2350,1590,0
D,2014-08-18,0.2400,0.2400,0.2350,0.2350,2980,0
D,2014-08-15,0.2450,0.2450,0.2400,0.2400,7272,0
D,2014-08-14,0.2350,0.2450,0.2350,0.2450,8762,0
D,2014-08-13,0.2300,0.2300,0.2300,0.2300,2300,0
D,2014-08-12,0.2200,0.2200,0.2200,0.2200,400,0
D,2014-08-11,0.2200,0.2200,0.2150,0.2200,2884,0
D,2014-08-08,0.2250,0.2250,0.2150,0.2150,2900,0
D,2014-08-07,0.2150,0.2250,0.2100,0.2250,3602,0
D,2014-08-06,0.2200,0.2200,0.2150,0.2150,300,0
D,2014-08-05,0.2200,0.2250,0.2200,0.2200,1130,0
D,2014-08-04,0.2300,0.2300,0.2200,0.2300,4691,0
D,2014-08-01,0.2300,0.2300,0.2300,0.2300,700,0
D,2014-07-31,0.2300,0.2300,0.2250,0.2250,1200,0
D,2014-07-30,0.2300,0.2350,0.2300,0.2300,1600,0
D,2014-07-25,0.2300,0.2350,0.2300,0.2350,1400,0
D,2014-07-24,0.2300,0.2300,0.2200,0.2200,1650,0
D,2014-07-23,0.2200,0.2300,0.2200,0.2300,787,0
D,2014-07-22,0.2150,0.2200,0.2150,0.2200,1891,0
D,2014-07-21,0.2100,0.2150,0.2100,0.2150,503,0
D,2014-07-18,0.2250,0.2250,0.2200,0.2200,970,0
D,2014-07-17,0.2300,0.2300,0.2300,0.2300,1222,0
D,2014-07-16,0.2300,0.2300,0.2250,0.2250,2128,0
D,2014-07-14,0.2350,0.2350,0.2350,0.2350,0,0
D,2014-07-11,0.2100,0.2350,0.2100,0.2350,825,0
D,2014-07-10,0.2150,0.2150,0.2100,0.2100,2800,0
D,2014-07-09,0.2200,0.2200,0.2200,0.2200,0,0
D,2014-07-08,0.2200,0.2200,0.2200,0.2200,100,0
D,2014-07-07,0.2300,0.2300,0.2250,0.2250,2905,0
D,2014-07-04,0.2250,0.2250,0.2250,0.2250,2600,0
D,2014-07-03,0.2350,0.2350,0.2200,0.2250,2950,0
D,2014-07-02,0.2300,0.2300,0.2250,0.2250,1960,0
D,2014-07-01,0.2250,0.2300,0.2250,0.2300,400,0
D,2014-06-30,0.2150,0.2300,0.2150,0.2250,2452,0
D,2014-06-27,0.2250,0.2250,0.2250,0.2250,1300,0
D,2014-06-26,0.2300,0.2300,0.2250,0.2250,1200,0
D,2014-06-25,0.2350,0.2350,0.2300,0.2350,2328,0
D,2014-06-24,0.2250,0.2300,0.2250,0.2300,2210,0
D,2014-06-23,0.2200,0.2400,0.2200,0.2350,3150,0
D,2014-06-20,0.2300,0.2300,0.2250,0.2250,1372,0
D,2014-06-19,0.2300,0.2350,0.2300,0.2350,3562,0
D,2014-06-18,0.2300,0.2300,0.2250,0.2250,3894,0
D,2014-06-17,0.2350,0.2350,0.2300,0.2350,4020,0
D,2014-06-16,0.2350,0.2350,0.2350,0.2350,0,0
D,2014-06-13,0.2350,0.2350,0.2350,0.2350,1350,0
D,2014-06-12,0.2350,0.2400,0.2350,0.2400,2090,0
D,2014-06-11,0.2350,0.2400,0.2300,0.2350,10798,0
D,2014-06-10,0.2200,0.2300,0.2200,0.2300,2085,0
D,2014-06-09,0.2050,0.2200,0.2050,0.2200,910,0
D,2014-06-06,0.2050,0.2100,0.2050,0.2100,1350,0
D,2014-06-05,0.2000,0.2000,0.1950,0.2000,2239,0
D,2014-06-04,0.2000,0.2050,0.2000,0.2050,550,0
D,2014-06-03,0.1950,0.2000,0.1950,0.2000,320,0
D,2014-06-02,0.2000,0.2000,0.2000,0.2000,40,0
D,2014-05-30,0.2000,0.2000,0.2000,0.2000,250,0
D,2014-05-29,0.1950,0.1950,0.1950,0.1950,0,0
D,2014-05-28,0.1950,0.1950,0.1950,0.1950,0,0
D,2014-05-27,0.1950,0.1950,0.1950,0.1950,2300,0
D,2014-05-26,0.2100,0.2100,0.1900,0.1900,350,0
D,2014-05-23,0.1950,0.1950,0.1950,0.1950,300,0
D,2014-05-22,0.1950,0.2000,0.1850,0.1950,617,0
D,2014-05-21,0.2000,0.2000,0.1950,0.1950,969,0
D,2014-05-20,0.2100,0.2100,0.2000,0.2000,1300,0
D,2014-05-19,0.2150,0.2150,0.2150,0.2150,225,0
D,2014-05-16,0.2100,0.2150,0.2100,0.2150,1430,0
D,2014-05-15,0.2300,0.2450,0.2100,0.2100,16384,0
D,2014-05-14,0.2000,0.2200,0.2000,0.2200,8004,0
D,2014-05-12,0.1950,0.2050,0.1950,0.2050,621,0
D,2014-05-09,0.1850,0.1900,0.1850,0.1900,4804,0
D,2014-05-08,0.1850,0.1850,0.1800,0.1800,2957,0
D,2014-05-07,0.1900,0.1900,0.1900,0.1900,600,0
D,2014-05-06,0.1950,0.1950,0.1950,0.1950,40,0
D,2014-05-05,0.1850,0.2150,0.1850,0.2150,72,0
D,2014-05-02,0.2100,0.2100,0.2100,0.2100,200,0
D,2014-04-30,0.2100,0.2100,0.2100,0.2100,296,0
D,2014-04-29,0.2100,0.2200,0.2100,0.2200,400,0
D,2014-04-28,0.2200,0.2200,0.2200,0.2200,300,0
D,2014-04-25,0.2250,0.2300,0.2200,0.2300,2280,0
D,2014-04-24,0.2350,0.2350,0.2250,0.2300,3183,0
D,2014-04-23,0.2350,0.2400,0.2350,0.2400,1700,0
D,2014-04-22,0.2350,0.2400,0.2350,0.2400,1339,0
D,2014-04-21,0.2350,0.2350,0.2350,0.2350,4056,0
D,2014-04-18,0.2350,0.2450,0.2350,0.2350,3925,0
D,2014-04-17,0.2350,0.2350,0.2350,0.2350,480,0
D,2014-04-16,0.2400,0.2400,0.2350,0.2400,1800,0
D,2014-04-15,0.2400,0.2450,0.2400,0.2400,5226,0
D,2014-04-14,0.2400,0.2400,0.2400,0.2400,2570,0
D,2014-04-11,0.2450,0.2550,0.2400,0.2450,4744,0
D,2014-04-10,0.2500,0.2500,0.2450,0.2500,1800,0
D,2014-04-09,0.2500,0.2550,0.2450,0.2550,4900,0
D,2014-04-08,0.2500,0.2550,0.2400,0.2550,3730,0
D,2014-04-07,0.2500,0.2550,0.2500,0.2550,2562,0
D,2014-04-04,0.2550,0.2600,0.2550,0.2600,4400,0
D,2014-04-03,0.2600,0.2600,0.2550,0.2600,4800,0
D,2014-04-02,0.2600,0.2600,0.2550,0.2600,2520,0
D,2014-04-01,0.2600,0.2600,0.2550,0.2600,3730,0
D,2014-03-31,0.2550,0.2650,0.2550,0.2650,3600,0
D,2014-03-28,0.2650,0.2650,0.2550,0.2650,4000,0
D,2014-03-27,0.2600,0.2650,0.2600,0.2650,1910,0
D,2014-03-26,0.2550,0.2650,0.2550,0.2650,9854,0
D,2014-03-25,0.2550,0.2650,0.2500,0.2550,12490,0
D,2014-03-24,0.2500,0.2500,0.2500,0.2500,2550,0
D,2014-03-21,0.2500,0.2500,0.2500,0.2500,2000,0
D,2014-03-20,0.2550,0.2550,0.2500,0.2500,2452,0
D,2014-03-19,0.2650,0.2650,0.2600,0.2600,4303,0
D,2014-03-18,0.2650,0.2700,0.2600,0.2700,4016,0
D,2014-03-17,0.2600,0.2750,0.2600,0.2700,5590,0
D,2014-03-14,0.2700,0.2700,0.2650,0.2650,3140,0
D,2014-03-13,0.2700,0.2850,0.2650,0.2750,11123,0
D,2014-03-12,0.2600,0.2700,0.2500,0.2700,12355,0
D,2014-03-11,0.2700,0.2700,0.2600,0.2650,4273,0
D,2014-03-10,0.2750,0.2750,0.2650,0.2750,1968,0
D,2014-03-07,0.2850,0.2850,0.2750,0.2800,4800,0
D,2014-03-06,0.2850,0.2900,0.2750,0.2900,4850,0
D,2014-03-05,0.2850,0.2850,0.2650,0.2850,5232,0
D,2014-03-04,0.2750,0.2800,0.2650,0.2800,1955,0
D,2014-03-03,0.2850,0.2850,0.2750,0.2800,5209,0
D,2014-02-28,0.2700,0.3000,0.2700,0.2900,3824,0
D,2014-02-27,0.2950,0.2950,0.2750,0.2850,5439,0
D,2014-02-26,0.3000,0.3000,0.2900,0.2950,8694,0
D,2014-02-25,0.3050,0.3150,0.3000,0.3050,8564,0
D,2014-02-24,0.3250,0.3250,0.3050,0.3050,6133,0
D,2014-02-21,0.3200,0.3250,0.3100,0.3250,12641,0
D,2014-02-20,0.3250,0.3300,0.3150,0.3250,9115,0
D,2014-02-19,0.3200,0.3450,0.3200,0.3350,12866,0
D,2014-02-18,0.3250,0.3450,0.3200,0.3250,6499,0
D,2014-02-17,0.3350,0.3350,0.3250,0.3250,3560,0
D,2014-02-14,0.3300,0.3500,0.3000,0.3500,4308,0
D,2014-02-13,0.3300,0.3350,0.3250,0.3300,1847,0
D,2014-02-12,0.3250,0.3500,0.3200,0.3500,1968,0
D,2014-02-11,0.3900,0.3900,0.3100,0.3550,3895,0
D,2014-02-11,0.3900,0.3900,0.3100,0.3550,3895,0
D,2014-02-10,0.4550,0.4650,0.4450,0.4550,15757,0
D,2014-02-07,0.4600,0.4650,0.4400,0.4550,6770,0
D,2014-02-06,0.4500,0.4550,0.4300,0.4550,7802,0
D,2014-02-05,0.4250,0.4450,0.4200,0.4400,8545,0
D,2014-02-04,0.4200,0.4300,0.4100,0.4250,4255,0
D,2014-01-30,0.4300,0.4400,0.4250,0.4400,450,0
D,2014-01-29,0.4450,0.4500,0.4300,0.4400,6423,0
D,2014-01-28,0.4400,0.4550,0.4300,0.4500,5873,0
D,2014-01-27,0.4800,0.4800,0.4500,0.4500,4360,0
D,2014-01-24,0.4900,0.4900,0.4700,0.4850,4530,0
D,2014-01-23,0.4750,0.4850,0.4700,0.4850,5043,0
D,2014-01-22,0.4900,0.4900,0.4800,0.4800,1400,0
D,2014-01-21,0.4700,0.4850,0.4700,0.4800,5495,0
D,2014-01-20,0.4750,0.4800,0.4750,0.4750,4370,0
D,2014-01-16,0.4700,0.4750,0.4600,0.4600,2950,0
D,2014-01-15,0.4750,0.4750,0.4700,0.4750,2405,0
D,2014-01-13,0.4800,0.4800,0.4750,0.4750,5250,0
D,2014-01-10,0.4850,0.4900,0.4700,0.4850,3867,0
D,2014-01-09,0.4850,0.4950,0.4800,0.4900,4730,0
D,2014-01-08,0.4750,0.4800,0.4750,0.4800,2240,0
D,2014-01-07,0.4650,0.4800,0.4600,0.4700,8829,0
D,2014-01-06,0.4300,0.4500,0.4300,0.4500,5081,0
D,2014-01-03,0.4450,0.4450,0.4300,0.4400,4614,0
D,2014-01-02,0.4200,0.4400,0.4200,0.4400,7243,0
D,2013-12-31,0.4100,0.4250,0.4100,0.4250,2224,0
D,2013-12-30,0.4200,0.4250,0.4050,0.4250,5212,0
D,2013-12-27,0.4400,0.4400,0.4100,0.4300,4284,0
D,2013-12-26,0.4250,0.4450,0.4250,0.4250,6100,0
D,2013-12-24,0.4150,0.4250,0.4000,0.4250,4439,0
D,2013-12-23,0.4000,0.4400,0.4000,0.4150,6259,0
D,2013-12-20,0.3800,0.3950,0.3750,0.3900,6185,0
D,2013-12-19,0.3800,0.3900,0.3750,0.3850,5790,0
D,2013-12-18,0.3550,0.3700,0.3500,0.3700,3730,0
D,2013-12-17,0.3600,0.3600,0.3450,0.3600,1935,0
D,2013-12-16,0.3550,0.3700,0.3450,0.3550,4761,0
D,2013-12-13,0.3500,0.3550,0.3450,0.3500,2205,0
D,2013-12-12,0.3500,0.3500,0.3400,0.3400,1750,0
D,2013-12-11,0.3500,0.3650,0.3500,0.3500,4450,0
D,2013-12-10,0.3400,0.3500,0.3400,0.3450,2650,0
D,2013-12-09,0.3450,0.3450,0.3450,0.3450,300,0
D,2013-12-06,0.3150,0.3350,0.3150,0.3250,750,0
D,2013-12-05,0.3300,0.3400,0.3100,0.3400,3031,0
D,2013-12-04,0.3350,0.3350,0.3300,0.3350,1858,0
D,2013-12-03,0.3350,0.3450,0.3350,0.3450,1517,0
D,2013-12-02,0.3600,0.3600,0.3300,0.3350,2417,0
D,2013-11-29,0.3150,0.3250,0.3100,0.3250,464,0
D,2013-11-28,0.3400,0.3400,0.3150,0.3200,1785,0
D,2013-11-27,0.3400,0.3400,0.3150,0.3300,1767,0
D,2013-11-26,0.3300,0.3300,0.3050,0.3250,110,0
D,2013-11-25,0.3050,0.3150,0.3050,0.3150,199,0
D,2013-11-22,0.3000,0.3100,0.3000,0.3000,735,0
D,2013-11-21,0.3000,0.3300,0.3000,0.3100,462,0
D,2013-11-20,0.3100,0.3100,0.2950,0.3050,1018,0
D,2013-11-19,0.2750,0.3250,0.2750,0.2950,647,0
D,2013-11-18,0.3200,0.3200,0.2900,0.2900,1085,0
D,2013-11-15,0.3000,0.3050,0.3000,0.3050,74,0
D,2013-11-14,0.3000,0.3050,0.2900,0.2950,2530,0
D,2013-11-13,0.3000,0.3300,0.3000,0.3250,3986,0
D,2013-11-12,0.3000,0.3200,0.3000,0.3200,1801,0
D,2013-11-11,0.2800,0.3000,0.2800,0.3000,1141,0
D,2013-11-08,0.2900,0.2900,0.2900,0.2900,0,0
D,2013-11-07,0.2900,0.2900,0.2900,0.2900,0,0
D,2013-11-06,0.2900,0.2900,0.2900,0.2900,0,0
D,2013-11-04,0.2900,0.2900,0.2900,0.2900,0,0
D,2013-11-01,0.2900,0.2900,0.2900,0.2900,0,0
D,2013-10-31,0.2900,0.2900,0.2900,0.2900,0,0
D,2013-10-30,0.2900,0.2900,0.2900,0.2900,0,0
D,2013-10-29,0.2900,0.2900,0.2900,0.2900,0,0
D,2013-10-28,0.2900,0.2900,0.2900,0.2900,0,0
D,2013-10-25,0.2500,0.2900,0.2500,0.2900,326,0
D,2013-10-24,0.2500,0.2500,0.2500,0.2500,45,0
D,2013-10-23,0.2900,0.2900,0.2900,0.2900,0,0
D,2013-10-22,0.2900,0.2900,0.2900,0.2900,0,0
D,2013-10-21,0.2900,0.2900,0.2900,0.2900,0,0
D,2013-10-18,0.2900,0.2900,0.2900,0.2900,0,0
D,2013-10-17,0.2900,0.2900,0.2900,0.2900,0,0
D,2013-10-16,0.2500,0.3000,0.2500,0.2900,150,0
D,2013-10-14,0.3000,0.3000,0.3000,0.3000,1,0
D,2013-10-11,0.2900,0.2900,0.2900,0.2900,0,0
D,2013-10-10,0.2900,0.2900,0.2900,0.2900,0,0
D,2013-10-09,0.2500,0.2900,0.2500,0.2900,75,0
D,2013-10-08,0.2450,0.2850,0.2450,0.2850,1260,0
D,2013-10-07,0.2550,0.2950,0.2450,0.2850,126,0
D,2013-10-04,0.2350,0.2350,0.2350,0.2350,200,0
D,2013-10-03,0.2900,0.2900,0.2900,0.2900,1,0
D,2013-10-02,0.2850,0.2850,0.2850,0.2850,0,0
D,2013-10-01,0.2800,0.2850,0.2800,0.2850,386,0
D,2013-09-30,0.3100,0.3100,0.3100,0.3100,0,0
D,2013-09-27,0.3100,0.3100,0.3100,0.3100,0,0
D,2013-09-26,0.3100,0.3100,0.3100,0.3100,0,0
D,2013-09-25,0.3100,0.3100,0.3100,0.3100,0,0
D,2013-09-24,0.3100,0.3100,0.3100,0.3100,1,0
D,2013-09-23,0.2900,0.2900,0.2900,0.2900,50,0
D,2013-09-20,0.2800,0.2800,0.2800,0.2800,0,0
D,2013-09-19,0.2650,0.2800,0.2400,0.2800,415,0
D,2013-09-18,0.2350,0.2550,0.2350,0.2400,2250,0
D,2013-09-17,0.2650,0.2650,0.2650,0.2650,1,0
D,2013-09-13,0.2400,0.2400,0.2400,0.2400,0,0
D,2013-09-12,0.2400,0.2400,0.2400,0.2400,450,0
D,2013-09-11,0.2350,0.2350,0.2350,0.2350,300,0
D,2013-09-10,0.2700,0.2700,0.2700,0.2700,0,0
D,2013-09-09,0.2700,0.2700,0.2700,0.2700,0,0
D,2013-09-06,0.2700,0.2700,0.2700,0.2700,1,0
D,2013-09-05,0.2400,0.2400,0.2350,0.2350,415,0
D,2013-09-04,0.2400,0.2800,0.2400,0.2800,2051,0
D,2013-09-03,0.2800,0.2800,0.2800,0.2800,1,0
D,2013-09-02,0.2400,0.2400,0.2400,0.2400,0,0
D,2013-08-30,0.2400,0.2400,0.2400,0.2400,15,0
D,2013-08-29,0.2800,0.2800,0.2800,0.2800,0,0
D,2013-08-28,0.2800,0.2800,0.2800,0.2800,0,0
D,2013-08-27,0.2800,0.2800,0.2800,0.2800,10,0
D,2013-08-26,0.2600,0.2600,0.2550,0.2550,300,0
D,2013-08-23,0.3000,0.3000,0.3000,0.3000,0,0
D,2013-08-22,0.3000,0.3000,0.3000,0.3000,1,0
D,2013-08-21,0.3300,0.3300,0.2750,0.2750,340,0
D,2013-08-20,0.2800,0.3300,0.2800,0.3300,16,0
D,2013-08-19,0.3000,0.3600,0.3000,0.3600,250,0
D,2013-08-16,0.3000,0.3000,0.3000,0.3000,0,0
D,2013-08-15,0.3000,0.3000,0.3000,0.3000,0,0
D,2013-08-14,0.3000,0.3000,0.3000,0.3000,0,0
D,2013-08-13,0.3000,0.3000,0.3000,0.3000,0,0
D,2013-08-12,0.3000,0.3000,0.3000,0.3000,10,0
D,2013-08-07,0.3000,0.3000,0.3000,0.3000,0,0
D,2013-08-06,0.2600,0.3000,0.2600,0.3000,16,0
D,2013-08-05,0.3000,0.3000,0.3000,0.3000,0,0
D,2013-08-02,0.3000,0.3000,0.3000,0.3000,0,0
D,2013-08-01,0.3000,0.3000,0.3000,0.3000,0,0
D,2013-07-31,0.3100,0.3500,0.2700,0.3000,302,0
D,2013-07-30,0.2600,0.2600,0.2600,0.2600,90,0
D,2013-07-29,0.3300,0.3300,0.3300,0.3300,0,0
D,2013-07-26,0.3300,0.3300,0.3300,0.3300,0,0
D,2013-07-25,0.3300,0.3300,0.3300,0.3300,0,0
D,2013-07-24,0.3300,0.3300,0.3300,0.3300,1,0
D,2013-07-23,0.2900,0.2900,0.2900,0.2900,150,0
D,2013-07-22,0.3200,0.3200,0.3200,0.3200,1,0
D,2013-07-19,0.3000,0.3000,0.2950,0.2950,365,0
D,2013-07-18,0.3200,0.3200,0.3200,0.3200,0,0
D,2013-07-17,0.3200,0.3200,0.3200,0.3200,0,0
D,2013-07-16,0.3200,0.3200,0.3200,0.3200,0,0
D,2013-07-15,0.3200,0.3200,0.3200,0.3200,0,0
D,2013-07-12,0.2500,0.3200,0.2500,0.3200,85,0
D,2013-07-11,0.3100,0.3100,0.3100,0.3100,0,0
D,2013-07-10,0.2600,0.3100,0.2600,0.3100,107,0
D,2013-07-09,0.2600,0.3200,0.2600,0.3000,325,0
D,2013-07-08,0.3500,0.3500,0.3500,0.3500,0,0
D,2013-07-05,0.3500,0.3500,0.3500,0.3500,0,0
D,2013-07-04,0.3400,0.3500,0.3400,0.3500,20,0
D,2013-07-03,0.2800,0.3300,0.2800,0.3300,210,0
D,2013-07-02,0.2800,0.2800,0.2800,0.2800,0,0
D,2013-07-01,0.2800,0.2800,0.2800,0.2800,10,0
D,2013-06-28,0.2300,0.2300,0.2300,0.2300,0,0
D,2013-06-27,0.2300,0.2300,0.2300,0.2300,0,0
D,2013-06-26,0.2300,0.2300,0.2300,0.2300,0,0
D,2013-06-25,0.2300,0.2300,0.2300,0.2300,2,0
D,2013-06-24,0.2300,0.2300,0.2300,0.2300,10,0
D,2013-06-21,0.2800,0.2800,0.2800,0.2800,0,0
D,2013-06-20,0.2800,0.2800,0.2800,0.2800,1,0
D,2013-06-19,0.2600,0.2900,0.2550,0.2600,373,0
D,2013-06-18,0.3200,0.3200,0.3200,0.3200,10,0
D,2013-06-17,0.2800,0.2800,0.2800,0.2800,0,0
D,2013-06-14,0.2800,0.2800,0.2800,0.2800,826,0
D,2013-06-13,0.2500,0.2800,0.2500,0.2500,861,0
D,2013-06-12,0.2500,0.2800,0.2500,0.2800,97,0
D,2013-06-11,0.2500,0.2800,0.2500,0.2800,40,0
D,2013-06-10,0.2800,0.2800,0.2800,0.2800,0,0
D,2013-06-07,0.2800,0.2800,0.2800,0.2800,10,0
D,2013-06-06,0.2800,0.2800,0.2500,0.2500,131,0
D,2013-06-05,0.2500,0.2500,0.2500,0.2500,90,0
D,2013-06-04,0.2550,0.2550,0.2550,0.2550,0,0
D,2013-06-03,0.2950,0.3500,0.2500,0.2550,464,0
D,2013-05-31,0.2550,0.2800,0.2450,0.2800,331,0
D,2013-05-30,0.2800,0.2900,0.2800,0.2800,681,0
D,2013-05-29,0.2200,0.2200,0.2200,0.2200,0,0
D,2013-05-28,0.2250,0.2250,0.2200,0.2200,60,0
D,2013-05-27,0.2300,0.2300,0.2300,0.2300,1,0
D,2013-05-23,0.2600,0.2600,0.2600,0.2600,0,0
D,2013-05-22,0.2550,0.2800,0.2550,0.2600,102,0
D,2013-05-21,0.2400,0.2950,0.2400,0.2950,300,0
D,2013-05-20,0.3000,0.3000,0.3000,0.3000,0,0
D,2013-05-17,0.2850,0.3000,0.2600,0.3000,265,0
D,2013-05-16,0.2500,0.2850,0.2500,0.2650,66,0
D,2013-05-15,0.2850,0.2850,0.2850,0.2850,0,0
D,2013-05-14,0.2850,0.2850,0.2850,0.2850,0,0
D,2013-05-13,0.2850,0.2850,0.2850,0.2850,10,0
D,2013-05-10,0.2550,0.2600,0.2550,0.2600,160,0
D,2013-05-09,0.2200,0.2600,0.2200,0.2600,916,0
D,2013-05-08,0.2800,0.2800,0.2800,0.2800,0,0
D,2013-05-07,0.2800,0.2800,0.2800,0.2800,0,0
D,2013-05-06,0.2800,0.2800,0.2800,0.2800,0,0
D,2013-05-03,0.2800,0.2800,0.2800,0.2800,10,0
D,2013-05-02,0.2150,0.2150,0.2150,0.2150,0,0
D,2013-04-30,0.2150,0.2150,0.2150,0.2150,90,0
D,2013-04-29,0.2300,0.2300,0.2300,0.2300,0,0
D,2013-04-26,0.2300,0.2300,0.2300,0.2300,0,0
D,2013-04-25,0.2300,0.2600,0.2150,0.2300,401,0
D,2013-04-24,0.2600,0.3000,0.2100,0.2800,176,0
D,2013-04-23,0.2600,0.2600,0.2600,0.2600,0,0
D,2013-04-22,0.2600,0.2600,0.2600,0.2600,0,0
D,2013-04-19,0.2600,0.2600,0.2600,0.2600,0,0
D,2013-04-18,0.2600,0.2600,0.2600,0.2600,0,0
D,2013-04-17,0.2600,0.2600,0.2600,0.2600,0,0
D,2013-04-16,0.2600,0.2600,0.2600,0.2600,0,0
D,2013-04-15,0.2600,0.2600,0.2600,0.2600,0,0
D,2013-04-12,0.2600,0.2600,0.2600,0.2600,0,0
D,2013-04-11,0.2600,0.2600,0.2600,0.2600,0,0
D,2013-04-10,0.2600,0.2600,0.2600,0.2600,0,0
D,2013-04-09,0.2600,0.2600,0.2600,0.2600,10,0
D,2013-04-08,0.2250,0.2250,0.2250,0.2250,300,0
D,2013-04-05,0.2800,0.2800,0.2800,0.2800,10,0
D,2013-04-04,0.2300,0.2300,0.2300,0.2300,0,0
D,2013-04-03,0.2300,0.2300,0.2300,0.2300,415,0
D,2013-04-02,0.2650,0.2650,0.2650,0.2650,0,0
D,2013-04-01,0.2650,0.2650,0.2650,0.2650,0,0
D,2013-03-29,0.2650,0.2650,0.2650,0.2650,0,0
D,2013-03-28,0.2300,0.2650,0.2200,0.2650,51,0
D,2013-03-27,0.2600,0.2600,0.2600,0.2600,0,0
D,2013-03-26,0.2600,0.2600,0.2600,0.2600,0,0
D,2013-03-25,0.2600,0.2600,0.2600,0.2600,0,0
D,2013-03-22,0.2800,0.2800,0.2300,0.2600,24,0
D,2013-03-21,0.2300,0.2300,0.2300,0.2300,0,0
D,2013-03-20,0.2350,0.2750,0.2200,0.2300,50,0
D,2013-03-19,0.2350,0.2750,0.2350,0.2350,54,0
D,2013-03-18,0.2400,0.2650,0.2400,0.2650,50,0
D,2013-03-15,0.2400,0.2750,0.2400,0.2400,286,0
D,2013-03-14,0.2300,0.2600,0.2300,0.2600,62,0
D,2013-03-13,0.2650,0.2700,0.2250,0.2650,342,0
D,2013-03-12,0.2300,0.2400,0.2300,0.2400,121,0
D,2013-03-11,0.2800,0.2800,0.2800,0.2800,0,0
D,2013-03-08,0.2900,0.2900,0.2350,0.2800,12,0
D,2013-03-07,0.2450,0.2900,0.2350,0.2350,83,0
D,2013-03-06,0.2900,0.2900,0.2900,0.2900,0,0
D,2013-03-05,0.2900,0.2900,0.2900,0.2900,0,0
D,2013-03-04,0.2900,0.2900,0.2900,0.2900,0,0
D,2013-03-01,0.2900,0.2900,0.2900,0.2900,0,0
D,2013-02-28,0.2900,0.2900,0.2900,0.2900,0,0
D,2013-02-27,0.2900,0.2900,0.2900,0.2900,0,0
D,2013-02-26,0.2900,0.2900,0.2900,0.2900,10,0
D,2013-02-25,0.2500,0.2500,0.2500,0.2500,0,0
D,2013-02-22,0.2500,0.2500,0.2500,0.2500,0,0
D,2013-02-21,0.3000,0.3000,0.2500,0.2500,2260,0
D,2013-02-20,0.3200,0.3200,0.3200,0.3200,0,0
D,2013-02-19,0.3200,0.3200,0.3200,0.3200,0,0
D,2013-02-18,0.3200,0.3200,0.3200,0.3200,0,0
D,2013-02-15,0.3200,0.3200,0.3200,0.3200,0,0
D,2013-02-14,0.3200,0.3200,0.3200,0.3200,0,0
D,2013-02-13,0.3200,0.3200,0.3200,0.3200,10,0
D,2013-02-08,0.2350,0.2350,0.2350,0.2350,0,0
D,2013-02-07,0.2350,0.2350,0.2350,0.2350,15,0
D,2013-02-06,0.2450,0.2450,0.2450,0.2450,200,0
D,2013-02-05,0.2600,0.2600,0.2450,0.2450,900,0
D,2013-02-04,0.3200,0.3200,0.3200,0.3200,0,0
D,2013-01-31,0.3200,0.3200,0.3200,0.3200,0,0
D,2013-01-30,0.3200,0.3200,0.3200,0.3200,0,0
D,2013-01-29,0.3200,0.3200,0.3200,0.3200,10,0
D,2013-01-25,0.3200,0.3200,0.2700,0.2700,20,0
D,2013-01-23,0.3200,0.3200,0.3000,0.3000,1119,0
D,2013-01-22,0.3000,0.3000,0.2700,0.3000,35,0
D,2013-01-21,0.3200,0.3200,0.2700,0.2700,966,0
D,2013-01-18,0.3450,0.3450,0.2950,0.3400,1045,0
D,2013-01-17,0.3000,0.3200,0.2900,0.3200,540,0
D,2013-01-16,0.2700,0.3000,0.2700,0.3000,1650,0
D,2013-01-15,0.2950,0.2950,0.2750,0.2750,30,0
D,2013-01-14,0.2950,0.3000,0.2800,0.2800,330,0
D,2013-01-11,0.2950,0.2950,0.2950,0.2950,10,0
D,2013-01-10,0.2900,0.2900,0.2700,0.2900,765,0
D,2013-01-09,0.2850,0.2850,0.2750,0.2800,315,0
D,2013-01-08,0.2750,0.2800,0.2750,0.2750,235,0
D,2013-01-07,0.2800,0.2800,0.2550,0.2750,520,0
D,2013-01-04,0.2650,0.2750,0.2550,0.2600,685,0
D,2013-01-03,0.2800,0.2800,0.2500,0.2500,150,0
D,2013-01-02,0.2600,0.2650,0.2500,0.2500,435,0
D,2012-12-31,0.2600,0.2600,0.2450,0.2450,350,0
D,2012-12-28,0.2400,0.2400,0.2400,0.2400,0,0
D,2012-12-27,0.2400,0.2400,0.2400,0.2400,0,0
D,2012-12-26,0.2400,0.2400,0.2400,0.2400,100,0
D,2012-12-24,0.2450,0.2450,0.2450,0.2450,0,0
D,2012-12-21,0.2500,0.2500,0.2450,0.2450,9580,0
D,2012-12-20,0.2450,0.2600,0.2450,0.2450,545,0
D,2012-12-19,0.2350,0.2400,0.2300,0.2350,10300,0
D,2012-12-18,0.2400,0.2400,0.2400,0.2400,14430,0
D,2012-12-17,0.2400,0.2500,0.2400,0.2400,6100,0
D,2012-12-14,0.2300,0.2400,0.2300,0.2400,1570,0
D,2012-12-13,0.2600,0.2600,0.2600,0.2600,10,0
D,2012-12-12,0.2350,0.2350,0.2350,0.2350,30,0
D,2012-12-11,0.2600,0.2600,0.2600,0.2600,0,0
D,2012-12-10,0.2600,0.2600,0.2600,0.2600,0,0
D,2012-12-07,0.2600,0.2600,0.2600,0.2600,10,0
D,2012-12-06,0.2350,0.2350,0.2350,0.2350,0,0
D,2012-12-05,0.2350,0.2350,0.2350,0.2350,800,0
D,2012-12-04,0.2300,0.2600,0.2300,0.2600,50,0
D,2012-12-03,0.2650,0.2650,0.2350,0.2600,520,0
D,2012-11-30,0.2500,0.2500,0.2400,0.2400,1000,0
D,2012-11-29,0.2600,0.2600,0.2350,0.2350,1570,0
D,2012-11-28,0.2350,0.2500,0.2350,0.2450,9993,0
D,2012-11-27,0.2100,0.2400,0.2000,0.2400,7993,0
D,2012-11-26,0.2500,0.2500,0.2500,0.2500,0,0
D,2012-11-23,0.2600,0.2600,0.2150,0.2500,1010,0
D,2012-11-22,0.2050,0.2050,0.2050,0.2050,0,0
D,2012-11-21,0.2050,0.2050,0.2050,0.2050,0,0
D,2012-11-20,0.2100,0.2100,0.2050,0.2050,324,0
D,2012-11-19,0.2000,0.2500,0.2000,0.2200,3890,0
D,2012-11-16,0.2400,0.2400,0.2400,0.2400,0,0
D,2012-11-14,0.2400,0.2400,0.2400,0.2400,0,0
D,2012-11-12,0.2400,0.2400,0.2400,0.2400,0,0
D,2012-11-09,0.2400,0.2400,0.2400,0.2400,0,0
D,2012-11-08,0.2400,0.2400,0.2400,0.2400,0,0
D,2012-11-07,0.2400,0.2400,0.2400,0.2400,0,0
D,2012-11-06,0.2400,0.2400,0.2400,0.2400,0,0
D,2012-11-05,0.2400,0.2400,0.2100,0.2400,61,0
D,2012-11-02,0.2350,0.2350,0.2350,0.2350,0,0
D,2012-11-01,0.2250,0.2350,0.2050,0.2350,310,0
D,2012-10-31,0.2200,0.2200,0.2200,0.2200,1111,0
D,2012-10-30,0.2250,0.2250,0.2250,0.2250,0,0
D,2012-10-29,0.2250,0.2250,0.2250,0.2250,0,0
D,2012-10-25,0.2200,0.2250,0.2200,0.2250,770,0
D,2012-10-24,0.2000,0.2000,0.2000,0.2000,200,0
D,2012-10-23,0.2200,0.2200,0.2200,0.2200,200,0
D,2012-10-22,0.2150,0.2150,0.2150,0.2150,0,0
D,2012-10-19,0.2150,0.2150,0.2150,0.2150,400,0
D,2012-10-18,0.2150,0.2150,0.2150,0.2150,0,0
D,2012-10-17,0.2100,0.2150,0.2100,0.2150,7273,0
D,2012-10-16,0.2050,0.2150,0.2050,0.2150,5886,0
D,2012-10-15,0.2100,0.2100,0.2100,0.2100,840,0
D,2012-10-12,0.2100,0.2100,0.2100,0.2100,500,0
D,2012-10-11,0.2100,0.2100,0.2100,0.2100,0,0
D,2012-10-10,0.2100,0.2100,0.2100,0.2100,772,0
D,2012-10-09,0.2150,0.2150,0.2150,0.2150,500,0
D,2012-10-08,0.2100,0.2100,0.2100,0.2100,500,0
D,2012-10-05,0.2050,0.2100,0.2050,0.2100,802,0
D,2012-10-04,0.2000,0.2200,0.2000,0.2200,1297,0
D,2012-10-03,0.2100,0.2100,0.2000,0.2000,701,0
D,2012-05-03,0.1900,0.1900,0.1900,0.1900,0,0
D,2012-05-02,0.1900,0.1900,0.1900,0.1900,0,0
