D,2014-10-14,1.6700,1.6700,1.6400,1.6600,1443,0
D,2014-10-13,1.7100,1.7100,1.6900,1.7000,160,0
D,2014-10-10,1.6600,1.7100,1.6500,1.7100,1725,0
D,2014-10-09,1.6700,1.6800,1.6500,1.6600,1900,0
D,2014-10-08,1.6800,1.6800,1.6500,1.6600,3054,0
D,2014-10-07,1.7200,1.7200,1.6900,1.7000,1826,0
D,2014-10-03,1.7200,1.7200,1.7100,1.7200,1220,0
D,2014-10-02,1.7000,1.7300,1.6900,1.7300,2248,0
D,2014-10-01,1.7200,1.7200,1.6900,1.7200,5053,0
D,2014-09-30,1.7200,1.7300,1.7000,1.7300,1614,0
D,2014-09-29,1.7400,1.7400,1.7200,1.7300,455,0
D,2014-09-26,1.7100,1.7400,1.7100,1.7400,1494,0
D,2014-09-25,1.7400,1.7500,1.7100,1.7400,1588,0
D,2014-09-24,1.7200,1.7500,1.7200,1.7400,1090,0
D,2014-09-23,1.7400,1.7500,1.7200,1.7500,2082,0
D,2014-09-22,1.7500,1.7600,1.7200,1.7600,1822,0
D,2014-09-19,1.7400,1.7600,1.7300,1.7600,672,0
D,2014-09-18,1.7400,1.7400,1.7200,1.7200,680,0
D,2014-09-17,1.7600,1.7600,1.7400,1.7400,1885,0
D,2014-09-15,1.7400,1.7600,1.7200,1.7600,1553,0
D,2014-09-12,1.7600,1.7700,1.7300,1.7600,3375,0
D,2014-09-11,1.7600,1.7600,1.7500,1.7600,4976,0
D,2014-09-10,1.7700,1.7700,1.7500,1.7600,3863,0
D,2014-09-09,1.7600,1.7900,1.7600,1.7900,330,0
D,2014-09-08,1.7700,1.7900,1.7500,1.7900,4118,0
D,2014-09-05,1.8000,1.8000,1.7800,1.7800,3956,0
D,2014-09-04,1.8000,1.8400,1.7800,1.8400,5289,0
D,2014-09-03,1.7600,1.8800,1.7600,1.8800,1400,0
D,2014-09-02,1.7800,1.8900,1.7700,1.8900,2392,0
D,2014-08-29,1.8100,1.8100,1.7700,1.7900,3054,0
D,2014-08-28,1.8200,1.8300,1.8200,1.8300,5358,0
D,2014-08-27,1.8700,1.8800,1.8300,1.8800,1275,0
D,2014-08-26,1.8500,1.8500,1.8400,1.8500,3845,0
D,2014-08-25,1.8700,1.8700,1.8500,1.8500,883,0
D,2014-08-22,1.9000,1.9100,1.8700,1.9100,4191,0
D,2014-08-21,1.9000,1.9200,1.8700,1.9200,3032,0
D,2014-08-20,1.9400,1.9600,1.8900,1.9200,13767,0
D,2014-08-19,1.9100,1.9400,1.9100,1.9200,1935,0
D,2014-08-18,1.9400,1.9500,1.9200,1.9400,2515,0
D,2014-08-15,1.9400,1.9800,1.9400,1.9800,1960,0
D,2014-08-14,1.9400,1.9800,1.9400,1.9800,950,0
D,2014-08-13,1.9400,1.9800,1.9400,1.9800,1102,0
D,2014-08-12,1.9500,1.9800,1.9400,1.9800,557,0
D,2014-08-11,1.9600,1.9600,1.9400,1.9500,1392,0
D,2014-08-08,1.9400,1.9800,1.9400,1.9800,2189,0
D,2014-08-07,1.9500,1.9600,1.9500,1.9600,2061,0
D,2014-08-06,1.9800,1.9800,1.9500,1.9500,5241,0
D,2014-08-05,1.9800,1.9900,1.9400,1.9900,1032,0
D,2014-08-04,1.9700,1.9900,1.9600,1.9900,1902,0
D,2014-08-01,1.9800,1.9900,1.9600,1.9900,2290,0
D,2014-07-31,1.9700,2.0000,1.9700,2.0000,3186,0
D,2014-07-30,2.0000,2.0100,1.9800,2.0000,3539,0
D,2014-07-25,1.9900,2.0200,1.9900,2.0200,130,0
D,2014-07-24,2.0100,2.0200,1.9900,2.0200,701,0
D,2014-07-23,2.0100,2.0200,2.0100,2.0200,2733,0
D,2014-07-22,2.0000,2.0100,2.0000,2.0100,592,0
D,2014-07-21,2.0100,2.0400,2.0100,2.0400,510,0
D,2014-07-18,2.0000,2.0100,2.0000,2.0100,90,0
D,2014-07-17,2.0400,2.0400,2.0000,2.0100,406,0
D,2014-07-16,2.0400,2.0500,2.0300,2.0400,18477,0
D,2014-07-14,2.0200,2.0500,2.0200,2.0200,1188,0
D,2014-07-11,2.0000,2.0500,2.0000,2.0500,11898,0
D,2014-07-10,2.0000,2.0100,1.9900,2.0000,10392,0
D,2014-07-09,2.0100,2.0200,2.0000,2.0000,8092,0
D,2014-07-08,2.0300,2.0300,2.0000,2.0000,1508,0
D,2014-07-07,2.0300,2.0400,2.0200,2.0300,7716,0
D,2014-07-04,2.0300,2.0400,2.0300,2.0400,2245,0
D,2014-07-03,2.0400,2.0400,2.0300,2.0400,2170,0
D,2014-07-02,2.0200,2.0300,2.0200,2.0300,6013,0
D,2014-07-01,2.0000,2.0200,2.0000,2.0200,910,0
D,2014-06-30,2.0200,2.0300,2.0200,2.0200,10435,0
D,2014-06-27,2.0100,2.0300,2.0000,2.0000,4091,0
D,2014-06-26,2.0100,2.0300,2.0100,2.0300,1765,0
D,2014-06-25,2.0500,2.0500,2.0200,2.0300,18236,0
D,2014-06-24,2.0500,2.0700,2.0500,2.0600,3623,0
D,2014-06-23,2.0400,2.0500,2.0300,2.0500,3469,0
D,2014-06-20,2.0400,2.0600,2.0300,2.0500,353,0
D,2014-06-19,2.0500,2.0600,2.0400,2.0600,1211,0
D,2014-06-18,2.0600,2.0600,2.0400,2.0400,4223,0
D,2014-06-17,2.0600,2.0600,2.0600,2.0600,834,0
D,2014-06-16,2.0500,2.0700,2.0500,2.0700,2080,0
D,2014-06-13,2.0500,2.0600,2.0500,2.0600,536,0
D,2014-06-12,2.0700,2.0700,2.0500,2.0600,593,0
D,2014-06-11,2.0800,2.0800,2.0500,2.0700,369,0
D,2014-06-10,2.0600,2.0800,2.0600,2.0800,772,0
D,2014-06-09,2.0600,2.0600,2.0500,2.0600,10420,0
D,2014-06-06,2.0400,2.0600,2.0400,2.0500,1145,0
D,2014-06-05,2.0600,2.0600,2.0400,2.0500,310,0
D,2014-06-04,2.0800,2.0800,2.0600,2.0700,4984,0
D,2014-06-03,2.0600,2.0800,2.0600,2.0800,376,0
D,2014-06-02,2.0900,2.1000,2.0600,2.1000,1632,0
D,2014-05-30,2.0800,2.1200,2.0800,2.1000,2009,0
D,2014-05-29,2.0500,2.1000,2.0500,2.0900,664,0
D,2014-05-28,2.1300,2.1300,2.0800,2.0900,5099,0
D,2014-05-27,2.1400,2.1400,2.1200,2.1300,1623,0
D,2014-05-26,2.1600,2.1600,2.1200,2.1400,1850,0
D,2014-05-23,2.1600,2.1600,2.1500,2.1600,4647,0
D,2014-05-22,2.1800,2.1800,2.1500,2.1600,18664,0
D,2014-05-21,2.1600,2.1700,2.1500,2.1700,9688,0
D,2014-05-20,2.1800,2.1800,2.1500,2.1600,8614,0
D,2014-05-19,2.1000,2.1800,2.1000,2.1700,22570,0
D,2014-05-16,2.1000,2.1000,2.0800,2.0900,8147,0
D,2014-05-15,2.0900,2.1100,2.0900,2.1000,6400,0
D,2014-05-14,2.0700,2.0900,2.0700,2.0900,791,0
D,2014-05-12,2.0800,2.0800,2.0600,2.0700,9335,0
D,2014-05-09,2.0800,2.0800,2.0600,2.0800,3040,0
D,2014-05-08,2.0800,2.0800,2.0700,2.0800,6111,0
D,2014-05-07,2.0400,2.0800,2.0400,2.0800,1811,0
D,2014-05-06,2.0300,2.0600,2.0300,2.0500,1694,0
D,2014-05-05,2.0400,2.0600,2.0400,2.0500,6700,0
D,2014-05-02,2.0100,2.0400,2.0100,2.0200,12806,0
D,2014-04-30,2.0300,2.0400,2.0200,2.0300,7144,0
D,2014-04-29,2.0300,2.0500,2.0300,2.0400,3575,0
D,2014-04-28,2.0500,2.0500,2.0400,2.0400,2473,0
D,2014-04-25,2.0700,2.1000,2.0000,2.0500,4757,0
D,2014-04-24,2.0400,2.0900,2.0400,2.0700,19269,0
D,2014-04-23,2.0300,2.0500,2.0300,2.0400,26307,0
D,2014-04-22,2.0000,2.0300,2.0000,2.0200,2196,0
D,2014-04-21,2.0000,2.0100,2.0000,2.0000,750,0
D,2014-04-18,2.0000,2.0100,2.0000,2.0000,1071,0
D,2014-04-17,2.0000,2.0100,2.0000,2.0000,840,0
D,2014-04-16,1.9800,2.0000,1.9800,2.0000,2192,0
D,2014-04-15,1.9600,2.0100,1.9500,2.0000,1696,0
D,2014-04-14,1.9800,1.9800,1.9800,1.9800,173,0
D,2014-04-11,1.9900,1.9900,1.9800,1.9800,613,0
D,2014-04-10,2.0000,2.0000,1.9800,2.0000,872,0
D,2014-04-09,2.0200,2.0200,1.9800,1.9800,442,0
D,2014-04-08,1.9900,2.0000,1.9800,1.9900,517,0
D,2014-04-07,2.0100,2.0100,1.9900,1.9900,364,0
D,2014-04-04,2.0200,2.0200,2.0100,2.0100,180,0
D,2014-04-03,2.0000,2.0300,2.0000,2.0200,1128,0
D,2014-04-02,1.9800,2.0300,1.9800,2.0000,4406,0
D,2014-04-01,2.0100,2.0500,2.0000,2.0300,839,0
D,2014-03-31,2.0300,2.0400,2.0000,2.0100,12469,0
D,2014-03-28,1.9800,2.0300,1.9800,2.0300,874,0
D,2014-03-27,2.0300,2.0500,1.9800,1.9800,1238,0
D,2014-03-26,2.0000,2.0500,2.0000,2.0500,1125,0
D,2014-03-25,1.9800,2.0200,1.9800,2.0000,802,0
D,2014-03-24,1.9900,2.0200,1.9500,2.0000,1822,0
D,2014-03-21,2.0700,2.0700,1.9900,1.9900,2033,0
D,2014-03-20,2.0500,2.0800,2.0500,2.0600,1812,0
D,2014-03-19,2.0300,2.0600,2.0300,2.0500,2492,0
D,2014-03-18,2.0600,2.0600,2.0300,2.0300,2341,0
D,2014-03-17,2.0400,2.0500,2.0100,2.0300,4009,0
D,2014-03-14,2.1000,2.1000,2.0400,2.0400,1905,0
D,2014-03-13,2.1100,2.1200,2.1000,2.1000,12666,0
D,2014-03-12,2.1000,2.1400,2.0900,2.1200,27866,0
D,2014-03-11,2.0400,2.1200,2.0400,2.0900,29040,0
D,2014-03-10,1.9900,2.0600,1.9600,2.0400,9810,0
D,2014-03-07,1.8800,2.0200,1.8800,1.9900,14433,0
D,2014-03-06,1.8400,1.9000,1.8300,1.8500,14661,0
D,2014-03-05,1.8200,1.8400,1.8200,1.8300,454,0
D,2014-03-04,1.8100,1.8300,1.8100,1.8200,651,0
D,2014-03-03,1.8500,1.8500,1.8200,1.8200,1038,0
D,2014-02-28,1.8000,1.8500,1.8000,1.8500,1340,0
D,2014-02-27,1.8200,1.8300,1.8200,1.8200,1191,0
D,2014-02-26,1.8100,1.8300,1.8000,1.8200,456,0
D,2014-02-25,1.8000,1.8500,1.8000,1.8500,1010,0
D,2014-02-24,1.8200,1.8600,1.8100,1.8100,1515,0
D,2014-02-21,1.8400,1.8400,1.8200,1.8200,228,0
D,2014-02-20,1.7800,1.8500,1.7800,1.8400,3418,0
D,2014-02-19,1.7700,1.7800,1.7600,1.7600,1017,0
D,2014-02-18,1.7700,1.7800,1.7500,1.7500,486,0
D,2014-02-17,1.7900,1.7900,1.7800,1.7800,385,0
D,2014-02-14,1.7900,1.8000,1.7600,1.8000,851,0
D,2014-02-13,1.8000,1.8000,1.7500,1.7800,1737,0
D,2014-02-12,1.7800,1.8000,1.7700,1.8000,579,0
D,2014-02-11,1.7800,1.7900,1.7500,1.7900,219,0
D,2014-02-10,1.7500,1.8000,1.7500,1.8000,986,0
D,2014-02-07,1.7200,1.7800,1.7200,1.7500,243,0
D,2014-02-06,1.7200,1.7500,1.7200,1.7400,828,0
D,2014-02-05,1.7200,1.7800,1.7200,1.7200,689,0
D,2014-02-04,1.7400,1.7600,1.7200,1.7200,488,0
D,2014-01-30,1.8000,1.8000,1.8000,1.8000,45,0
D,2014-01-29,1.7600,1.7600,1.7400,1.7400,374,0
D,2014-01-28,1.7500,1.7800,1.7500,1.7600,190,0
D,2014-01-27,1.8100,1.8100,1.7800,1.7800,929,0
D,2014-01-24,1.8200,1.8200,1.8100,1.8100,499,0
D,2014-01-23,1.8100,1.9000,1.8100,1.8500,4791,0
D,2014-01-22,1.8100,1.8100,1.8100,1.8100,130,0
D,2014-01-21,1.8100,1.8300,1.8100,1.8100,910,0
D,2014-01-20,1.8100,1.8100,1.8100,1.8100,50,0
D,2014-01-16,1.8300,1.8300,1.7800,1.8000,5185,0
D,2014-01-15,1.8300,1.8700,1.8300,1.8400,8635,0
D,2014-01-13,1.8400,1.8500,1.8300,1.8300,667,0
D,2014-01-10,1.8500,1.8500,1.8500,1.8500,903,0
D,2014-01-09,1.8600,1.8600,1.8500,1.8500,238,0
D,2014-01-08,1.8500,1.8700,1.8500,1.8700,805,0
D,2014-01-07,1.8300,1.8700,1.8300,1.8600,1946,0
D,2014-01-06,1.8100,1.8300,1.8100,1.8300,519,0
D,2014-01-03,1.8600,1.8600,1.8100,1.8300,1565,0
D,2014-01-02,1.8800,1.8800,1.8600,1.8700,657,0
D,2013-12-31,1.8700,1.8800,1.8600,1.8800,639,0
D,2013-12-30,1.8800,1.8800,1.8600,1.8700,881,0
D,2013-12-27,1.8800,1.8800,1.8800,1.8800,264,0
D,2013-12-26,1.8800,1.8900,1.8800,1.8900,707,0
D,2013-12-24,1.8700,1.8700,1.8600,1.8600,1120,0
D,2013-12-23,1.9000,1.9000,1.8500,1.8700,1194,0
D,2013-12-20,1.9000,1.9000,1.8800,1.8800,1964,0
D,2013-12-19,1.9000,1.9000,1.8900,1.8900,1338,0
D,2013-12-18,1.9000,1.9100,1.9000,1.9100,2036,0
D,2013-12-17,1.9000,1.9100,1.8900,1.8900,1150,0
D,2013-12-16,1.9000,1.9000,1.9000,1.9000,1549,0
D,2013-12-13,1.9100,1.9100,1.9100,1.9100,342,0
D,2013-12-12,1.9200,1.9400,1.9000,1.9400,2045,0
D,2013-12-11,1.9000,1.9300,1.9000,1.9200,2636,0
D,2013-12-10,1.8800,1.9100,1.8800,1.9100,5740,0
D,2013-12-09,1.8700,1.8900,1.8600,1.8800,2931,0
D,2013-12-06,1.8500,1.8600,1.8400,1.8600,140,0
D,2013-12-05,1.8400,1.8600,1.8400,1.8600,1037,0
D,2013-12-04,1.8500,1.8700,1.8400,1.8400,1214,0
D,2013-12-03,1.8700,1.8700,1.8600,1.8600,428,0
D,2013-12-02,1.8000,1.8800,1.8000,1.8600,795,0
D,2013-11-29,1.8800,1.8800,1.8000,1.8000,801,0
D,2013-11-28,1.8800,1.8900,1.8800,1.8800,976,0
D,2013-11-27,1.8800,1.8800,1.8800,1.8800,700,0
D,2013-11-26,1.8900,1.9000,1.8900,1.9000,2329,0
D,2013-11-25,1.8500,1.8900,1.8500,1.8900,5420,0
D,2013-11-22,1.8600,1.8700,1.8500,1.8500,4524,0
D,2013-11-21,1.8600,1.8700,1.8500,1.8600,4193,0
D,2013-11-20,1.8600,1.8800,1.8400,1.8400,3030,0
D,2013-11-19,1.9100,1.9300,1.8500,1.8600,6370,0
D,2013-11-18,1.8600,1.9000,1.8600,1.9000,4096,0
D,2013-11-15,1.8400,1.8500,1.8400,1.8400,2039,0
D,2013-11-14,1.8000,1.8500,1.8000,1.8400,2136,0
D,2013-11-13,1.8400,1.8400,1.8000,1.8000,682,0
D,2013-11-12,1.8000,1.8400,1.8000,1.8400,4109,0
D,2013-11-11,1.8000,1.8200,1.8000,1.8000,488,0
D,2013-11-08,1.8400,1.8400,1.8000,1.8000,1118,0
D,2013-11-07,1.8300,1.8500,1.8300,1.8400,2334,0
D,2013-11-06,1.8300,1.8300,1.8100,1.8300,853,0
D,2013-11-04,1.7800,1.8300,1.7700,1.8100,6782,0
D,2013-11-01,1.7400,1.7800,1.7400,1.7600,1936,0
D,2013-10-31,1.7500,1.7500,1.7400,1.7500,675,0
D,2013-10-30,1.7200,1.7500,1.7200,1.7500,780,0
D,2013-10-29,1.7200,1.7300,1.7000,1.7100,320,0
D,2013-10-28,1.7300,1.7300,1.7100,1.7200,250,0
D,2013-10-25,1.7000,1.7400,1.7000,1.7400,1920,0
D,2013-10-24,1.7000,1.7100,1.6900,1.7000,1288,0
D,2013-10-23,1.7100,1.7100,1.7000,1.7000,510,0
D,2013-10-22,1.7200,1.7200,1.7100,1.7100,70,0
D,2013-10-21,1.7200,1.7200,1.7200,1.7200,0,0
D,2013-10-18,1.6900,1.7200,1.6900,1.7200,468,0
D,2013-10-17,1.7000,1.7200,1.6900,1.6900,1490,0
D,2013-10-16,1.7100,1.7100,1.7000,1.7000,98,0
D,2013-10-14,1.7200,1.7200,1.7000,1.7100,390,0
D,2013-10-11,1.7200,1.7300,1.7200,1.7300,704,0
D,2013-10-10,1.7000,1.7300,1.7000,1.7300,614,0
D,2013-10-09,1.6900,1.7100,1.6900,1.7000,1132,0
D,2013-10-08,1.7000,1.7000,1.6900,1.6900,248,0
D,2013-10-07,1.7000,1.7000,1.7000,1.7000,12,0
D,2013-10-04,1.7000,1.7200,1.7000,1.7000,413,0
D,2013-10-03,1.7000,1.7000,1.6800,1.7000,148,0
D,2013-10-02,1.7000,1.7500,1.6800,1.6800,5493,0
D,2013-10-01,1.7000,1.7200,1.7000,1.7000,124,0
D,2013-09-30,1.7300,1.7300,1.6600,1.7200,434,0
D,2013-09-27,1.6700,1.7300,1.6700,1.7000,367,0
D,2013-09-26,1.7500,1.7500,1.7100,1.7100,168,0
D,2013-09-25,1.7200,1.7200,1.7100,1.7100,221,0
D,2013-09-24,1.7200,1.7200,1.7000,1.7200,183,0
D,2013-09-23,1.7400,1.7500,1.7200,1.7200,281,0
D,2013-09-20,1.7300,1.7400,1.7300,1.7400,459,0
D,2013-09-19,1.7300,1.7300,1.7100,1.7300,336,0
D,2013-09-18,1.7200,1.7300,1.7200,1.7200,230,0
D,2013-09-17,1.7100,1.7300,1.7100,1.7300,289,0
D,2013-09-13,1.7000,1.7000,1.7000,1.7000,14,0
D,2013-09-12,1.6900,1.7200,1.6900,1.7100,362,0
D,2013-09-11,1.6800,1.7000,1.6800,1.6900,268,0
D,2013-09-10,1.6800,1.6800,1.6800,1.6800,106,0
D,2013-09-09,1.6700,1.6700,1.6700,1.6700,144,0
D,2013-09-06,1.6900,1.6900,1.6500,1.6600,610,0
D,2013-09-05,1.6800,1.6800,1.6800,1.6800,158,0
D,2013-09-04,1.7300,1.7300,1.7000,1.7000,431,0
D,2013-09-03,1.7500,1.7500,1.7300,1.7300,1383,0
D,2013-09-02,1.6500,1.7500,1.6500,1.7500,3085,0
D,2013-08-30,1.6200,1.6500,1.6200,1.6500,903,0
D,2013-08-29,1.6100,1.6500,1.6100,1.6200,945,0
D,2013-08-28,1.6200,1.6200,1.6000,1.6100,4934,0
D,2013-08-27,1.6900,1.6900,1.6500,1.6500,1200,0
D,2013-08-26,1.7200,1.7200,1.6800,1.7000,2691,0
D,2013-08-23,1.7400,1.7400,1.6900,1.6900,2385,0
D,2013-08-22,1.7400,1.7400,1.7000,1.7300,3418,0
D,2013-08-21,1.7500,1.7700,1.7300,1.7300,2158,0
D,2013-08-20,1.8000,1.8100,1.7500,1.7800,1777,0
D,2013-08-19,1.8000,1.8100,1.8000,1.8000,836,0
D,2013-08-16,1.8200,1.8200,1.8100,1.8200,804,0
D,2013-08-15,1.8000,1.8200,1.8000,1.8200,681,0
D,2013-08-14,1.8100,1.8100,1.8000,1.8100,615,0
D,2013-08-13,1.8000,1.8100,1.8000,1.8100,312,0
D,2013-08-12,1.7900,1.8000,1.7900,1.8000,1024,0
D,2013-08-07,1.8200,1.8300,1.8200,1.8200,180,0
D,2013-08-06,1.8000,1.8200,1.8000,1.8200,626,0
D,2013-08-05,1.8200,1.8200,1.8200,1.8200,694,0
D,2013-08-02,1.8100,1.8300,1.8100,1.8300,358,0
D,2013-08-01,1.8200,1.8300,1.8200,1.8200,192,0
D,2013-07-31,1.8300,1.8400,1.8300,1.8400,1250,0
D,2013-07-30,1.8300,1.8500,1.8300,1.8500,2811,0
D,2013-07-29,1.8400,1.8500,1.8400,1.8400,1278,0
D,2013-07-26,1.8400,1.8400,1.8400,1.8400,1475,0
D,2013-07-25,1.8400,1.8500,1.8400,1.8400,2823,0
D,2013-07-24,1.8500,1.8500,1.8400,1.8400,3803,0
D,2013-07-23,1.8400,1.8500,1.8400,1.8400,1902,0
D,2013-07-22,1.8300,1.8400,1.8300,1.8400,2551,0
D,2013-07-19,1.8400,1.8400,1.8200,1.8400,3917,0
D,2013-07-18,1.8200,1.8400,1.8200,1.8400,1576,0
D,2013-07-17,1.8200,1.8400,1.8100,1.8200,2916,0
D,2013-07-16,1.8300,1.8300,1.8200,1.8200,1112,0
D,2013-07-15,1.8200,1.8400,1.8200,1.8300,2042,0
D,2013-07-12,1.8400,1.8400,1.8200,1.8400,616,0
D,2013-07-11,1.8400,1.8500,1.8400,1.8400,6344,0
D,2013-07-10,1.8300,1.8400,1.8300,1.8400,679,0
D,2013-07-09,1.8400,1.8400,1.8200,1.8300,1802,0
D,2013-07-08,1.8500,1.8500,1.8300,1.8300,571,0
D,2013-07-05,1.8400,1.8500,1.8400,1.8500,2870,0
D,2013-07-04,1.8400,1.8400,1.8400,1.8400,182,0
D,2013-07-03,1.8300,1.8500,1.8100,1.8500,909,0
D,2013-07-02,1.8400,1.8500,1.8200,1.8300,1044,0
D,2013-07-01,1.8500,1.8600,1.8400,1.8400,1326,0
D,2013-06-28,1.8600,1.8800,1.8200,1.8500,1039,0
D,2013-06-27,1.8100,1.8600,1.8100,1.8500,4005,0
D,2013-06-26,1.8000,1.8100,1.8000,1.8100,552,0
D,2013-06-25,1.8300,1.8300,1.8000,1.8200,1872,0
D,2013-06-24,1.8500,1.8600,1.8100,1.8500,4941,0
D,2013-06-21,1.8200,1.8500,1.8000,1.8500,2029,0
D,2013-06-20,1.8400,1.8500,1.8200,1.8500,1913,0
D,2013-06-19,1.8400,1.8500,1.8300,1.8500,6464,0
D,2013-06-18,1.8300,1.8500,1.8100,1.8500,9203,0
D,2013-06-17,1.8400,1.8400,1.8200,1.8300,4209,0
D,2013-06-14,1.8300,1.8600,1.8300,1.8300,1835,0
D,2013-06-13,1.8400,1.8600,1.8300,1.8500,4667,0
D,2013-06-12,1.8400,1.8600,1.8400,1.8500,4729,0
D,2013-06-11,1.8600,1.8800,1.8400,1.8400,2535,0
D,2013-06-10,1.8400,1.8700,1.8200,1.8600,3285,0
D,2013-06-07,1.8900,1.9000,1.8300,1.8400,9163,0
D,2013-06-06,1.8500,1.8900,1.8300,1.8800,8540,0
D,2013-06-05,1.7900,1.8500,1.7900,1.8400,4832,0
D,2013-06-04,1.8200,1.8200,1.7500,1.7700,18062,0
D,2013-06-03,1.9300,1.9300,1.8500,1.8500,8757,0
D,2013-06-03,1.9300,1.9300,1.8500,1.8500,8757,0
D,2013-05-31,2.2700,2.2900,2.2300,2.2400,5815,0
D,2013-05-30,2.2500,2.2500,2.2200,2.2200,6315,0
D,2013-05-29,2.3200,2.3200,2.2500,2.2500,4129,0
D,2013-05-28,2.2900,2.3100,2.2700,2.3000,6705,0
D,2013-05-27,2.2600,2.2900,2.2500,2.2900,4050,0
D,2013-05-23,2.2700,2.2900,2.2000,2.2200,5889,0
D,2013-05-22,2.2800,2.3300,2.2700,2.2700,9367,0
D,2013-05-21,2.2100,2.2300,2.2000,2.2200,4277,0
D,2013-05-20,2.2000,2.2200,2.1700,2.1900,19912,0
D,2013-05-17,2.1600,2.2200,2.1300,2.1700,35565,0
D,2013-05-16,2.2000,2.2000,2.1500,2.1500,9125,0
D,2013-05-15,2.2200,2.2200,2.2000,2.2000,2774,0
D,2013-05-14,2.2300,2.2400,2.2000,2.2000,3122,0
D,2013-05-13,2.1900,2.2300,2.1900,2.2200,40188,0
D,2013-05-10,2.2100,2.2100,2.1800,2.1900,3508,0
D,2013-05-09,2.2300,2.2400,2.2100,2.2100,1100,0
D,2013-05-08,2.2300,2.2400,2.2300,2.2300,379,0
D,2013-05-07,2.2100,2.2400,2.2000,2.2400,820,0
D,2013-05-06,2.1800,2.2400,2.1800,2.2300,937,0
D,2013-05-03,2.1700,2.1800,2.1600,2.1700,3532,0
D,2013-05-02,2.1700,2.2000,2.1600,2.2000,1094,0
D,2013-04-30,2.2300,2.2300,2.1900,2.1900,2620,0
D,2013-04-29,2.2400,2.2600,2.2200,2.2300,3249,0
D,2013-04-26,2.2500,2.2700,2.2300,2.2600,3491,0
D,2013-04-25,2.2300,2.2600,2.2300,2.2600,2686,0
D,2013-04-24,2.2600,2.2700,2.2400,2.2700,1715,0
D,2013-04-23,2.2400,2.2500,2.2300,2.2500,1113,0
D,2013-04-22,2.2700,2.2700,2.2400,2.2500,260,0
D,2013-04-19,2.2400,2.2800,2.2400,2.2700,1377,0
D,2013-04-18,2.2700,2.2700,2.2500,2.2700,783,0
D,2013-04-17,2.2500,2.2700,2.2500,2.2700,762,0
D,2013-04-16,2.2800,2.2900,2.2400,2.2400,1123,0
D,2013-04-15,2.3000,2.3100,2.2900,2.2900,820,0
D,2013-04-12,2.3500,2.3700,2.2900,2.2900,6490,0
D,2013-04-11,2.3700,2.4000,2.3400,2.3500,7696,0
D,2013-04-10,2.2000,2.2800,2.2000,2.2800,10890,0
D,2013-04-09,2.1900,2.1900,2.1600,2.1600,396,0
D,2013-04-08,2.2000,2.2000,2.1900,2.1900,359,0
D,2013-04-05,2.1900,2.2400,2.1900,2.2400,982,0
D,2013-04-04,2.1600,2.2600,2.1600,2.2500,2177,0
D,2013-04-03,2.2400,2.2600,2.1600,2.2500,7126,0
D,2013-04-02,2.1600,2.2300,2.1300,2.2300,8449,0
D,2013-04-01,2.1100,2.1700,2.1000,2.1700,1838,0
D,2013-03-29,2.0600,2.1100,2.0600,2.1100,1156,0
D,2013-03-28,2.0500,2.0600,2.0500,2.0600,1049,0
D,2013-03-27,2.0600,2.0600,2.0400,2.0600,2249,0
D,2013-03-26,2.0500,2.0500,2.0300,2.0500,12218,0
D,2013-03-25,2.0500,2.0700,2.0300,2.0500,4662,0
D,2013-03-22,2.0600,2.0600,2.0500,2.0500,449,0
D,2013-03-21,2.0400,2.0400,2.0400,2.0400,110,0
D,2013-03-20,2.0300,2.0600,2.0300,2.0600,194,0
D,2013-03-19,2.0700,2.0700,2.0500,2.0600,377,0
D,2013-03-18,2.0700,2.0900,2.0500,2.0500,15650,0
D,2013-03-15,2.0800,2.0800,2.0500,2.0800,138,0
D,2013-03-14,2.0800,2.0800,2.0700,2.0800,5318,0
D,2013-03-13,2.0800,2.1000,2.0400,2.0800,2070,0
D,2013-03-12,2.0700,2.0800,2.0700,2.0800,612,0
D,2013-03-11,2.0700,2.0800,2.0600,2.0600,765,0
D,2013-03-08,2.0800,2.1100,2.0800,2.0900,10601,0
D,2013-03-07,2.1000,2.1200,2.1000,2.1000,1241,0
D,2013-03-06,2.0600,2.1000,2.0500,2.1000,2178,0
D,2013-03-05,2.0300,2.0700,2.0300,2.0600,1395,0
D,2013-03-04,2.0300,2.0500,2.0300,2.0500,9259,0
D,2013-03-01,2.0200,2.0400,2.0100,2.0200,3220,0
D,2013-02-28,2.0100,2.0300,2.0100,2.0300,1069,0
D,2013-02-27,1.9900,2.0300,1.9900,2.0200,626,0
D,2013-02-26,2.0100,2.0100,1.9900,2.0000,572,0
D,2013-02-25,2.0200,2.0300,2.0100,2.0100,2110,0
D,2013-02-22,2.0100,2.0300,2.0100,2.0200,379,0
D,2013-02-21,2.0100,2.0200,2.0100,2.0100,153,0
D,2013-02-20,2.0300,2.0300,2.0100,2.0300,279,0
D,2013-02-19,2.0400,2.0400,2.0200,2.0300,2656,0
D,2013-02-18,2.0200,2.0400,2.0100,2.0400,582,0
D,2013-02-15,2.0200,2.0600,2.0200,2.0300,713,0
D,2013-02-14,2.0000,2.0400,2.0000,2.0300,284,0
D,2013-02-13,2.0000,2.0200,2.0000,2.0200,113,0
D,2013-02-08,2.0000,2.0000,1.9900,2.0000,359,0
D,2013-02-07,1.9600,2.0000,1.9600,2.0000,157,0
D,2013-02-06,2.0000,2.0000,1.9500,1.9500,925,0
D,2013-02-05,2.0200,2.0300,2.0000,2.0000,2472,0
D,2013-02-04,2.0200,2.0500,2.0200,2.0300,1043,0
D,2013-01-31,2.0500,2.0500,2.0100,2.0300,2443,0
D,2013-01-30,2.0700,2.0700,2.0400,2.0400,389,0
D,2013-01-29,2.0500,2.0800,2.0500,2.0700,6117,0
D,2013-01-25,2.0700,2.0700,2.0200,2.0500,890,0
D,2013-01-23,2.0600,2.0700,2.0400,2.0500,176,0
D,2013-01-22,2.0200,2.0500,2.0000,2.0500,604,0
D,2013-01-21,2.0700,2.0800,2.0400,2.0500,6133,0
D,2013-01-18,2.0900,2.1000,2.0800,2.0800,16160,0
D,2013-01-17,2.1000,2.1000,2.0800,2.0900,5297,0
D,2013-01-16,2.1000,2.1300,2.0900,2.0900,7756,0
D,2013-01-15,2.0900,2.1000,2.0900,2.1000,327,0
D,2013-01-14,2.1100,2.1100,2.1000,2.1100,694,0
D,2013-01-11,2.1400,2.1500,2.1100,2.1100,4494,0
D,2013-01-10,2.1300,2.1400,2.1300,2.1400,1499,0
D,2013-01-09,2.1400,2.1500,2.1200,2.1300,466,0
D,2013-01-08,2.1400,2.1400,2.1100,2.1400,3902,0
D,2013-01-07,2.0800,2.1300,2.0800,2.1300,5253,0
D,2013-01-04,2.0200,2.0600,2.0200,2.0400,1977,0
D,2013-01-03,2.0300,2.0500,2.0100,2.0300,8204,0
D,2013-01-02,2.0000,2.0100,1.9900,2.0100,1719,0
D,2012-12-31,1.9600,2.0000,1.9600,1.9900,9183,0
D,2012-12-28,1.9300,1.9800,1.9300,1.9600,35832,0
D,2012-12-27,1.9300,1.9400,1.9200,1.9200,6077,0
D,2012-12-26,1.9400,1.9500,1.9300,1.9300,3785,0
D,2012-12-24,1.9400,1.9400,1.9200,1.9400,2280,0
D,2012-12-21,1.9600,1.9600,1.9300,1.9300,5009,0
D,2012-12-20,1.9600,1.9700,1.9600,1.9700,2373,0
D,2012-12-19,1.9800,1.9800,1.9600,1.9700,2160,0
D,2012-12-18,1.9700,1.9700,1.9400,1.9600,3929,0
D,2012-12-17,2.0000,2.0100,1.9600,1.9700,3439,0
D,2012-12-14,2.0000,2.0100,1.9900,2.0000,2333,0
D,2012-12-13,2.0200,2.0200,1.9900,2.0000,5514,0
D,2012-12-12,2.0000,2.0100,1.9900,1.9900,5202,0
D,2012-12-11,2.0000,2.0100,2.0000,2.0000,2445,0
D,2012-12-10,2.0000,2.0000,1.9900,1.9900,3988,0
D,2012-12-07,2.0000,2.0000,1.9800,1.9800,5554,0
D,2012-12-06,2.0100,2.0100,2.0000,2.0000,3850,0
D,2012-12-05,2.0300,2.0300,2.0100,2.0100,876,0
D,2012-12-04,2.0200,2.0500,2.0200,2.0300,7104,0
D,2012-12-03,2.0700,2.0700,2.0200,2.0400,1892,0
D,2012-11-30,2.0200,2.1000,2.0100,2.0500,1036,0
D,2012-11-29,2.0500,2.0600,2.0100,2.0100,1726,0
D,2012-11-28,2.0400,2.0600,2.0400,2.0500,1051,0
D,2012-11-27,2.0500,2.0600,2.0400,2.0400,9366,0
D,2012-11-26,2.0600,2.0600,2.0400,2.0500,1900,0
D,2012-11-23,2.1300,2.1300,2.0400,2.0400,5650,0
D,2012-11-22,2.1300,2.1300,2.1200,2.1300,7392,0
D,2012-11-21,2.1600,2.1600,2.1200,2.1300,5009,0
D,2012-11-20,2.1800,2.1800,2.1600,2.1700,690,0
D,2012-11-19,2.1900,2.2100,2.1800,2.2000,4428,0
D,2012-11-16,2.2300,2.2300,2.2000,2.2100,5365,0
D,2012-11-14,2.2600,2.2800,2.2200,2.2300,2135,0
D,2012-11-12,2.2700,2.3000,2.2500,2.2500,2844,0
D,2012-11-09,2.2800,2.2800,2.2700,2.2700,625,0
D,2012-11-08,2.3000,2.3300,2.2800,2.2800,5623,0
D,2012-11-07,2.2700,2.3000,2.2700,2.3000,6084,0
D,2012-11-06,2.3100,2.3100,2.3000,2.3000,493,0
D,2012-11-05,2.3200,2.3200,2.3000,2.3100,2650,0
D,2012-11-02,2.3200,2.3400,2.3000,2.3400,4711,0
D,2012-11-01,2.3000,2.3400,2.3000,2.3100,2976,0
D,2012-10-31,2.3000,2.3200,2.2800,2.3100,2485,0
D,2012-10-30,2.3800,2.3800,2.3300,2.3400,2401,0
D,2012-10-29,2.3700,2.3900,2.3700,2.3800,2467,0
D,2012-10-25,2.3000,2.3600,2.3000,2.3500,3275,0
D,2012-10-24,2.3200,2.3300,2.3200,2.3300,2146,0
D,2012-10-23,2.3000,2.3400,2.3000,2.3300,2673,0
D,2012-10-22,2.3000,2.3100,2.2900,2.3000,651,0
D,2012-10-19,2.3400,2.3600,2.3100,2.3200,5828,0
D,2012-10-18,2.3100,2.3300,2.3000,2.3200,5054,0
D,2012-10-17,2.3100,2.3100,2.3000,2.3100,2640,0
D,2012-10-16,2.3000,2.3100,2.3000,2.3100,2046,0
D,2012-10-15,2.3200,2.3300,2.3000,2.3200,1411,0
D,2012-10-12,2.3200,2.3200,2.3000,2.3000,545,0
D,2012-10-11,2.3200,2.3300,2.3200,2.3200,510,0
D,2012-10-10,2.3000,2.3300,2.3000,2.3300,1912,0
D,2012-10-09,2.3100,2.3400,2.3000,2.3400,1139,0
D,2012-10-08,2.3000,2.3100,2.3000,2.3000,541,0
D,2012-10-05,2.3000,2.3100,2.2900,2.2900,5214,0
D,2012-10-04,2.2700,2.2800,2.2600,2.2800,16558,0
D,2012-10-03,2.3100,2.3100,2.2700,2.2800,12795,0
D,2012-05-03,2.6100,2.6200,2.6000,2.6200,5237,0
D,2012-05-02,2.6200,2.6200,2.5800,2.6100,6868,0
