D,2014-10-14,0.0350,0.0350,0.0350,0.0350,100,0
D,2014-10-13,0.0350,0.0400,0.0350,0.0350,1340,0
D,2014-10-10,0.0350,0.0350,0.0350,0.0350,4000,0
D,2014-10-09,0.0400,0.0450,0.0400,0.0400,5495,0
D,2014-10-08,0.0400,0.0400,0.0400,0.0400,35185,0
D,2014-10-07,0.0400,0.0400,0.0400,0.0400,7280,0
D,2014-10-03,0.0400,0.0400,0.0400,0.0400,5440,0
D,2014-10-02,0.0400,0.0400,0.0400,0.0400,9900,0
D,2014-10-01,0.0400,0.0450,0.0400,0.0450,1094,0
D,2014-09-30,0.0400,0.0400,0.0400,0.0400,1000,0
D,2014-09-29,0.0450,0.0500,0.0450,0.0450,44776,0
D,2014-09-26,0.0400,0.0450,0.0400,0.0450,11512,0
D,2014-09-25,0.0400,0.0400,0.0400,0.0400,300,0
D,2014-09-24,0.0400,0.0450,0.0400,0.0450,800,0
D,2014-09-23,0.0450,0.0450,0.0450,0.0450,7800,0
D,2014-09-22,0.0400,0.0400,0.0400,0.0400,1000,0
D,2014-09-19,0.0450,0.0450,0.0450,0.0450,300,0
D,2014-09-18,0.0450,0.0450,0.0450,0.0450,6250,0
D,2014-09-17,0.0450,0.0500,0.0450,0.0500,67842,0
D,2014-09-15,0.0450,0.0450,0.0400,0.0450,7222,0
D,2014-09-12,0.0400,0.0450,0.0400,0.0450,2005,0
D,2014-09-11,0.0450,0.0450,0.0450,0.0450,5070,0
D,2014-09-10,0.0450,0.0450,0.0450,0.0450,1210,0
D,2014-09-09,0.0450,0.0450,0.0450,0.0450,65328,0
D,2014-09-08,0.0400,0.0400,0.0400,0.0400,1000,0
D,2014-09-05,0.0400,0.0450,0.0400,0.0400,6790,0
D,2014-09-04,0.0400,0.0400,0.0400,0.0400,4050,0
D,2014-09-03,0.0400,0.0450,0.0400,0.0450,17551,0
D,2014-09-02,0.0400,0.0400,0.0400,0.0400,13394,0
D,2014-08-29,0.0400,0.0400,0.0400,0.0400,3000,0
D,2014-08-28,0.0400,0.0450,0.0400,0.0400,15165,0
D,2014-08-27,0.0400,0.0400,0.0400,0.0400,17000,0
D,2014-08-26,0.0400,0.0400,0.0400,0.0400,11500,0
D,2014-08-25,0.0400,0.0450,0.0400,0.0450,12110,0
D,2014-08-22,0.0400,0.0400,0.0400,0.0400,12457,0
D,2014-08-21,0.0450,0.0450,0.0400,0.0400,11700,0
D,2014-08-20,0.0400,0.0500,0.0400,0.0400,49450,0
D,2014-08-19,0.0450,0.0450,0.0400,0.0450,10500,0
D,2014-08-18,0.0450,0.0450,0.0400,0.0400,12977,0
D,2014-08-15,0.0450,0.0450,0.0400,0.0450,14423,0
D,2014-08-14,0.0450,0.0500,0.0450,0.0450,79105,0
D,2014-08-13,0.0400,0.0400,0.0400,0.0400,13500,0
D,2014-08-12,0.0400,0.0450,0.0400,0.0450,50153,0
D,2014-08-11,0.0400,0.0400,0.0400,0.0400,14600,0
D,2014-08-08,0.0450,0.0450,0.0400,0.0400,15134,0
D,2014-08-07,0.0450,0.0500,0.0450,0.0450,43453,0
D,2014-08-06,0.0400,0.0500,0.0400,0.0450,202259,0
D,2014-08-05,0.0350,0.0400,0.0350,0.0400,2317,0
D,2014-08-04,0.0300,0.0400,0.0300,0.0400,11504,0
D,2014-08-01,0.0350,0.0350,0.0350,0.0350,0,0
D,2014-07-31,0.0350,0.0350,0.0350,0.0350,66,0
D,2014-07-30,0.0300,0.0300,0.0300,0.0300,0,0
D,2014-07-25,0.0300,0.0300,0.0300,0.0300,200,0
D,2014-07-24,0.0300,0.0300,0.0300,0.0300,1400,0
D,2014-07-23,0.0350,0.0350,0.0350,0.0350,2500,0
D,2014-07-22,0.0350,0.0350,0.0300,0.0350,504,0
D,2014-07-21,0.0300,0.0350,0.0300,0.0300,3000,0
D,2014-07-18,0.0350,0.0350,0.0300,0.0300,5300,0
D,2014-07-17,0.0350,0.0350,0.0300,0.0300,4100,0
D,2014-07-16,0.0300,0.0350,0.0300,0.0350,11380,0
D,2014-07-14,0.0400,0.0400,0.0400,0.0400,0,0
D,2014-07-11,0.0350,0.0400,0.0350,0.0400,4801,0
D,2014-07-10,0.0350,0.0350,0.0350,0.0350,1200,0
D,2014-07-09,0.0400,0.0400,0.0400,0.0400,0,0
D,2014-07-08,0.0350,0.0400,0.0350,0.0400,2,0
D,2014-07-07,0.0350,0.0400,0.0350,0.0400,4002,0
D,2014-07-04,0.0350,0.0350,0.0350,0.0350,959,0
D,2014-07-03,0.0350,0.0350,0.0350,0.0350,1500,0
D,2014-07-02,0.0350,0.0350,0.0350,0.0350,0,0
D,2014-07-01,0.0350,0.0350,0.0350,0.0350,4000,0
D,2014-06-30,0.0350,0.0400,0.0350,0.0400,3405,0
D,2014-06-27,0.0350,0.0350,0.0350,0.0350,0,0
D,2014-06-26,0.0350,0.0350,0.0350,0.0350,4500,0
D,2014-06-25,0.0350,0.0350,0.0350,0.0350,3001,0
D,2014-06-24,0.0350,0.0400,0.0350,0.0400,3291,0
D,2014-06-23,0.0350,0.0350,0.0350,0.0350,1600,0
D,2014-06-20,0.0350,0.0350,0.0350,0.0350,3052,0
D,2014-06-19,0.0350,0.0350,0.0350,0.0350,250,0
D,2014-06-18,0.0350,0.0350,0.0350,0.0350,400,0
D,2014-06-17,0.0400,0.0400,0.0350,0.0350,1827,0
D,2014-06-16,0.0400,0.0400,0.0400,0.0400,10150,0
D,2014-06-13,0.0350,0.0350,0.0350,0.0350,250,0
D,2014-06-12,0.0350,0.0350,0.0350,0.0350,0,0
D,2014-06-11,0.0350,0.0350,0.0300,0.0350,1873,0
D,2014-06-10,0.0350,0.0350,0.0350,0.0350,0,0
D,2014-06-09,0.0350,0.0350,0.0350,0.0350,12668,0
D,2014-06-06,0.0350,0.0350,0.0350,0.0350,1000,0
D,2014-06-05,0.0400,0.0400,0.0400,0.0400,0,0
D,2014-06-04,0.0350,0.0400,0.0350,0.0400,3680,0
D,2014-06-03,0.0350,0.0400,0.0350,0.0400,1302,0
D,2014-06-02,0.0350,0.0400,0.0350,0.0400,4131,0
D,2014-05-30,0.0400,0.0400,0.0400,0.0400,0,0
D,2014-05-29,0.0350,0.0400,0.0350,0.0400,461,0
D,2014-05-28,0.0400,0.0400,0.0400,0.0400,0,0
D,2014-05-27,0.0400,0.0400,0.0400,0.0400,0,0
D,2014-05-26,0.0400,0.0400,0.0400,0.0400,0,0
D,2014-05-23,0.0400,0.0400,0.0400,0.0400,0,0
D,2014-05-22,0.0400,0.0400,0.0400,0.0400,0,0
D,2014-05-21,0.0350,0.0400,0.0350,0.0400,5072,0
D,2014-05-20,0.0350,0.0350,0.0350,0.0350,1650,0
D,2014-05-19,0.0350,0.0350,0.0350,0.0350,2320,0
D,2014-05-16,0.0350,0.0350,0.0350,0.0350,0,0
D,2014-05-15,0.0350,0.0350,0.0350,0.0350,0,0
D,2014-05-14,0.0350,0.0350,0.0350,0.0350,0,0
D,2014-05-12,0.0350,0.0350,0.0350,0.0350,0,0
D,2014-05-09,0.0350,0.0350,0.0350,0.0350,6286,0
D,2014-05-08,0.0400,0.0400,0.0400,0.0400,2500,0
D,2014-05-07,0.0400,0.0400,0.0400,0.0400,1200,0
D,2014-05-06,0.0350,0.0350,0.0350,0.0350,650,0
D,2014-05-05,0.0400,0.0400,0.0400,0.0400,1300,0
D,2014-05-02,0.0350,0.0350,0.0350,0.0350,500,0
D,2014-04-30,0.0350,0.0350,0.0350,0.0350,140,0
D,2014-04-29,0.0350,0.0350,0.0350,0.0350,6000,0
D,2014-04-28,0.0350,0.0350,0.0350,0.0350,8289,0
D,2014-04-25,0.0350,0.0350,0.0350,0.0350,1000,0
D,2014-04-24,0.0400,0.0400,0.0400,0.0400,0,0
D,2014-04-23,0.0350,0.0400,0.0350,0.0400,2289,0
D,2014-04-22,0.0350,0.0350,0.0350,0.0350,1500,0
D,2014-04-21,0.0400,0.0400,0.0400,0.0400,800,0
D,2014-04-18,0.0400,0.0400,0.0400,0.0400,5250,0
D,2014-04-17,0.0400,0.0400,0.0400,0.0400,6819,0
D,2014-04-16,0.0350,0.0350,0.0350,0.0350,0,0
D,2014-04-15,0.0400,0.0400,0.0350,0.0350,202,0
D,2014-04-14,0.0400,0.0400,0.0400,0.0400,2501,0
D,2014-04-11,0.0400,0.0400,0.0400,0.0400,1350,0
D,2014-04-10,0.0400,0.0400,0.0400,0.0400,0,0
D,2014-04-09,0.0400,0.0400,0.0400,0.0400,1499,0
D,2014-04-08,0.0400,0.0400,0.0350,0.0400,1002,0
D,2014-04-07,0.0400,0.0400,0.0400,0.0400,2577,0
D,2014-04-04,0.0400,0.0400,0.0400,0.0400,4000,0
D,2014-04-03,0.0400,0.0400,0.0400,0.0400,5997,0
D,2014-04-02,0.0400,0.0400,0.0400,0.0400,1550,0
D,2014-04-01,0.0400,0.0400,0.0400,0.0400,1200,0
D,2014-03-31,0.0400,0.0400,0.0400,0.0400,4201,0
D,2014-03-28,0.0400,0.0400,0.0400,0.0400,1801,0
D,2014-03-27,0.0400,0.0400,0.0400,0.0400,901,0
D,2014-03-26,0.0400,0.0400,0.0400,0.0400,6899,0
D,2014-03-25,0.0400,0.0400,0.0400,0.0400,3450,0
D,2014-03-24,0.0400,0.0400,0.0400,0.0400,4420,0
D,2014-03-21,0.0400,0.0400,0.0400,0.0400,5220,0
D,2014-03-20,0.0400,0.0400,0.0400,0.0400,7300,0
D,2014-03-19,0.0400,0.0400,0.0400,0.0400,200,0
D,2014-03-18,0.0450,0.0450,0.0450,0.0450,0,0
D,2014-03-17,0.0450,0.0450,0.0450,0.0450,0,0
D,2014-03-14,0.0450,0.0450,0.0450,0.0450,0,0
D,2014-03-13,0.0400,0.0450,0.0400,0.0450,2940,0
D,2014-03-12,0.0400,0.0400,0.0400,0.0400,0,0
D,2014-03-11,0.0400,0.0400,0.0400,0.0400,500,0
D,2014-03-10,0.0400,0.0450,0.0400,0.0450,13300,0
D,2014-03-07,0.0400,0.0400,0.0400,0.0400,1300,0
D,2014-03-06,0.0400,0.0450,0.0400,0.0400,8950,0
D,2014-03-05,0.0400,0.0400,0.0400,0.0400,0,0
D,2014-03-04,0.0400,0.0400,0.0400,0.0400,3050,0
D,2014-03-03,0.0400,0.0400,0.0400,0.0400,400,0
D,2014-02-28,0.0400,0.0450,0.0400,0.0400,8200,0
D,2014-02-27,0.0450,0.0450,0.0400,0.0400,8005,0
D,2014-02-26,0.0450,0.0450,0.0450,0.0450,9497,0
D,2014-02-25,0.0450,0.0450,0.0450,0.0450,2110,0
D,2014-02-24,0.0450,0.0450,0.0450,0.0450,8020,0
D,2014-02-21,0.0450,0.0450,0.0450,0.0450,1600,0
D,2014-02-20,0.0450,0.0450,0.0450,0.0450,1140,0
D,2014-02-19,0.0450,0.0450,0.0450,0.0450,11856,0
D,2014-02-18,0.0450,0.0450,0.0450,0.0450,61570,0
D,2014-02-17,0.0450,0.0450,0.0400,0.0400,3100,0
D,2014-02-14,0.0400,0.0400,0.0400,0.0400,2000,0
D,2014-02-13,0.0400,0.0450,0.0400,0.0450,17906,0
D,2014-02-12,0.0400,0.0400,0.0400,0.0400,3840,0
D,2014-02-11,0.0400,0.0400,0.0400,0.0400,3001,0
D,2014-02-10,0.0400,0.0400,0.0400,0.0400,27702,0
D,2014-02-07,0.0400,0.0400,0.0400,0.0400,2401,0
D,2014-02-06,0.0400,0.0400,0.0400,0.0400,2620,0
D,2014-02-05,0.0400,0.0450,0.0400,0.0450,3751,0
D,2014-02-04,0.0400,0.0400,0.0400,0.0400,0,0
D,2014-01-30,0.0400,0.0400,0.0400,0.0400,0,0
D,2014-01-29,0.0400,0.0400,0.0400,0.0400,1200,0
D,2014-01-28,0.0400,0.0400,0.0400,0.0400,10094,0
D,2014-01-27,0.0450,0.0450,0.0400,0.0400,7100,0
D,2014-01-24,0.0400,0.0450,0.0400,0.0450,1100,0
D,2014-01-23,0.0400,0.0450,0.0400,0.0450,8000,0
D,2014-01-22,0.0400,0.0400,0.0400,0.0400,5500,0
D,2014-01-21,0.0400,0.0400,0.0400,0.0400,2100,0
D,2014-01-20,0.0400,0.0400,0.0400,0.0400,7500,0
D,2014-01-16,0.0400,0.0400,0.0400,0.0400,1000,0
D,2014-01-15,0.0400,0.0400,0.0400,0.0400,7000,0
D,2014-01-13,0.0450,0.0450,0.0450,0.0450,3000,0
D,2014-01-10,0.0400,0.0400,0.0400,0.0400,0,0
D,2014-01-09,0.0400,0.0400,0.0400,0.0400,600,0
D,2014-01-08,0.0400,0.0450,0.0400,0.0400,2000,0
D,2014-01-07,0.0450,0.0450,0.0450,0.0450,4180,0
D,2014-01-06,0.0450,0.0450,0.0400,0.0450,8753,0
D,2014-01-03,0.0450,0.0450,0.0450,0.0450,3273,0
D,2014-01-02,0.0450,0.0450,0.0450,0.0450,5300,0
D,2013-12-31,0.0450,0.0450,0.0450,0.0450,2410,0
D,2013-12-30,0.0450,0.0500,0.0450,0.0500,9926,0
D,2013-12-27,0.0450,0.0450,0.0450,0.0450,2250,0
D,2013-12-26,0.0450,0.0450,0.0450,0.0450,200,0
D,2013-12-24,0.0500,0.0500,0.0500,0.0500,300,0
D,2013-12-23,0.0450,0.0500,0.0400,0.0500,4000,0
D,2013-12-20,0.0450,0.0450,0.0450,0.0450,680,0
D,2013-12-19,0.0450,0.0450,0.0450,0.0450,2500,0
D,2013-12-18,0.0450,0.0450,0.0450,0.0450,800,0
D,2013-12-17,0.0450,0.0500,0.0450,0.0450,10100,0
D,2013-12-16,0.0450,0.0450,0.0450,0.0450,600,0
D,2013-12-13,0.0450,0.0450,0.0400,0.0400,1650,0
D,2013-12-12,0.0450,0.0450,0.0450,0.0450,300,0
D,2013-12-11,0.0450,0.0450,0.0400,0.0400,2200,0
D,2013-12-10,0.0450,0.0450,0.0450,0.0450,1000,0
D,2013-12-09,0.0400,0.0400,0.0400,0.0400,2600,0
D,2013-12-06,0.0400,0.0400,0.0400,0.0400,2000,0
D,2013-12-05,0.0400,0.0400,0.0400,0.0400,5226,0
D,2013-12-04,0.0450,0.0450,0.0450,0.0450,0,0
D,2013-12-03,0.0450,0.0450,0.0450,0.0450,0,0
D,2013-12-02,0.0450,0.0450,0.0450,0.0450,5281,0
D,2013-11-29,0.0450,0.0450,0.0450,0.0450,1500,0
D,2013-11-28,0.0450,0.0450,0.0450,0.0450,1300,0
D,2013-11-27,0.0450,0.0450,0.0450,0.0450,6486,0
D,2013-11-26,0.0450,0.0450,0.0450,0.0450,3180,0
D,2013-11-25,0.0450,0.0450,0.0450,0.0450,2720,0
D,2013-11-22,0.0500,0.0500,0.0450,0.0500,4100,0
D,2013-11-21,0.0500,0.0500,0.0450,0.0450,33136,0
D,2013-11-20,0.0500,0.0500,0.0500,0.0500,12243,0
D,2013-11-19,0.0500,0.0550,0.0500,0.0500,25120,0
D,2013-11-18,0.0500,0.0500,0.0500,0.0500,4851,0
D,2013-11-15,0.0500,0.0500,0.0500,0.0500,550,0
D,2013-11-14,0.0500,0.0550,0.0500,0.0500,2805,0
D,2013-11-13,0.0500,0.0500,0.0500,0.0500,4888,0
D,2013-11-12,0.0500,0.0500,0.0500,0.0500,6666,0
D,2013-11-11,0.0500,0.0500,0.0500,0.0500,7640,0
D,2013-11-08,0.0550,0.0550,0.0500,0.0500,1341,0
D,2013-11-07,0.0500,0.0550,0.0500,0.0550,17651,0
D,2013-11-06,0.0550,0.0550,0.0500,0.0500,5081,0
D,2013-11-04,0.0500,0.0500,0.0500,0.0500,15989,0
D,2013-11-01,0.0500,0.0500,0.0500,0.0500,10310,0
D,2013-10-31,0.0500,0.0550,0.0500,0.0500,5140,0
D,2013-10-30,0.0500,0.0500,0.0500,0.0500,1000,0
D,2013-10-29,0.0550,0.0550,0.0500,0.0500,1801,0
D,2013-10-28,0.0500,0.0550,0.0500,0.0550,6420,0
D,2013-10-25,0.0550,0.0550,0.0500,0.0500,10900,0
D,2013-10-24,0.0500,0.0550,0.0500,0.0550,11331,0
D,2013-10-23,0.0500,0.0550,0.0500,0.0550,11527,0
D,2013-10-22,0.0500,0.0500,0.0500,0.0500,10236,0
D,2013-10-21,0.0500,0.0550,0.0450,0.0500,17135,0
D,2013-10-18,0.0500,0.0550,0.0500,0.0500,38540,0
D,2013-10-17,0.0500,0.0550,0.0500,0.0500,43251,0
D,2013-10-16,0.0500,0.0500,0.0450,0.0500,57028,0
D,2013-10-14,0.0500,0.0500,0.0450,0.0500,34450,0
D,2013-10-11,0.0550,0.0550,0.0500,0.0500,77249,0
D,2013-10-10,0.0550,0.0550,0.0500,0.0500,65731,0
D,2013-10-09,0.0550,0.0600,0.0500,0.0500,52507,0
D,2013-10-08,0.0550,0.0600,0.0550,0.0600,37884,0
D,2013-10-07,0.0600,0.0700,0.0500,0.0550,215264,0
D,2013-10-04,0.0750,0.0750,0.0550,0.0600,220720,0
D,2013-10-03,0.0900,0.0900,0.0750,0.0750,220754,0
D,2013-10-02,0.0900,0.1000,0.0850,0.0900,180322,0
D,2013-10-01,0.1000,0.1000,0.0850,0.0900,126447,0
D,2013-09-30,0.1000,0.1050,0.0950,0.1000,114951,0
D,2013-09-27,0.1000,0.1100,0.1000,0.1000,657277,0
D,2013-09-26,0.1000,0.1050,0.0950,0.1000,506321,0
D,2013-09-25,0.1050,0.1050,0.0950,0.0950,176342,0
D,2013-09-24,0.1000,0.1050,0.0950,0.1000,282388,0
D,2013-09-23,0.1100,0.1200,0.0900,0.0950,1481926,0
D,2013-09-20,0.0600,0.1000,0.0600,0.1000,1143338,0
D,2013-09-19,0.0600,0.0600,0.0550,0.0600,43182,0
D,2013-09-18,0.0600,0.0600,0.0550,0.0550,3300,0
D,2013-09-17,0.0550,0.0600,0.0550,0.0600,153780,0
D,2013-09-13,0.0500,0.0550,0.0500,0.0500,50385,0
D,2013-09-12,0.0450,0.0500,0.0450,0.0500,910,0
D,2013-09-11,0.0450,0.0500,0.0450,0.0450,27240,0
D,2013-09-10,0.0500,0.0500,0.0450,0.0500,28010,0
D,2013-09-09,0.0500,0.0500,0.0450,0.0500,7053,0
D,2013-09-06,0.0500,0.0500,0.0450,0.0450,5500,0
D,2013-09-05,0.0500,0.0500,0.0450,0.0500,34760,0
D,2013-09-04,0.0500,0.0500,0.0450,0.0500,13339,0
D,2013-09-03,0.0500,0.0500,0.0450,0.0500,16460,0
D,2013-09-02,0.0500,0.0500,0.0450,0.0500,27517,0
D,2013-08-30,0.0500,0.0550,0.0450,0.0550,104720,0
D,2013-08-29,0.0450,0.0500,0.0450,0.0500,161569,0
D,2013-08-28,0.0400,0.0450,0.0400,0.0450,92675,0
D,2013-08-27,0.0450,0.0450,0.0400,0.0450,160704,0
D,2013-08-26,0.0500,0.0500,0.0450,0.0450,13541,0
D,2013-08-23,0.0500,0.0550,0.0450,0.0500,108634,0
D,2013-08-22,0.0550,0.0550,0.0450,0.0450,180943,0
D,2013-08-21,0.0600,0.0650,0.0550,0.0550,149768,0
D,2013-08-20,0.0650,0.0650,0.0550,0.0600,56178,0
D,2013-08-19,0.0700,0.0750,0.0600,0.0650,409958,0
D,2013-08-16,0.0700,0.0750,0.0650,0.0650,902145,0
D,2013-08-15,0.0650,0.0750,0.0650,0.0700,685572,0
D,2013-08-14,0.0500,0.0650,0.0500,0.0650,1045617,0
D,2013-08-13,0.0450,0.0500,0.0450,0.0500,9240,0
D,2013-08-12,0.0500,0.0500,0.0450,0.0450,1700,0
D,2013-08-07,0.0450,0.0450,0.0450,0.0450,10930,0
D,2013-08-06,0.0450,0.0450,0.0450,0.0450,8988,0
D,2013-08-05,0.0450,0.0500,0.0450,0.0500,60924,0
D,2013-08-02,0.0450,0.0450,0.0450,0.0450,0,0
D,2013-08-01,0.0400,0.0450,0.0400,0.0450,5100,0
D,2013-07-31,0.0450,0.0450,0.0450,0.0450,3581,0
D,2013-07-30,0.0400,0.0450,0.0400,0.0450,18580,0
D,2013-07-29,0.0400,0.0400,0.0400,0.0400,1070,0
D,2013-07-26,0.0400,0.0400,0.0400,0.0400,1302,0
D,2013-07-25,0.0450,0.0450,0.0450,0.0450,8780,0
D,2013-07-24,0.0450,0.0500,0.0400,0.0500,92458,0
D,2013-07-23,0.0400,0.0400,0.0400,0.0400,3500,0
D,2013-07-22,0.0400,0.0400,0.0400,0.0400,1400,0
D,2013-07-19,0.0400,0.0400,0.0400,0.0400,2000,0
D,2013-07-18,0.0400,0.0400,0.0400,0.0400,0,0
D,2013-07-17,0.0400,0.0400,0.0400,0.0400,3700,0
D,2013-07-16,0.0400,0.0400,0.0400,0.0400,900,0
D,2013-07-15,0.0400,0.0400,0.0400,0.0400,2951,0
D,2013-07-12,0.0400,0.0400,0.0400,0.0400,11602,0
D,2013-07-11,0.0450,0.0450,0.0400,0.0400,8571,0
D,2013-07-10,0.0400,0.0400,0.0400,0.0400,3800,0
D,2013-07-09,0.0400,0.0400,0.0400,0.0400,0,0
D,2013-07-08,0.0400,0.0400,0.0400,0.0400,0,0
D,2013-07-05,0.0400,0.0400,0.0400,0.0400,2000,0
D,2013-07-04,0.0350,0.0400,0.0350,0.0400,5100,0
D,2013-07-03,0.0350,0.0350,0.0350,0.0350,0,0
D,2013-07-02,0.0350,0.0350,0.0350,0.0350,1100,0
D,2013-07-01,0.0350,0.0350,0.0350,0.0350,0,0
D,2013-06-28,0.0400,0.0400,0.0350,0.0350,7152,0
D,2013-06-27,0.0400,0.0400,0.0400,0.0400,550,0
D,2013-06-26,0.0400,0.0400,0.0400,0.0400,8601,0
D,2013-06-25,0.0400,0.0400,0.0400,0.0400,4615,0
D,2013-06-24,0.0400,0.0400,0.0400,0.0400,44758,0
D,2013-06-21,0.0400,0.0400,0.0350,0.0350,5000,0
D,2013-06-20,0.0400,0.0400,0.0400,0.0400,22000,0
D,2013-06-19,0.0350,0.0400,0.0350,0.0400,11000,0
D,2013-06-18,0.0400,0.0400,0.0400,0.0400,7000,0
D,2013-06-17,0.0400,0.0450,0.0400,0.0400,4900,0
D,2013-06-14,0.0400,0.0400,0.0400,0.0400,6100,0
D,2013-06-13,0.0400,0.0400,0.0400,0.0400,27820,0
D,2013-06-12,0.0400,0.0400,0.0400,0.0400,0,0
D,2013-06-11,0.0350,0.0400,0.0350,0.0400,13830,0
D,2013-06-10,0.0400,0.0400,0.0400,0.0400,0,0
D,2013-06-07,0.0400,0.0400,0.0400,0.0400,1588,0
D,2013-06-06,0.0400,0.0400,0.0400,0.0400,21640,0
D,2013-06-05,0.0400,0.0400,0.0400,0.0400,38616,0
D,2013-06-04,0.0350,0.0350,0.0350,0.0350,250,0
D,2013-06-03,0.0350,0.0350,0.0350,0.0350,2150,0
D,2013-05-31,0.0350,0.0350,0.0350,0.0350,2000,0
D,2013-05-30,0.0400,0.0400,0.0400,0.0400,1050,0
D,2013-05-29,0.0400,0.0400,0.0350,0.0350,3818,0
D,2013-05-28,0.0400,0.0400,0.0350,0.0350,5779,0
D,2013-05-27,0.0400,0.0450,0.0400,0.0400,9363,0
D,2013-05-23,0.0400,0.0400,0.0400,0.0400,5460,0
D,2013-05-22,0.0450,0.0450,0.0350,0.0400,26351,0
D,2013-05-21,0.0450,0.0450,0.0400,0.0450,2240,0
D,2013-05-20,0.0400,0.0450,0.0400,0.0450,1300,0
D,2013-05-17,0.0400,0.0400,0.0400,0.0400,4500,0
D,2013-05-16,0.0400,0.0400,0.0400,0.0400,12850,0
D,2013-05-15,0.0400,0.0400,0.0400,0.0400,630,0
D,2013-05-14,0.0400,0.0400,0.0400,0.0400,11205,0
D,2013-05-13,0.0400,0.0400,0.0400,0.0400,6500,0
D,2013-05-10,0.0350,0.0400,0.0350,0.0400,12325,0
D,2013-05-09,0.0350,0.0350,0.0350,0.0350,0,0
D,2013-05-08,0.0350,0.0350,0.0350,0.0350,5500,0
D,2013-05-07,0.0350,0.0350,0.0350,0.0350,500,0
D,2013-05-06,0.0350,0.0400,0.0350,0.0350,4460,0
D,2013-05-03,0.0300,0.0300,0.0300,0.0300,9400,0
D,2013-05-02,0.0300,0.0300,0.0300,0.0300,900,0
D,2013-04-30,0.0300,0.0300,0.0300,0.0300,1100,0
D,2013-04-29,0.0350,0.0350,0.0350,0.0350,705,0
D,2013-04-26,0.0350,0.0350,0.0350,0.0350,1845,0
D,2013-04-25,0.0350,0.0350,0.0350,0.0350,100,0
D,2013-04-24,0.0300,0.0350,0.0300,0.0350,2100,0
D,2013-04-23,0.0350,0.0350,0.0350,0.0350,7081,0
D,2013-04-22,0.0350,0.0350,0.0350,0.0350,0,0
D,2013-04-19,0.0350,0.0350,0.0350,0.0350,0,0
D,2013-04-18,0.0350,0.0350,0.0350,0.0350,1650,0
D,2013-04-17,0.0350,0.0350,0.0350,0.0350,450,0
D,2013-04-16,0.0350,0.0350,0.0350,0.0350,4700,0
D,2013-04-15,0.0350,0.0350,0.0350,0.0350,0,0
D,2013-04-12,0.0350,0.0350,0.0350,0.0350,0,0
D,2013-04-11,0.0350,0.0350,0.0350,0.0350,2151,0
D,2013-04-10,0.0350,0.0350,0.0350,0.0350,0,0
D,2013-04-09,0.0350,0.0350,0.0350,0.0350,350,0
D,2013-04-08,0.0350,0.0350,0.0350,0.0350,3200,0
D,2013-04-05,0.0350,0.0400,0.0350,0.0350,600,0
D,2013-04-04,0.0350,0.0350,0.0300,0.0350,4530,0
D,2013-04-03,0.0350,0.0350,0.0300,0.0300,1100,0
D,2013-04-02,0.0350,0.0350,0.0350,0.0350,200,0
D,2013-04-01,0.0350,0.0400,0.0350,0.0400,331,0
D,2013-03-29,0.0350,0.0350,0.0350,0.0350,0,0
D,2013-03-28,0.0300,0.0350,0.0300,0.0350,1200,0
D,2013-03-27,0.0350,0.0350,0.0350,0.0350,0,0
D,2013-03-26,0.0350,0.0350,0.0350,0.0350,0,0
D,2013-03-25,0.0350,0.0350,0.0350,0.0350,2971,0
D,2013-03-22,0.0350,0.0350,0.0350,0.0350,2630,0
D,2013-03-21,0.0350,0.0350,0.0350,0.0350,3400,0
D,2013-03-20,0.0350,0.0350,0.0350,0.0350,5996,0
D,2013-03-19,0.0350,0.0350,0.0350,0.0350,5850,0
D,2013-03-18,0.0350,0.0350,0.0350,0.0350,820,0
D,2013-03-15,0.0350,0.0350,0.0350,0.0350,0,0
D,2013-03-14,0.0350,0.0400,0.0350,0.0350,1601,0
D,2013-03-13,0.0350,0.0350,0.0350,0.0350,1000,0
D,2013-03-12,0.0400,0.0400,0.0350,0.0350,1200,0
D,2013-03-11,0.0400,0.0400,0.0400,0.0400,0,0
D,2013-03-08,0.0400,0.0400,0.0400,0.0400,500,0
D,2013-03-07,0.0350,0.0350,0.0350,0.0350,499,0
D,2013-03-06,0.0350,0.0350,0.0350,0.0350,0,0
D,2013-03-05,0.0400,0.0400,0.0350,0.0350,4556,0
D,2013-03-04,0.0350,0.0350,0.0350,0.0350,1600,0
D,2013-03-01,0.0350,0.0400,0.0350,0.0400,642,0
D,2013-02-28,0.0350,0.0400,0.0350,0.0350,684,0
D,2013-02-27,0.0350,0.0400,0.0350,0.0350,59801,0
D,2013-02-26,0.0400,0.0400,0.0350,0.0400,38380,0
D,2013-02-25,0.0400,0.0400,0.0350,0.0350,13653,0
D,2013-02-22,0.0400,0.0450,0.0400,0.0400,12426,0
D,2013-02-21,0.0450,0.0450,0.0400,0.0400,84788,0
D,2013-02-20,0.0500,0.0550,0.0450,0.0450,301420,0
D,2013-02-19,0.0500,0.0500,0.0500,0.0500,203230,0
D,2013-02-18,0.0450,0.0500,0.0450,0.0500,6400,0
D,2013-02-15,0.0450,0.0450,0.0450,0.0450,5600,0
D,2013-02-14,0.0450,0.0450,0.0450,0.0450,1400,0
D,2013-02-13,0.0450,0.0500,0.0450,0.0450,49686,0
D,2013-02-08,0.0450,0.0450,0.0450,0.0450,800,0
D,2013-02-07,0.0450,0.0500,0.0400,0.0450,25601,0
D,2013-02-06,0.0500,0.0500,0.0450,0.0450,3025,0
D,2013-02-05,0.0450,0.0500,0.0450,0.0500,43120,0
D,2013-02-04,0.0400,0.0500,0.0400,0.0400,69652,0
D,2013-01-31,0.0450,0.0450,0.0400,0.0400,32261,0
D,2013-01-30,0.0450,0.0500,0.0450,0.0450,26227,0
D,2013-01-29,0.0500,0.0500,0.0450,0.0450,19514,0
D,2013-01-25,0.0550,0.0600,0.0500,0.0500,245365,0
D,2013-01-23,0.0550,0.0650,0.0550,0.0550,203541,0
D,2013-01-22,0.0550,0.0550,0.0500,0.0550,19300,0
D,2013-01-21,0.0600,0.0600,0.0550,0.0550,253020,0
D,2013-01-18,0.0600,0.0600,0.0550,0.0600,12218,0
D,2013-01-17,0.0550,0.0600,0.0550,0.0550,166303,0
D,2013-01-16,0.0500,0.0550,0.0500,0.0550,501,0
D,2013-01-15,0.0600,0.0600,0.0500,0.0500,23551,0
D,2013-01-14,0.0550,0.0550,0.0500,0.0550,39800,0
D,2013-01-11,0.0500,0.0650,0.0500,0.0550,263147,0
D,2013-01-10,0.0500,0.0500,0.0500,0.0500,1800,0
D,2013-01-09,0.0450,0.0500,0.0450,0.0500,78291,0
D,2013-01-08,0.0500,0.0500,0.0500,0.0500,0,0
D,2013-01-07,0.0500,0.0500,0.0500,0.0500,0,0
D,2013-01-04,0.0450,0.0500,0.0450,0.0500,501,0
D,2013-01-03,0.0450,0.0450,0.0450,0.0450,14000,0
D,2013-01-02,0.0450,0.0450,0.0450,0.0450,0,0
D,2012-12-31,0.0450,0.0450,0.0450,0.0450,950,0
D,2012-12-28,0.0450,0.0450,0.0450,0.0450,4300,0
D,2012-12-27,0.0450,0.0450,0.0450,0.0450,18095,0
D,2012-12-26,0.0450,0.0450,0.0450,0.0450,1100,0
D,2012-12-24,0.0400,0.0400,0.0400,0.0400,0,0
D,2012-12-21,0.0400,0.0400,0.0400,0.0400,200,0
D,2012-12-20,0.0450,0.0450,0.0450,0.0450,2000,0
D,2012-12-19,0.0450,0.0450,0.0450,0.0450,2000,0
D,2012-12-18,0.0450,0.0450,0.0400,0.0400,2001,0
D,2012-12-17,0.0450,0.0450,0.0450,0.0450,2180,0
D,2012-12-14,0.0450,0.0450,0.0450,0.0450,42641,0
D,2012-12-13,0.0450,0.0450,0.0450,0.0450,3900,0
D,2012-12-12,0.0450,0.0450,0.0450,0.0450,1470,0
D,2012-12-11,0.0450,0.0450,0.0450,0.0450,3400,0
D,2012-12-10,0.0450,0.0500,0.0450,0.0500,49105,0
D,2012-12-07,0.0450,0.0450,0.0450,0.0450,200,0
D,2012-12-06,0.0450,0.0500,0.0450,0.0450,6200,0
D,2012-12-05,0.0500,0.0500,0.0500,0.0500,5000,0
D,2012-12-04,0.0500,0.0500,0.0500,0.0500,48900,0
D,2012-12-03,0.0450,0.0450,0.0450,0.0450,760,0
D,2012-11-30,0.0500,0.0500,0.0450,0.0450,3002,0
D,2012-11-29,0.0450,0.0450,0.0450,0.0450,342,0
D,2012-11-28,0.0450,0.0450,0.0450,0.0450,12700,0
D,2012-11-27,0.0450,0.0450,0.0450,0.0450,11762,0
D,2012-11-26,0.0450,0.0450,0.0450,0.0450,5450,0
D,2012-11-23,0.0450,0.0450,0.0450,0.0450,5790,0
D,2012-11-22,0.0450,0.0450,0.0450,0.0450,3450,0
D,2012-11-21,0.0450,0.0450,0.0450,0.0450,1200,0
D,2012-11-20,0.0450,0.0450,0.0450,0.0450,2300,0
D,2012-11-19,0.0450,0.0500,0.0450,0.0500,21355,0
D,2012-11-16,0.0450,0.0450,0.0450,0.0450,3730,0
D,2012-11-14,0.0450,0.0450,0.0450,0.0450,5300,0
D,2012-11-12,0.0450,0.0450,0.0450,0.0450,21216,0
D,2012-11-09,0.0450,0.0450,0.0450,0.0450,23209,0
D,2012-11-08,0.0450,0.0450,0.0450,0.0450,4100,0
D,2012-11-07,0.0450,0.0500,0.0450,0.0500,6905,0
D,2012-11-06,0.0450,0.0450,0.0450,0.0450,2300,0
D,2012-11-05,0.0450,0.0450,0.0450,0.0450,5450,0
D,2012-11-02,0.0450,0.0500,0.0450,0.0500,10298,0
D,2012-11-01,0.0450,0.0450,0.0450,0.0450,2200,0
D,2012-10-31,0.0450,0.0500,0.0450,0.0450,2401,0
D,2012-10-30,0.0450,0.0450,0.0450,0.0450,20065,0
D,2012-10-29,0.0450,0.0450,0.0450,0.0450,3101,0
D,2012-10-25,0.0450,0.0450,0.0450,0.0450,4400,0
D,2012-10-24,0.0450,0.0500,0.0450,0.0500,6505,0
D,2012-10-23,0.0450,0.0500,0.0450,0.0500,6010,0
D,2012-10-22,0.0450,0.0450,0.0450,0.0450,31792,0
D,2012-10-19,0.0450,0.0500,0.0450,0.0450,13800,0
D,2012-10-18,0.0450,0.0450,0.0450,0.0450,35270,0
D,2012-10-17,0.0400,0.0400,0.0400,0.0400,1300,0
D,2012-10-16,0.0400,0.0400,0.0400,0.0400,13692,0
D,2012-10-15,0.0400,0.0450,0.0400,0.0400,1550,0
D,2012-10-12,0.0400,0.0400,0.0400,0.0400,2810,0
D,2012-10-11,0.0400,0.0400,0.0400,0.0400,20,0
D,2012-10-10,0.0400,0.0400,0.0400,0.0400,2000,0
D,2012-10-09,0.0400,0.0450,0.0400,0.0400,3453,0
D,2012-10-08,0.0400,0.0400,0.0400,0.0400,4000,0
D,2012-10-05,0.0400,0.0400,0.0400,0.0400,5550,0
D,2012-10-04,0.0400,0.0400,0.0400,0.0400,9750,0
D,2012-10-03,0.0400,0.0400,0.0400,0.0400,6165,0
D,2012-05-03,0.0500,0.0500,0.0500,0.0500,5650,0
D,2012-05-02,0.0500,0.0500,0.0500,0.0500,21601,0
