D,2014-10-14,1.3000,1.3000,1.2800,1.2900,880,0
D,2014-10-13,1.3100,1.3100,1.2900,1.2900,2670,0
D,2014-10-10,1.3300,1.3300,1.3100,1.3200,1496,0
D,2014-10-09,1.3300,1.3300,1.3300,1.3300,948,0
D,2014-10-08,1.3300,1.3300,1.3200,1.3300,3265,0
D,2014-10-07,1.3400,1.3400,1.3300,1.3300,263,0
D,2014-10-03,1.3300,1.3400,1.3300,1.3400,700,0
D,2014-10-02,1.3300,1.3300,1.3300,1.3300,3783,0
D,2014-10-01,1.3400,1.3400,1.3300,1.3300,4653,0
D,2014-09-30,1.3300,1.3400,1.3300,1.3300,2115,0
D,2014-09-29,1.3300,1.3400,1.3300,1.3300,1241,0
D,2014-09-26,1.3400,1.3400,1.3400,1.3400,316,0
D,2014-09-25,1.3400,1.3400,1.3400,1.3400,1738,0
D,2014-09-24,1.3400,1.3400,1.3400,1.3400,421,0
D,2014-09-23,1.3300,1.3300,1.3300,1.3300,360,0
D,2014-09-22,1.3300,1.3400,1.3300,1.3300,300,0
D,2014-09-19,1.3300,1.3300,1.3300,1.3300,230,0
D,2014-09-18,1.3400,1.3400,1.3300,1.3300,217,0
D,2014-09-17,1.3300,1.3400,1.3300,1.3300,671,0
D,2014-09-15,1.3400,1.3400,1.3300,1.3300,241,0
D,2014-09-12,1.3400,1.3400,1.3300,1.3400,306,0
D,2014-09-11,1.3300,1.3400,1.3300,1.3400,201,0
D,2014-09-10,1.3400,1.3400,1.3300,1.3300,247,0
D,2014-09-09,1.3300,1.3400,1.3300,1.3300,545,0
D,2014-09-08,1.3300,1.3400,1.3300,1.3300,2071,0
D,2014-09-05,1.3300,1.3400,1.3300,1.3300,1054,0
D,2014-09-04,1.3300,1.3300,1.3200,1.3200,2245,0
D,2014-09-03,1.3500,1.3500,1.3300,1.3300,2735,0
D,2014-09-02,1.3300,1.3400,1.3300,1.3400,1137,0
D,2014-08-29,1.3400,1.3400,1.3300,1.3400,2228,0
D,2014-08-28,1.3400,1.3400,1.3400,1.3400,350,0
D,2014-08-27,1.3400,1.3400,1.3400,1.3400,190,0
D,2014-08-26,1.3400,1.3500,1.3400,1.3400,520,0
D,2014-08-25,1.3300,1.3500,1.3300,1.3500,510,0
D,2014-08-22,1.3300,1.3400,1.3300,1.3400,509,0
D,2014-08-21,1.3400,1.3400,1.3300,1.3400,1080,0
D,2014-08-20,1.3400,1.3400,1.3400,1.3400,554,0
D,2014-08-19,1.3400,1.3400,1.3300,1.3400,780,0
D,2014-08-18,1.3400,1.3400,1.3300,1.3300,3528,0
D,2014-08-15,1.3400,1.3500,1.3400,1.3400,1842,0
D,2014-08-14,1.3300,1.3400,1.3300,1.3400,770,0
D,2014-08-13,1.3300,1.3400,1.3300,1.3400,4806,0
D,2014-08-12,1.3400,1.3400,1.3300,1.3300,1570,0
D,2014-08-11,1.3500,1.3500,1.3400,1.3400,738,0
D,2014-08-08,1.3700,1.3700,1.3500,1.3500,1630,0
D,2014-08-07,1.3700,1.3700,1.3600,1.3600,1230,0
D,2014-08-06,1.4000,1.4000,1.3900,1.4000,1244,0
D,2014-08-05,1.3900,1.4000,1.3900,1.4000,290,0
D,2014-08-04,1.4000,1.4000,1.3900,1.3900,700,0
D,2014-08-01,1.3900,1.4000,1.3900,1.4000,1930,0
D,2014-07-31,1.3900,1.4000,1.3900,1.4000,2980,0
D,2014-07-30,1.4000,1.4000,1.3900,1.4000,639,0
D,2014-07-25,1.4000,1.4000,1.3900,1.3900,1325,0
D,2014-07-24,1.3900,1.4000,1.3900,1.3900,2375,0
D,2014-07-23,1.3800,1.4000,1.3800,1.4000,4012,0
D,2014-07-22,1.3900,1.4000,1.3800,1.3900,11572,0
D,2014-07-21,1.4500,1.4500,1.4400,1.4400,125,0
D,2014-07-18,1.4400,1.4400,1.4400,1.4400,100,0
D,2014-07-17,1.4400,1.4500,1.4400,1.4500,270,0
D,2014-07-16,1.4400,1.4400,1.4400,1.4400,489,0
D,2014-07-14,1.4400,1.4400,1.4400,1.4400,110,0
D,2014-07-11,1.4400,1.4400,1.4400,1.4400,205,0
D,2014-07-10,1.4100,1.4400,1.4100,1.4400,1640,0
D,2014-07-09,1.4100,1.4200,1.4100,1.4200,342,0
D,2014-07-08,1.4100,1.4200,1.4100,1.4100,2060,0
D,2014-07-07,1.4300,1.4300,1.4200,1.4200,1165,0
D,2014-07-04,1.4300,1.4300,1.4300,1.4300,141,0
D,2014-07-03,1.4300,1.4300,1.4200,1.4300,261,0
D,2014-07-02,1.4200,1.4300,1.4200,1.4300,340,0
D,2014-07-01,1.4300,1.4300,1.4200,1.4200,77,0
D,2014-06-30,1.4300,1.4300,1.4200,1.4200,124,0
D,2014-06-27,1.4200,1.4200,1.4200,1.4200,380,0
D,2014-06-26,1.4200,1.4200,1.4200,1.4200,385,0
D,2014-06-25,1.4200,1.4300,1.4200,1.4300,667,0
D,2014-06-24,1.4300,1.4300,1.4200,1.4200,110,0
D,2014-06-23,1.4100,1.4300,1.4100,1.4300,1891,0
D,2014-06-20,1.4100,1.4300,1.4100,1.4200,246,0
D,2014-06-19,1.4200,1.4200,1.4100,1.4100,281,0
D,2014-06-18,1.4000,1.4200,1.4000,1.4200,4754,0
D,2014-06-17,1.4300,1.4300,1.4000,1.4000,6053,0
D,2014-06-16,1.4200,1.4300,1.4200,1.4300,256,0
D,2014-06-13,1.4200,1.4200,1.4100,1.4200,1091,0
D,2014-06-12,1.4200,1.4200,1.4200,1.4200,870,0
D,2014-06-11,1.4100,1.4200,1.4100,1.4200,1431,0
D,2014-06-10,1.4100,1.4100,1.4100,1.4100,12,0
D,2014-06-09,1.4100,1.4200,1.4100,1.4100,130,0
D,2014-06-06,1.4100,1.4100,1.4100,1.4100,633,0
D,2014-06-05,1.4100,1.4200,1.4100,1.4100,1949,0
D,2014-06-04,1.4300,1.4300,1.4300,1.4300,600,0
D,2014-06-03,1.4200,1.4300,1.4200,1.4300,351,0
D,2014-06-02,1.4200,1.4200,1.4200,1.4200,250,0
D,2014-05-30,1.4200,1.4200,1.4200,1.4200,290,0
D,2014-05-29,1.4200,1.4200,1.4100,1.4200,201,0
D,2014-05-28,1.4200,1.4200,1.4200,1.4200,353,0
D,2014-05-27,1.4300,1.4300,1.4200,1.4300,380,0
D,2014-05-26,1.4200,1.4300,1.4200,1.4300,261,0
D,2014-05-23,1.4200,1.4300,1.4200,1.4300,1805,0
D,2014-05-22,1.4200,1.4300,1.4200,1.4300,1201,0
D,2014-05-21,1.4200,1.4300,1.4200,1.4300,545,0
D,2014-05-20,1.4200,1.4200,1.4200,1.4200,1883,0
D,2014-05-19,1.4200,1.4300,1.4200,1.4300,1135,0
D,2014-05-16,1.4100,1.4200,1.4100,1.4200,1073,0
D,2014-05-15,1.4300,1.4300,1.4300,1.4300,80,0
D,2014-05-14,1.4200,1.4200,1.4200,1.4200,710,0
D,2014-05-12,1.4200,1.4200,1.4100,1.4200,436,0
D,2014-05-09,1.4200,1.4200,1.4200,1.4200,120,0
D,2014-05-08,1.4200,1.4200,1.4100,1.4200,634,0
D,2014-05-07,1.4300,1.4300,1.4200,1.4200,1653,0
D,2014-05-06,1.4300,1.4300,1.4300,1.4300,30,0
D,2014-05-05,1.4200,1.4300,1.4200,1.4200,713,0
D,2014-05-02,1.4200,1.4200,1.4200,1.4200,940,0
D,2014-04-30,1.4300,1.4300,1.4100,1.4300,3798,0
D,2014-04-29,1.4500,1.4500,1.4400,1.4500,899,0
D,2014-04-28,1.4500,1.4500,1.4500,1.4500,50,0
D,2014-04-25,1.4500,1.4600,1.4500,1.4600,94,0
D,2014-04-24,1.4500,1.4600,1.4500,1.4500,402,0
D,2014-04-23,1.4400,1.4400,1.4400,1.4400,300,0
D,2014-04-22,1.4400,1.4500,1.4400,1.4500,1005,0
D,2014-04-21,1.4400,1.4400,1.4400,1.4400,150,0
D,2014-04-18,1.4200,1.4400,1.4200,1.4400,83,0
D,2014-04-17,1.4200,1.4200,1.4200,1.4200,360,0
D,2014-04-16,1.4200,1.4300,1.4200,1.4200,330,0
D,2014-04-15,1.4200,1.4200,1.4100,1.4200,327,0
D,2014-04-14,1.4200,1.4200,1.4200,1.4200,755,0
D,2014-04-11,1.4200,1.4200,1.4100,1.4200,330,0
D,2014-04-10,1.4200,1.4200,1.4200,1.4200,50,0
D,2014-04-09,1.4200,1.4200,1.4200,1.4200,53,0
D,2014-04-08,1.4300,1.4400,1.4200,1.4200,390,0
D,2014-04-07,1.4200,1.4200,1.4100,1.4200,653,0
D,2014-04-04,1.4100,1.4200,1.4100,1.4200,90,0
D,2014-04-03,1.4100,1.4100,1.4100,1.4100,2058,0
D,2014-04-02,1.4100,1.4100,1.4100,1.4100,2282,0
D,2014-04-01,1.4100,1.4100,1.4000,1.4100,860,0
D,2014-03-31,1.4100,1.4100,1.4000,1.4000,2141,0
D,2014-03-28,1.4200,1.4200,1.4000,1.4100,385,0
D,2014-03-27,1.4000,1.4100,1.4000,1.4000,984,0
D,2014-03-26,1.4000,1.4000,1.4000,1.4000,5040,0
D,2014-03-25,1.4000,1.4000,1.4000,1.4000,1016,0
D,2014-03-24,1.4100,1.4100,1.3900,1.4000,2773,0
D,2014-03-21,1.4100,1.4100,1.4000,1.4000,3212,0
D,2014-03-20,1.4100,1.4100,1.4100,1.4100,599,0
D,2014-03-19,1.4100,1.4200,1.4100,1.4100,530,0
D,2014-03-18,1.4100,1.4100,1.4100,1.4100,1340,0
D,2014-03-17,1.4000,1.4000,1.4000,1.4000,350,0
D,2014-03-14,1.4100,1.4100,1.4000,1.4000,4395,0
D,2014-03-13,1.4100,1.4100,1.4100,1.4100,732,0
D,2014-03-12,1.4100,1.4100,1.4000,1.4100,1320,0
D,2014-03-11,1.4100,1.4100,1.4100,1.4100,915,0
D,2014-03-10,1.4100,1.4100,1.4100,1.4100,1200,0
D,2014-03-07,1.4100,1.4200,1.4000,1.4100,1362,0
D,2014-03-06,1.4000,1.4000,1.4000,1.4000,3841,0
D,2014-03-05,1.4000,1.4100,1.4000,1.4000,898,0
D,2014-03-04,1.4000,1.4000,1.3900,1.4000,560,0
D,2014-03-03,1.4200,1.4200,1.3800,1.3800,5215,0
D,2014-02-28,1.4400,1.4400,1.4200,1.4200,1429,0
D,2014-02-27,1.4400,1.4400,1.4400,1.4400,6,0
D,2014-02-26,1.4400,1.4400,1.4400,1.4400,511,0
D,2014-02-25,1.4400,1.4400,1.4400,1.4400,407,0
D,2014-02-24,1.4400,1.4400,1.4400,1.4400,555,0
D,2014-02-21,1.4500,1.4500,1.4400,1.4400,1051,0
D,2014-02-20,1.4500,1.4500,1.4400,1.4400,529,0
D,2014-02-19,1.4500,1.4500,1.4400,1.4400,1163,0
D,2014-02-18,1.4400,1.4500,1.4400,1.4500,1088,0
D,2014-02-17,1.4700,1.4700,1.4400,1.4400,3343,0
D,2014-02-14,1.4700,1.4700,1.4700,1.4700,600,0
D,2014-02-13,1.4800,1.4800,1.4700,1.4700,965,0
D,2014-02-12,1.4800,1.4800,1.4700,1.4700,988,0
D,2014-02-11,1.4900,1.4900,1.4800,1.4800,1299,0
D,2014-02-10,1.5300,1.5400,1.5300,1.5300,1813,0
D,2014-02-07,1.5300,1.5300,1.5200,1.5200,222,0
D,2014-02-06,1.5200,1.5200,1.5100,1.5100,1281,0
D,2014-02-05,1.5200,1.5300,1.5100,1.5100,2277,0
D,2014-02-04,1.5300,1.5400,1.5200,1.5300,3557,0
D,2014-01-30,1.5300,1.5400,1.5300,1.5400,169,0
D,2014-01-29,1.5300,1.5400,1.5300,1.5400,724,0
D,2014-01-28,1.5200,1.5200,1.5100,1.5200,1065,0
D,2014-01-27,1.5100,1.5200,1.5100,1.5200,435,0
D,2014-01-24,1.5200,1.5300,1.5200,1.5200,480,0
D,2014-01-23,1.5100,1.5200,1.5100,1.5200,860,0
D,2014-01-22,1.5200,1.5300,1.5200,1.5300,122,0
D,2014-01-21,1.5200,1.5200,1.5100,1.5100,657,0
D,2014-01-20,1.5300,1.5300,1.5100,1.5100,633,0
D,2014-01-16,1.5200,1.5300,1.5200,1.5300,86,0
D,2014-01-15,1.5200,1.5300,1.5200,1.5200,285,0
D,2014-01-13,1.5300,1.5300,1.5100,1.5200,260,0
D,2014-01-10,1.5300,1.5300,1.5300,1.5300,183,0
D,2014-01-09,1.5400,1.5400,1.5300,1.5300,52,0
D,2014-01-08,1.5300,1.5400,1.5200,1.5400,207,0
D,2014-01-07,1.5400,1.5400,1.5300,1.5300,118,0
D,2014-01-06,1.5400,1.5400,1.5300,1.5300,67,0
D,2014-01-03,1.5200,1.5400,1.5200,1.5400,1000,0
D,2014-01-02,1.5500,1.5500,1.5000,1.5400,597,0
D,2013-12-31,1.5000,1.5100,1.5000,1.5000,110,0
D,2013-12-30,1.5000,1.5000,1.5000,1.5000,100,0
D,2013-12-27,1.5000,1.5000,1.5000,1.5000,0,0
D,2013-12-26,1.4900,1.5000,1.4900,1.5000,340,0
D,2013-12-24,1.4900,1.4900,1.4900,1.4900,10,0
D,2013-12-23,1.5000,1.5000,1.4900,1.4900,1160,0
D,2013-12-20,1.5000,1.5100,1.5000,1.5000,260,0
D,2013-12-19,1.5100,1.5100,1.4900,1.5000,860,0
D,2013-12-18,1.5100,1.5100,1.4900,1.4900,390,0
D,2013-12-17,1.5000,1.5000,1.4900,1.5000,604,0
D,2013-12-16,1.5000,1.5000,1.5000,1.5000,820,0
D,2013-12-13,1.5000,1.5000,1.4900,1.4900,729,0
D,2013-12-12,1.5100,1.5200,1.5000,1.5000,200,0
D,2013-12-11,1.5000,1.5000,1.5000,1.5000,50,0
D,2013-12-10,1.5000,1.5100,1.4800,1.5100,2590,0
D,2013-12-09,1.5200,1.5200,1.5200,1.5200,20,0
D,2013-12-06,1.5300,1.5300,1.5300,1.5300,20,0
D,2013-12-05,1.5100,1.5100,1.5000,1.5000,2400,0
D,2013-12-04,1.5100,1.5100,1.5100,1.5100,130,0
D,2013-12-03,1.5100,1.5200,1.5100,1.5100,111,0
D,2013-12-02,1.5000,1.5100,1.5000,1.5000,405,0
D,2013-11-29,1.5100,1.5100,1.5000,1.5000,720,0
D,2013-11-28,1.5100,1.5200,1.4900,1.5200,2477,0
D,2013-11-27,1.5100,1.5200,1.5100,1.5200,1360,0
D,2013-11-26,1.5200,1.5200,1.5100,1.5200,1241,0
D,2013-11-25,1.5300,1.5300,1.5200,1.5200,1550,0
D,2013-11-22,1.5300,1.5300,1.5200,1.5300,1160,0
D,2013-11-21,1.5300,1.5300,1.5300,1.5300,1200,0
D,2013-11-20,1.5400,1.5400,1.5300,1.5300,2700,0
D,2013-11-19,1.5500,1.5500,1.5400,1.5400,250,0
D,2013-11-18,1.5600,1.5600,1.5600,1.5600,200,0
D,2013-11-15,1.5500,1.5500,1.5500,1.5500,0,0
D,2013-11-14,1.5500,1.5500,1.5500,1.5500,0,0
D,2013-11-13,1.5600,1.5600,1.5500,1.5500,310,0
D,2013-11-12,1.5500,1.5700,1.5500,1.5600,503,0
D,2013-11-11,1.5600,1.5600,1.5500,1.5500,250,0
D,2013-11-08,1.5400,1.5500,1.5400,1.5500,2172,0
D,2013-11-07,1.5500,1.5500,1.5400,1.5400,100,0
D,2013-11-06,1.5500,1.5500,1.5500,1.5500,80,0
D,2013-11-04,1.5400,1.5400,1.5400,1.5400,10,0
D,2013-11-01,1.5600,1.5600,1.5600,1.5600,119,0
D,2013-10-31,1.5400,1.5400,1.5400,1.5400,0,0
D,2013-10-30,1.5400,1.5600,1.5400,1.5400,247,0
D,2013-10-29,1.5400,1.5400,1.5400,1.5400,150,0
D,2013-10-28,1.5400,1.5500,1.5400,1.5400,124,0
D,2013-10-25,1.5500,1.5500,1.5400,1.5400,160,0
D,2013-10-24,1.5400,1.5500,1.5400,1.5500,613,0
D,2013-10-23,1.5400,1.5400,1.5400,1.5400,400,0
D,2013-10-22,1.5300,1.5400,1.5300,1.5400,854,0
D,2013-10-21,1.5400,1.5400,1.5400,1.5400,288,0
D,2013-10-18,1.5400,1.5400,1.5300,1.5300,655,0
D,2013-10-17,1.5300,1.5300,1.5200,1.5300,180,0
D,2013-10-16,1.5300,1.5300,1.5200,1.5300,1448,0
D,2013-10-14,1.5300,1.5300,1.5300,1.5300,200,0
D,2013-10-11,1.5300,1.5300,1.5200,1.5200,113,0
D,2013-10-10,1.5300,1.5300,1.5200,1.5300,215,0
D,2013-10-09,1.5200,1.5300,1.5200,1.5300,900,0
D,2013-10-08,1.5300,1.5300,1.5300,1.5300,449,0
D,2013-10-07,1.5300,1.5300,1.5300,1.5300,1000,0
D,2013-10-04,1.5300,1.5300,1.5300,1.5300,180,0
D,2013-10-03,1.5300,1.5400,1.5300,1.5300,2476,0
D,2013-10-02,1.5400,1.5400,1.5400,1.5400,1211,0
D,2013-10-01,1.5400,1.5400,1.5400,1.5400,50,0
D,2013-09-30,1.5300,1.5400,1.5300,1.5400,611,0
D,2013-09-27,1.5200,1.5200,1.5200,1.5200,200,0
D,2013-09-26,1.5200,1.5200,1.5100,1.5100,3110,0
D,2013-09-25,1.5300,1.5300,1.5100,1.5100,1392,0
D,2013-09-24,1.5200,1.5300,1.5200,1.5300,435,0
D,2013-09-23,1.5300,1.5400,1.5200,1.5200,785,0
D,2013-09-20,1.5300,1.5500,1.5300,1.5300,1273,0
D,2013-09-19,1.5400,1.5500,1.5400,1.5400,414,0
D,2013-09-18,1.5400,1.5400,1.5300,1.5300,1107,0
D,2013-09-17,1.5400,1.5400,1.5300,1.5400,585,0
D,2013-09-13,1.5300,1.5300,1.5200,1.5300,541,0
D,2013-09-12,1.5300,1.5300,1.5300,1.5300,580,0
D,2013-09-11,1.5200,1.5300,1.5200,1.5300,585,0
D,2013-09-10,1.5100,1.5100,1.5100,1.5100,640,0
D,2013-09-09,1.5000,1.5100,1.5000,1.5100,635,0
D,2013-09-06,1.4900,1.4900,1.4900,1.4900,250,0
D,2013-09-05,1.4900,1.4900,1.4900,1.4900,207,0
D,2013-09-04,1.4900,1.4900,1.4800,1.4800,315,0
D,2013-09-03,1.5000,1.5000,1.4900,1.4900,110,0
D,2013-09-02,1.5000,1.5000,1.4900,1.5000,170,0
D,2013-08-30,1.5000,1.5000,1.4900,1.5000,157,0
D,2013-08-29,1.4700,1.5000,1.4700,1.5000,778,0
D,2013-08-28,1.4500,1.4500,1.4200,1.4500,5299,0
D,2013-08-27,1.4900,1.4900,1.4500,1.4500,3739,0
D,2013-08-26,1.5100,1.5100,1.4900,1.4900,1831,0
D,2013-08-23,1.5100,1.5300,1.5100,1.5100,1115,0
D,2013-08-22,1.5500,1.5600,1.5000,1.5100,2418,0
D,2013-08-21,1.5500,1.5700,1.5500,1.5700,630,0
D,2013-08-20,1.5700,1.5700,1.5500,1.5700,1691,0
D,2013-08-19,1.5700,1.5800,1.5700,1.5800,380,0
D,2013-08-16,1.5800,1.5800,1.5700,1.5700,200,0
D,2013-08-15,1.5800,1.5800,1.5700,1.5800,1218,0
D,2013-08-14,1.5700,1.5800,1.5700,1.5800,264,0
D,2013-08-13,1.5800,1.5800,1.5800,1.5800,0,0
D,2013-08-12,1.5900,1.5900,1.5600,1.5800,405,0
D,2013-08-07,1.5900,1.5900,1.5800,1.5800,115,0
D,2013-08-06,1.6400,1.6400,1.6300,1.6400,421,0
D,2013-08-05,1.6200,1.6400,1.6200,1.6400,1635,0
D,2013-08-02,1.6200,1.6300,1.6200,1.6200,1456,0
D,2013-08-01,1.6100,1.6300,1.6100,1.6200,1306,0
D,2013-07-31,1.6400,1.6400,1.5800,1.5800,6545,0
D,2013-07-30,1.6400,1.6500,1.6300,1.6500,1961,0
D,2013-07-29,1.6400,1.6400,1.6300,1.6400,551,0
D,2013-07-26,1.6400,1.6400,1.6300,1.6400,1016,0
D,2013-07-25,1.6300,1.6400,1.6200,1.6400,1242,0
D,2013-07-24,1.6400,1.6400,1.6300,1.6300,300,0
D,2013-07-23,1.6300,1.6500,1.6300,1.6300,667,0
D,2013-07-22,1.6400,1.6400,1.6300,1.6300,270,0
D,2013-07-19,1.6400,1.6400,1.6300,1.6300,585,0
D,2013-07-18,1.6400,1.6400,1.6300,1.6300,1079,0
D,2013-07-17,1.6400,1.6400,1.6400,1.6400,130,0
D,2013-07-16,1.6500,1.6500,1.6400,1.6400,680,0
D,2013-07-15,1.6500,1.6500,1.6400,1.6400,550,0
D,2013-07-12,1.6300,1.6400,1.6300,1.6400,460,0
D,2013-07-11,1.6400,1.6400,1.6300,1.6300,720,0
D,2013-07-10,1.6400,1.6500,1.6400,1.6500,339,0
D,2013-07-09,1.6400,1.6400,1.6400,1.6400,74,0
D,2013-07-08,1.6400,1.6500,1.6400,1.6400,260,0
D,2013-07-05,1.6400,1.6500,1.6400,1.6400,731,0
D,2013-07-04,1.6300,1.6400,1.6300,1.6400,1434,0
D,2013-07-03,1.6200,1.6300,1.6200,1.6300,1525,0
D,2013-07-02,1.6000,1.6100,1.6000,1.6100,581,0
D,2013-07-01,1.6000,1.6100,1.6000,1.6100,120,0
D,2013-06-28,1.6000,1.6000,1.5900,1.6000,481,0
D,2013-06-27,1.5900,1.5900,1.5900,1.5900,308,0
D,2013-06-26,1.5800,1.5900,1.5800,1.5900,380,0
D,2013-06-25,1.5600,1.5800,1.5600,1.5800,895,0
D,2013-06-24,1.5900,1.6100,1.5700,1.5700,4723,0
D,2013-06-21,1.6000,1.6100,1.5900,1.5900,2600,0
D,2013-06-20,1.6200,1.6200,1.6000,1.6000,4332,0
D,2013-06-19,1.6300,1.6300,1.6200,1.6200,70,0
D,2013-06-18,1.6200,1.6300,1.6200,1.6200,946,0
D,2013-06-17,1.6300,1.6300,1.6200,1.6200,1780,0
D,2013-06-14,1.6300,1.6300,1.6200,1.6300,763,0
D,2013-06-13,1.6100,1.6300,1.6000,1.6300,850,0
D,2013-06-12,1.6100,1.6300,1.6000,1.6300,1920,0
D,2013-06-11,1.6300,1.6300,1.6100,1.6100,437,0
D,2013-06-10,1.6200,1.6300,1.6200,1.6200,490,0
D,2013-06-07,1.6200,1.6200,1.6100,1.6200,385,0
D,2013-06-06,1.6100,1.6100,1.6000,1.6100,1457,0
D,2013-06-05,1.6100,1.6200,1.6100,1.6100,349,0
D,2013-06-04,1.6100,1.6100,1.5900,1.5900,3684,0
D,2013-06-03,1.6200,1.6300,1.6200,1.6200,1323,0
D,2013-05-31,1.6300,1.6300,1.6300,1.6300,0,0
D,2013-05-30,1.6400,1.6400,1.6300,1.6300,860,0
D,2013-05-29,1.6300,1.6300,1.6300,1.6300,1481,0
D,2013-05-28,1.6300,1.6500,1.6300,1.6300,1191,0
D,2013-05-27,1.6400,1.6400,1.6200,1.6200,730,0
D,2013-05-23,1.6400,1.6400,1.6300,1.6300,750,0
D,2013-05-22,1.6400,1.6600,1.6300,1.6300,1981,0
D,2013-05-21,1.6300,1.6400,1.6200,1.6400,710,0
D,2013-05-20,1.6200,1.6300,1.6100,1.6200,1871,0
D,2013-05-17,1.5900,1.6100,1.5900,1.6000,1650,0
D,2013-05-16,1.5900,1.5900,1.5800,1.5800,1310,0
D,2013-05-15,1.5900,1.6000,1.5900,1.5900,2330,0
D,2013-05-14,1.5800,1.5800,1.5800,1.5800,1400,0
D,2013-05-13,1.5700,1.5900,1.5700,1.5800,1923,0
D,2013-05-10,1.5700,1.5700,1.5600,1.5700,889,0
D,2013-05-09,1.5600,1.5700,1.5600,1.5600,720,0
D,2013-05-08,1.5600,1.5700,1.5500,1.5700,628,0
D,2013-05-07,1.5400,1.5600,1.5300,1.5600,1534,0
D,2013-05-06,1.5100,1.5500,1.5100,1.5400,2334,0
D,2013-05-03,1.5000,1.5000,1.4900,1.5000,307,0
D,2013-05-02,1.4900,1.5000,1.4900,1.5000,1650,0
D,2013-04-30,1.5000,1.5000,1.4900,1.5000,1000,0
D,2013-04-29,1.5000,1.5100,1.5000,1.5100,309,0
D,2013-04-26,1.5000,1.5100,1.5000,1.5000,1020,0
D,2013-04-25,1.4900,1.5000,1.4900,1.5000,80,0
D,2013-04-24,1.4900,1.5100,1.4900,1.5100,443,0
D,2013-04-23,1.5000,1.5000,1.4900,1.4900,851,0
D,2013-04-22,1.5000,1.5000,1.5000,1.5000,2498,0
D,2013-04-19,1.5100,1.5100,1.5000,1.5000,1975,0
D,2013-04-18,1.5200,1.5200,1.5100,1.5100,1625,0
D,2013-04-17,1.5100,1.5200,1.5100,1.5100,1222,0
D,2013-04-16,1.5000,1.5100,1.5000,1.5100,551,0
D,2013-04-15,1.5100,1.5100,1.5100,1.5100,389,0
D,2013-04-12,1.5100,1.5200,1.5100,1.5100,1065,0
D,2013-04-11,1.5100,1.5200,1.5100,1.5100,375,0
D,2013-04-10,1.5200,1.5200,1.5100,1.5100,519,0
D,2013-04-09,1.5200,1.5300,1.5100,1.5200,856,0
D,2013-04-08,1.5100,1.5200,1.5000,1.5200,616,0
D,2013-04-05,1.5100,1.5100,1.5100,1.5100,0,0
D,2013-04-04,1.4900,1.5200,1.4900,1.5100,174,0
D,2013-04-03,1.5000,1.5000,1.4900,1.4900,890,0
D,2013-04-02,1.5000,1.5000,1.5000,1.5000,1211,0
D,2013-04-01,1.4900,1.4900,1.4900,1.4900,400,0
D,2013-03-29,1.4900,1.5000,1.4900,1.4900,1410,0
D,2013-03-28,1.5000,1.5000,1.4900,1.4900,210,0
D,2013-03-27,1.5000,1.5000,1.4900,1.5000,400,0
D,2013-03-26,1.4900,1.4900,1.4900,1.4900,178,0
D,2013-03-25,1.4900,1.4900,1.4900,1.4900,270,0
D,2013-03-22,1.4800,1.4900,1.4800,1.4900,661,0
D,2013-03-21,1.4900,1.4900,1.4800,1.4800,392,0
D,2013-03-20,1.4900,1.4900,1.4800,1.4800,2412,0
D,2013-03-19,1.4900,1.4900,1.4800,1.4800,2706,0
D,2013-03-18,1.5000,1.5000,1.4900,1.4900,614,0
D,2013-03-15,1.5000,1.5100,1.5000,1.5000,490,0
D,2013-03-14,1.5000,1.5000,1.4900,1.5000,450,0
D,2013-03-13,1.4900,1.4900,1.4900,1.4900,529,0
D,2013-03-12,1.5000,1.5100,1.5000,1.5000,291,0
D,2013-03-11,1.5000,1.5200,1.5000,1.5200,780,0
D,2013-03-08,1.4900,1.5000,1.4900,1.4900,365,0
D,2013-03-07,1.4700,1.4900,1.4700,1.4900,2667,0
D,2013-03-06,1.4700,1.4800,1.4600,1.4600,660,0
D,2013-03-05,1.4700,1.4700,1.4700,1.4700,250,0
D,2013-03-04,1.4600,1.4700,1.4600,1.4600,430,0
D,2013-03-01,1.4600,1.4700,1.4600,1.4600,1130,0
D,2013-02-28,1.4600,1.4600,1.4600,1.4600,100,0
D,2013-02-27,1.4400,1.4600,1.4400,1.4600,1116,0
D,2013-02-26,1.4400,1.4400,1.4400,1.4400,371,0
D,2013-02-25,1.4400,1.4400,1.4400,1.4400,1330,0
D,2013-02-22,1.4400,1.4400,1.4400,1.4400,120,0
D,2013-02-21,1.4400,1.4400,1.4300,1.4300,200,0
D,2013-02-20,1.4500,1.4500,1.4400,1.4400,1130,0
D,2013-02-19,1.4400,1.4500,1.4400,1.4500,1352,0
D,2013-02-18,1.4500,1.4500,1.4400,1.4400,3488,0
D,2013-02-15,1.4600,1.4600,1.4500,1.4500,1052,0
D,2013-02-14,1.4900,1.4900,1.4600,1.4700,2307,0
D,2013-02-13,1.5200,1.5300,1.5200,1.5300,3172,0
D,2013-02-08,1.5200,1.5200,1.5200,1.5200,332,0
D,2013-02-07,1.5100,1.5200,1.5100,1.5100,1553,0
D,2013-02-06,1.5100,1.5100,1.5000,1.5100,2838,0
D,2013-02-05,1.5100,1.5100,1.5000,1.5000,4880,0
D,2013-02-04,1.5100,1.5100,1.5000,1.5000,5270,0
D,2013-01-31,1.5100,1.5200,1.5100,1.5100,5131,0
D,2013-01-30,1.5100,1.5300,1.5100,1.5100,6475,0
D,2013-01-29,1.4900,1.4900,1.4900,1.4900,854,0
D,2013-01-25,1.4900,1.4900,1.4900,1.4900,182,0
D,2013-01-23,1.5000,1.5000,1.4900,1.4900,939,0
D,2013-01-22,1.4800,1.5000,1.4700,1.5000,1611,0
D,2013-01-21,1.5000,1.5000,1.4700,1.4900,1801,0
D,2013-01-18,1.5000,1.5200,1.5000,1.5200,338,0
D,2013-01-17,1.5000,1.5000,1.5000,1.5000,310,0
D,2013-01-16,1.5000,1.5100,1.5000,1.5000,1273,0
D,2013-01-15,1.5000,1.5000,1.5000,1.5000,503,0
D,2013-01-14,1.5000,1.5000,1.5000,1.5000,50,0
D,2013-01-11,1.4900,1.5000,1.4900,1.5000,373,0
D,2013-01-10,1.4900,1.5000,1.4900,1.5000,48,0
D,2013-01-09,1.4900,1.4900,1.4900,1.4900,257,0
D,2013-01-08,1.4900,1.4900,1.4900,1.4900,140,0
D,2013-01-07,1.4800,1.4800,1.4800,1.4800,952,0
D,2013-01-04,1.4700,1.4800,1.4700,1.4800,377,0
D,2013-01-03,1.4700,1.4800,1.4700,1.4700,758,0
D,2013-01-02,1.4700,1.4700,1.4600,1.4600,745,0
D,2012-12-31,1.4700,1.4800,1.4600,1.4600,449,0
D,2012-12-28,1.4700,1.4700,1.4700,1.4700,1360,0
D,2012-12-27,1.4700,1.4700,1.4600,1.4700,1700,0
D,2012-12-26,1.4700,1.4800,1.4700,1.4800,621,0
D,2012-12-24,1.4700,1.4700,1.4700,1.4700,860,0
D,2012-12-21,1.4700,1.4800,1.4700,1.4800,1150,0
D,2012-12-20,1.4700,1.4700,1.4700,1.4700,205,0
D,2012-12-19,1.4600,1.4800,1.4600,1.4800,2030,0
D,2012-12-18,1.4700,1.4700,1.4700,1.4700,0,0
D,2012-12-17,1.4800,1.4800,1.4700,1.4700,650,0
D,2012-12-14,1.4600,1.4600,1.4600,1.4600,103,0
D,2012-12-13,1.4500,1.4500,1.4500,1.4500,32,0
D,2012-12-12,1.4600,1.4600,1.4500,1.4500,740,0
D,2012-12-11,1.4500,1.4600,1.4500,1.4600,768,0
D,2012-12-10,1.4800,1.4900,1.4500,1.4500,4780,0
D,2012-12-07,1.4700,1.4700,1.4600,1.4600,460,0
D,2012-12-06,1.4800,1.4800,1.4700,1.4700,689,0
D,2012-12-05,1.4800,1.4800,1.4800,1.4800,130,0
D,2012-12-04,1.4800,1.4800,1.4800,1.4800,540,0
D,2012-12-03,1.4900,1.4900,1.4800,1.4800,1560,0
D,2012-11-30,1.4800,1.4800,1.4800,1.4800,847,0
D,2012-11-29,1.4900,1.4900,1.4800,1.4900,133,0
D,2012-11-28,1.4900,1.4900,1.4800,1.4800,871,0
D,2012-11-27,1.4900,1.4900,1.4900,1.4900,1010,0
D,2012-11-26,1.4800,1.4900,1.4800,1.4800,274,0
D,2012-11-23,1.4800,1.4800,1.4800,1.4800,566,0
D,2012-11-22,1.4900,1.5000,1.4900,1.5000,690,0
D,2012-11-21,1.4900,1.4900,1.4900,1.4900,590,0
D,2012-11-20,1.4800,1.4800,1.4800,1.4800,50,0
D,2012-11-19,1.4800,1.4800,1.4800,1.4800,583,0
D,2012-11-16,1.4700,1.4700,1.4700,1.4700,75,0
D,2012-11-14,1.4800,1.4800,1.4700,1.4700,319,0
D,2012-11-12,1.4700,1.4800,1.4700,1.4800,431,0
D,2012-11-09,1.4900,1.4900,1.4800,1.4800,277,0
D,2012-11-08,1.4900,1.4900,1.4900,1.4900,312,0
D,2012-11-07,1.4900,1.4900,1.4900,1.4900,810,0
D,2012-11-06,1.4800,1.4900,1.4800,1.4900,246,0
D,2012-11-05,1.4900,1.4900,1.4800,1.4900,144,0
D,2012-11-02,1.4900,1.4900,1.4900,1.4900,80,0
D,2012-11-01,1.4900,1.5000,1.4900,1.5000,2690,0
D,2012-10-31,1.4800,1.5000,1.4800,1.5000,1794,0
D,2012-10-30,1.4600,1.4600,1.4500,1.4600,636,0
D,2012-10-29,1.4600,1.4600,1.4600,1.4600,0,0
D,2012-10-25,1.4500,1.4600,1.4500,1.4600,70,0
D,2012-10-24,1.4600,1.4600,1.4600,1.4600,431,0
D,2012-10-23,1.4600,1.4600,1.4600,1.4600,525,0
D,2012-10-22,1.4600,1.4600,1.4600,1.4600,20,0
D,2012-10-19,1.4600,1.4600,1.4600,1.4600,250,0
D,2012-10-18,1.4600,1.4600,1.4600,1.4600,400,0
D,2012-10-17,1.4500,1.4500,1.4500,1.4500,100,0
D,2012-10-16,1.4400,1.4500,1.4400,1.4500,140,0
D,2012-10-15,1.4300,1.4400,1.4300,1.4300,541,0
D,2012-10-12,1.4500,1.4500,1.4300,1.4300,871,0
D,2012-10-11,1.4600,1.4600,1.4500,1.4500,940,0
D,2012-10-10,1.4600,1.4600,1.4600,1.4600,275,0
D,2012-10-09,1.4600,1.4600,1.4600,1.4600,130,0
D,2012-10-08,1.4500,1.4500,1.4500,1.4500,360,0
D,2012-10-05,1.4400,1.4400,1.4300,1.4400,228,0
D,2012-10-04,1.4400,1.4400,1.4400,1.4400,172,0
D,2012-10-03,1.4400,1.4400,1.4400,1.4400,80,0
D,2012-05-03,1.4000,1.4000,1.4000,1.4000,100,0
D,2012-05-02,1.3900,1.4000,1.3900,1.4000,300,0
