D,2014-09-11,0.0050,0.0050,0.0050,0.0050,0,0
D,2014-09-10,0.0050,0.0050,0.0050,0.0050,0,0
D,2014-09-09,0.0050,0.0050,0.0050,0.0050,0,0
D,2014-09-08,0.0050,0.0050,0.0050,0.0050,0,0
D,2014-09-05,0.0050,0.0050,0.0050,0.0050,0,0
D,2014-09-04,0.0050,0.0050,0.0050,0.0050,0,0
D,2014-09-03,0.0050,0.0050,0.0050,0.0050,0,0
D,2014-09-02,0.0050,0.0050,0.0050,0.0050,0,0
D,2014-08-29,0.0050,0.0050,0.0050,0.0050,0,0
D,2014-08-28,0.0050,0.0050,0.0050,0.0050,0,0
D,2014-08-27,0.0050,0.0050,0.0050,0.0050,0,0
D,2014-08-26,0.0050,0.0050,0.0050,0.0050,0,0
D,2014-08-25,0.0050,0.0050,0.0050,0.0050,0,0
D,2014-08-22,0.0050,0.0050,0.0050,0.0050,0,0
D,2014-08-21,0.0050,0.0050,0.0050,0.0050,0,0
D,2014-08-20,0.0050,0.0050,0.0050,0.0050,0,0
D,2014-08-19,0.0050,0.0050,0.0050,0.0050,0,0
D,2014-08-18,0.0050,0.0050,0.0050,0.0050,0,0
D,2014-08-15,0.0050,0.0050,0.0050,0.0050,0,0
D,2014-08-14,0.0050,0.0050,0.0050,0.0050,0,0
D,2014-08-13,0.0050,0.0050,0.0050,0.0050,0,0
D,2014-08-12,0.0050,0.0050,0.0050,0.0050,0,0
D,2014-08-11,0.0050,0.0050,0.0050,0.0050,0,0
D,2014-08-08,0.0050,0.0050,0.0050,0.0050,0,0
D,2014-08-07,0.0050,0.0050,0.0050,0.0050,920,0
D,2014-08-06,0.0050,0.0050,0.0050,0.0050,0,0
D,2014-08-05,0.0050,0.0050,0.0050,0.0050,0,0
D,2014-08-04,0.0050,0.0050,0.0050,0.0050,80,0
D,2014-08-01,0.0050,0.0050,0.0050,0.0050,0,0
D,2014-07-31,0.0050,0.0050,0.0050,0.0050,0,0
D,2014-07-30,0.0050,0.0050,0.0050,0.0050,0,0
D,2014-07-25,0.0050,0.0050,0.0050,0.0050,0,0
D,2014-07-24,0.0050,0.0050,0.0050,0.0050,2101,0
D,2014-07-23,0.0150,0.0150,0.0150,0.0150,0,0
D,2014-07-22,0.0050,0.0150,0.0050,0.0150,12601,0
D,2014-07-21,0.0200,0.0200,0.0200,0.0200,0,0
D,2014-07-18,0.0200,0.0200,0.0200,0.0200,0,0
D,2014-07-17,0.0200,0.0200,0.0200,0.0200,0,0
D,2014-07-16,0.0100,0.0200,0.0100,0.0200,8000,0
D,2014-07-14,0.0100,0.0100,0.0100,0.0100,1000,0
D,2014-07-11,0.0150,0.0150,0.0150,0.0150,5000,0
D,2014-07-10,0.0150,0.0150,0.0150,0.0150,0,0
D,2014-07-09,0.0150,0.0150,0.0150,0.0150,0,0
D,2014-07-08,0.0150,0.0150,0.0150,0.0150,0,0
D,2014-07-07,0.0150,0.0150,0.0150,0.0150,185,0
D,2014-07-04,0.0150,0.0150,0.0150,0.0150,0,0
D,2014-07-03,0.0150,0.0150,0.0150,0.0150,5000,0
D,2014-07-02,0.0150,0.0150,0.0150,0.0150,360,0
D,2014-07-01,0.0200,0.0200,0.0200,0.0200,0,0
D,2014-06-30,0.0200,0.0200,0.0200,0.0200,0,0
D,2014-06-27,0.0200,0.0200,0.0200,0.0200,0,0
D,2014-06-26,0.0200,0.0200,0.0200,0.0200,0,0
D,2014-06-25,0.0200,0.0200,0.0200,0.0200,0,0
D,2014-06-24,0.0200,0.0200,0.0200,0.0200,0,0
D,2014-06-23,0.0200,0.0200,0.0200,0.0200,0,0
D,2014-06-20,0.0200,0.0200,0.0200,0.0200,100,0
D,2014-06-19,0.0200,0.0200,0.0200,0.0200,50,0
D,2014-06-18,0.0200,0.0200,0.0200,0.0200,5000,0
D,2014-06-17,0.0200,0.0200,0.0200,0.0200,3000,0
D,2014-06-16,0.0250,0.0250,0.0200,0.0200,600,0
D,2014-06-13,0.0200,0.0200,0.0200,0.0200,0,0
D,2014-06-12,0.0200,0.0200,0.0200,0.0200,0,0
D,2014-06-11,0.0200,0.0200,0.0200,0.0200,3000,0
D,2014-06-10,0.0150,0.0200,0.0150,0.0200,3100,0
D,2014-06-09,0.0150,0.0150,0.0150,0.0150,0,0
D,2014-06-06,0.0150,0.0150,0.0150,0.0150,1700,0
D,2014-06-05,0.0150,0.0150,0.0150,0.0150,2160,0
D,2014-06-04,0.0200,0.0200,0.0200,0.0200,0,0
D,2014-06-03,0.0200,0.0200,0.0200,0.0200,0,0
D,2014-06-02,0.0200,0.0200,0.0200,0.0200,0,0
D,2014-05-30,0.0200,0.0200,0.0200,0.0200,2470,0
D,2014-05-29,0.0200,0.0200,0.0200,0.0200,1500,0
D,2014-05-28,0.0200,0.0250,0.0200,0.0200,20000,0
D,2014-05-27,0.0250,0.0250,0.0250,0.0250,3240,0
D,2014-05-26,0.0300,0.0300,0.0300,0.0300,0,0
D,2014-05-23,0.0300,0.0300,0.0300,0.0300,0,0
D,2014-05-22,0.0300,0.0300,0.0300,0.0300,150,0
D,2014-05-21,0.0300,0.0300,0.0300,0.0300,2000,0
D,2014-05-20,0.0300,0.0300,0.0300,0.0300,2600,0
D,2014-05-19,0.0350,0.0350,0.0350,0.0350,0,0
D,2014-05-16,0.0350,0.0350,0.0350,0.0350,0,0
D,2014-05-15,0.0350,0.0350,0.0350,0.0350,0,0
D,2014-05-14,0.0350,0.0350,0.0350,0.0350,6001,0
D,2014-05-12,0.0300,0.0300,0.0300,0.0300,0,0
D,2014-05-09,0.0300,0.0300,0.0300,0.0300,1300,0
D,2014-05-08,0.0300,0.0300,0.0300,0.0300,1000,0
D,2014-05-07,0.0350,0.0350,0.0350,0.0350,0,0
D,2014-05-06,0.0350,0.0350,0.0350,0.0350,0,0
D,2014-05-05,0.0350,0.0350,0.0350,0.0350,0,0
D,2014-05-02,0.0350,0.0350,0.0350,0.0350,1200,0
D,2014-04-30,0.0400,0.0400,0.0400,0.0400,3000,0
D,2014-04-29,0.0400,0.0400,0.0400,0.0400,16040,0
D,2014-04-28,0.0450,0.0450,0.0450,0.0450,500,0
D,2014-04-25,0.0450,0.0450,0.0450,0.0450,5000,0
D,2014-04-24,0.0500,0.0500,0.0500,0.0500,5250,0
D,2014-04-23,0.0500,0.0500,0.0500,0.0500,200,0
D,2014-04-22,0.0550,0.0550,0.0550,0.0550,2800,0
D,2014-04-21,0.0550,0.0600,0.0550,0.0550,6714,0
D,2014-04-18,0.0500,0.0500,0.0500,0.0500,0,0
D,2014-04-17,0.0500,0.0500,0.0500,0.0500,2010,0
D,2014-04-16,0.0550,0.0550,0.0550,0.0550,5440,0
D,2014-04-15,0.0500,0.0550,0.0500,0.0550,11600,0
D,2014-04-14,0.0400,0.0400,0.0400,0.0400,0,0
D,2014-04-11,0.0400,0.0400,0.0400,0.0400,0,0
D,2014-04-10,0.0400,0.0400,0.0400,0.0400,3000,0
D,2014-04-09,0.0400,0.0400,0.0400,0.0400,0,0
D,2014-04-08,0.0400,0.0400,0.0400,0.0400,0,0
D,2014-04-07,0.0400,0.0450,0.0400,0.0400,8900,0
D,2014-04-04,0.0450,0.0450,0.0450,0.0450,6000,0
D,2014-04-03,0.0350,0.0350,0.0350,0.0350,0,0
D,2014-04-02,0.0350,0.0350,0.0350,0.0350,23000,0
D,2014-04-01,0.0400,0.0400,0.0400,0.0400,15700,0
D,2014-03-31,0.0350,0.0350,0.0350,0.0350,1400,0
D,2014-03-28,0.0300,0.0300,0.0300,0.0300,1750,0
D,2014-03-27,0.0400,0.0400,0.0400,0.0400,0,0
D,2014-03-26,0.0400,0.0400,0.0400,0.0400,0,0
D,2014-03-25,0.0400,0.0400,0.0400,0.0400,0,0
D,2014-03-24,0.0400,0.0400,0.0400,0.0400,0,0
D,2014-03-21,0.0400,0.0400,0.0400,0.0400,0,0
D,2014-03-20,0.0400,0.0400,0.0400,0.0400,0,0
D,2014-03-19,0.0400,0.0400,0.0400,0.0400,0,0
D,2014-03-18,0.0400,0.0400,0.0400,0.0400,0,0
D,2014-03-17,0.0400,0.0400,0.0400,0.0400,0,0
D,2014-03-14,0.0400,0.0400,0.0400,0.0400,0,0
D,2014-03-13,0.0400,0.0400,0.0400,0.0400,0,0
D,2014-03-12,0.0400,0.0400,0.0400,0.0400,0,0
D,2014-03-11,0.0400,0.0400,0.0400,0.0400,0,0
D,2014-03-10,0.0400,0.0400,0.0400,0.0400,0,0
D,2014-03-07,0.0400,0.0400,0.0400,0.0400,3060,0
D,2014-03-06,0.0400,0.0450,0.0400,0.0450,8200,0
D,2014-03-05,0.0350,0.0350,0.0350,0.0350,351,0
D,2014-03-04,0.0350,0.0350,0.0350,0.0350,0,0
D,2014-03-03,0.0400,0.0400,0.0350,0.0350,750,0
D,2014-02-28,0.0350,0.0350,0.0350,0.0350,3499,0
D,2014-02-27,0.0300,0.0300,0.0300,0.0300,0,0
D,2014-02-26,0.0300,0.0300,0.0300,0.0300,1600,0
D,2014-02-25,0.0350,0.0350,0.0350,0.0350,500,0
D,2014-02-24,0.0300,0.0300,0.0300,0.0300,0,0
D,2014-02-21,0.0300,0.0300,0.0300,0.0300,0,0
D,2014-02-20,0.0300,0.0300,0.0300,0.0300,0,0
D,2014-02-19,0.0350,0.0350,0.0300,0.0300,3100,0
D,2014-02-18,0.0300,0.0400,0.0300,0.0400,1351,0
D,2014-02-17,0.0350,0.0350,0.0350,0.0350,4500,0
D,2014-02-14,0.0300,0.0300,0.0300,0.0300,4400,0
D,2014-02-13,0.0350,0.0350,0.0350,0.0350,0,0
D,2014-02-12,0.0350,0.0350,0.0350,0.0350,8850,0
D,2014-02-11,0.0400,0.0400,0.0350,0.0350,1000,0
D,2014-02-10,0.0350,0.0400,0.0350,0.0400,19770,0
D,2014-02-07,0.0300,0.0350,0.0300,0.0300,12930,0
D,2014-02-06,0.0300,0.0350,0.0250,0.0300,39970,0
D,2014-02-05,0.0300,0.0300,0.0300,0.0300,3100,0
D,2014-02-04,0.0300,0.0300,0.0300,0.0300,2000,0
D,2014-01-30,0.0300,0.0300,0.0300,0.0300,2400,0
D,2014-01-29,0.0300,0.0300,0.0300,0.0300,5700,0
D,2014-01-28,0.0300,0.0300,0.0300,0.0300,2100,0
D,2014-01-27,0.0300,0.0300,0.0300,0.0300,5000,0
D,2014-01-24,0.0350,0.0350,0.0350,0.0350,1000,0
D,2014-01-23,0.0350,0.0400,0.0350,0.0400,600,0
D,2014-01-22,0.0350,0.0350,0.0350,0.0350,28600,0
D,2014-01-21,0.0350,0.0400,0.0350,0.0400,26803,0
D,2014-01-20,0.0350,0.0400,0.0350,0.0400,9199,0
D,2014-01-16,0.0500,0.0500,0.0400,0.0400,27560,0
D,2014-01-15,0.0600,0.0600,0.0450,0.0450,7599,0
D,2014-01-13,0.0600,0.0600,0.0600,0.0600,5500,0
D,2014-01-10,0.0650,0.0650,0.0650,0.0650,0,0
D,2014-01-09,0.0700,0.0700,0.0650,0.0650,16651,0
D,2014-01-08,0.0650,0.0700,0.0650,0.0700,39720,0
D,2014-01-07,0.0550,0.0550,0.0550,0.0550,3100,0
D,2014-01-06,0.0550,0.0600,0.0550,0.0600,2700,0
D,2014-01-03,0.0600,0.0600,0.0600,0.0600,0,0
D,2014-01-02,0.0600,0.0600,0.0550,0.0600,1700,0
D,2013-12-31,0.0600,0.0650,0.0600,0.0650,2660,0
D,2013-12-30,0.0600,0.0600,0.0600,0.0600,600,0
D,2013-12-27,0.0650,0.0650,0.0650,0.0650,300,0
D,2013-12-26,0.0650,0.0650,0.0650,0.0650,0,0
D,2013-12-24,0.0650,0.0650,0.0650,0.0650,0,0
D,2013-12-23,0.0650,0.0650,0.0650,0.0650,0,0
D,2013-12-20,0.0650,0.0650,0.0650,0.0650,360,0
D,2013-12-19,0.0650,0.0650,0.0650,0.0650,200,0
D,2013-12-18,0.0750,0.0750,0.0750,0.0750,0,0
D,2013-12-17,0.0750,0.0750,0.0750,0.0750,0,0
D,2013-12-16,0.0750,0.0750,0.0750,0.0750,0,0
D,2013-12-13,0.0750,0.0750,0.0750,0.0750,0,0
D,2013-12-12,0.0750,0.0750,0.0750,0.0750,0,0
D,2013-12-11,0.0750,0.0750,0.0750,0.0750,5000,0
D,2013-12-10,0.0750,0.0750,0.0750,0.0750,5000,0
D,2013-12-09,0.0750,0.0750,0.0750,0.0750,400,0
D,2013-12-06,0.0800,0.0800,0.0800,0.0800,0,0
D,2013-12-05,0.0800,0.0800,0.0800,0.0800,0,0
D,2013-12-04,0.0700,0.0800,0.0700,0.0800,1450,0
D,2013-12-03,0.0700,0.0700,0.0700,0.0700,300,0
D,2013-12-02,0.0750,0.0750,0.0750,0.0750,0,0
D,2013-11-29,0.0750,0.0750,0.0750,0.0750,600,0
D,2013-11-28,0.0750,0.0750,0.0750,0.0750,200,0
D,2013-11-27,0.0750,0.0750,0.0750,0.0750,0,0
D,2013-11-26,0.0750,0.0750,0.0750,0.0750,450,0
D,2013-11-25,0.0750,0.0750,0.0750,0.0750,0,0
D,2013-11-22,0.0750,0.0750,0.0750,0.0750,0,0
D,2013-11-21,0.0700,0.0750,0.0700,0.0750,3090,0
D,2013-11-20,0.0750,0.0750,0.0650,0.0650,1500,0
D,2013-11-19,0.0800,0.0800,0.0800,0.0800,0,0
D,2013-11-18,0.0800,0.0800,0.0800,0.0800,1300,0
D,2013-11-15,0.0750,0.0800,0.0750,0.0800,400,0
D,2013-11-14,0.0750,0.0850,0.0750,0.0800,6700,0
D,2013-11-13,0.0800,0.0800,0.0800,0.0800,0,0
D,2013-11-12,0.0800,0.0800,0.0800,0.0800,1300,0
D,2013-11-11,0.0900,0.0900,0.0900,0.0900,0,0
D,2013-11-08,0.0850,0.0900,0.0850,0.0900,1300,0
D,2013-11-07,0.0850,0.0850,0.0850,0.0850,2000,0
D,2013-11-06,0.0850,0.0850,0.0800,0.0850,3738,0
D,2013-11-04,0.0850,0.0850,0.0850,0.0850,0,0
D,2013-11-01,0.0850,0.0850,0.0850,0.0850,4500,0
D,2013-10-31,0.0900,0.0900,0.0900,0.0900,2000,0
D,2013-10-30,0.0850,0.0900,0.0850,0.0850,1260,0
D,2013-10-29,0.1000,0.1000,0.0850,0.0850,1738,0
D,2013-10-28,0.1100,0.1100,0.1100,0.1100,2000,0
D,2013-10-25,0.1100,0.1100,0.1100,0.1100,46,0
D,2013-10-24,0.1100,0.1100,0.1100,0.1100,0,0
D,2013-10-23,0.1100,0.1100,0.1100,0.1100,0,0
D,2013-10-22,0.1100,0.1100,0.1100,0.1100,222,0
D,2013-10-21,0.1150,0.1200,0.1150,0.1150,16151,0
D,2013-10-18,0.1100,0.1100,0.1100,0.1100,0,0
D,2013-10-17,0.1100,0.1100,0.1100,0.1100,383,0
D,2013-10-16,0.1100,0.1100,0.1100,0.1100,270,0
D,2013-10-14,0.1150,0.1150,0.1150,0.1150,5000,0
D,2013-10-11,0.1000,0.1000,0.1000,0.1000,0,0
D,2013-10-10,0.1000,0.1000,0.1000,0.1000,0,0
D,2013-10-09,0.1000,0.1000,0.1000,0.1000,300,0
D,2013-10-08,0.1250,0.1250,0.1250,0.1250,0,0
D,2013-10-07,0.1250,0.1250,0.1250,0.1250,0,0
D,2013-10-04,0.1250,0.1250,0.1250,0.1250,0,0
D,2013-10-03,0.1250,0.1250,0.1250,0.1250,0,0
D,2013-10-02,0.1250,0.1250,0.1250,0.1250,1000,0
D,2013-10-01,0.1250,0.1250,0.1250,0.1250,1000,0
D,2013-09-30,0.1150,0.1150,0.1150,0.1150,419,0
D,2013-09-27,0.1250,0.1250,0.1250,0.1250,0,0
D,2013-09-26,0.1250,0.1250,0.1250,0.1250,80,0
D,2013-09-25,0.1250,0.1250,0.1250,0.1250,499,0
D,2013-09-24,0.1650,0.1650,0.1650,0.1650,0,0
D,2013-09-23,0.1650,0.1650,0.1650,0.1650,0,0
D,2013-09-20,0.1650,0.1650,0.1650,0.1650,0,0
D,2013-09-19,0.1600,0.1650,0.1600,0.1650,1740,0
D,2013-09-18,0.1500,0.1500,0.1500,0.1500,0,0
D,2013-09-17,0.1500,0.1500,0.1500,0.1500,0,0
D,2013-09-13,0.1500,0.1500,0.1500,0.1500,0,0
D,2013-09-12,0.1500,0.1500,0.1500,0.1500,0,0
