D,2014-03-24,0.0050,0.0050,0.0050,0.0050,0,0
D,2014-03-21,0.0050,0.0050,0.0050,0.0050,0,0
D,2014-03-20,0.0050,0.0050,0.0050,0.0050,0,0
D,2014-03-19,0.0050,0.0050,0.0050,0.0050,0,0
D,2014-03-18,0.0050,0.0050,0.0050,0.0050,0,0
D,2014-03-17,0.0050,0.0050,0.0050,0.0050,0,0
D,2014-03-14,0.0050,0.0050,0.0050,0.0050,0,0
D,2014-03-13,0.0050,0.0050,0.0050,0.0050,0,0
D,2014-03-12,0.0050,0.0050,0.0050,0.0050,0,0
D,2014-03-11,0.0050,0.0050,0.0050,0.0050,0,0
D,2014-03-10,0.0050,0.0050,0.0050,0.0050,837,0
D,2014-03-07,0.0100,0.0100,0.0100,0.0100,0,0
D,2014-03-06,0.0100,0.0100,0.0100,0.0100,0,0
D,2014-03-05,0.0050,0.0100,0.0050,0.0100,300,0
D,2014-03-04,0.0100,0.0100,0.0100,0.0100,0,0
D,2014-03-03,0.0100,0.0100,0.0100,0.0100,1000,0
D,2014-02-28,0.0050,0.0050,0.0050,0.0050,100,0
D,2014-02-27,0.0100,0.0100,0.0100,0.0100,0,0
D,2014-02-26,0.0100,0.0100,0.0100,0.0100,0,0
D,2014-02-25,0.0100,0.0100,0.0100,0.0100,0,0
D,2014-02-24,0.0100,0.0100,0.0100,0.0100,0,0
D,2014-02-21,0.0100,0.0100,0.0100,0.0100,510,0
D,2014-02-20,0.0050,0.0050,0.0050,0.0050,0,0
D,2014-02-19,0.0050,0.0050,0.0050,0.0050,0,0
D,2014-02-18,0.0050,0.0050,0.0050,0.0050,200,0
D,2014-02-17,0.0100,0.0100,0.0100,0.0100,0,0
D,2014-02-14,0.0100,0.0100,0.0100,0.0100,0,0
D,2014-02-13,0.0100,0.0100,0.0100,0.0100,0,0
D,2014-02-12,0.0100,0.0100,0.0100,0.0100,0,0
D,2014-02-11,0.0100,0.0100,0.0100,0.0100,0,0
D,2014-02-10,0.0100,0.0100,0.0100,0.0100,40,0
D,2014-02-07,0.0100,0.0100,0.0100,0.0100,130,0
D,2014-02-06,0.0100,0.0100,0.0100,0.0100,0,0
D,2014-02-05,0.0100,0.0100,0.0100,0.0100,150,0
D,2014-02-04,0.0050,0.0050,0.0050,0.0050,0,0
D,2014-01-30,0.0050,0.0150,0.0050,0.0050,1705,0
D,2014-01-29,0.0150,0.0150,0.0150,0.0150,0,0
D,2014-01-28,0.0150,0.0150,0.0150,0.0150,0,0
D,2014-01-27,0.0050,0.0150,0.0050,0.0150,1502,0
D,2014-01-24,0.0150,0.0150,0.0150,0.0150,0,0
D,2014-01-23,0.0150,0.0150,0.0150,0.0150,0,0
D,2014-01-22,0.0150,0.0150,0.0150,0.0150,0,0
D,2014-01-21,0.0150,0.0150,0.0150,0.0150,0,0
D,2014-01-20,0.0150,0.0150,0.0150,0.0150,0,0
D,2014-01-16,0.0150,0.0150,0.0150,0.0150,800,0
D,2014-01-15,0.0100,0.0100,0.0100,0.0100,1600,0
D,2014-01-13,0.0150,0.0150,0.0150,0.0150,100,0
D,2014-01-10,0.0300,0.0300,0.0300,0.0300,0,0
D,2014-01-09,0.0300,0.0300,0.0300,0.0300,0,0
D,2014-01-08,0.0300,0.0300,0.0300,0.0300,0,0
D,2014-01-07,0.0300,0.0300,0.0300,0.0300,0,0
D,2014-01-06,0.0300,0.0300,0.0300,0.0300,0,0
D,2014-01-03,0.0300,0.0300,0.0300,0.0300,0,0
D,2014-01-02,0.0300,0.0300,0.0300,0.0300,0,0
D,2013-12-31,0.0300,0.0300,0.0300,0.0300,0,0
D,2013-12-30,0.0300,0.0300,0.0300,0.0300,0,0
D,2013-12-27,0.0300,0.0300,0.0300,0.0300,0,0
D,2013-12-26,0.0300,0.0300,0.0300,0.0300,0,0
D,2013-12-24,0.0300,0.0300,0.0300,0.0300,0,0
D,2013-12-23,0.0300,0.0300,0.0300,0.0300,0,0
D,2013-12-20,0.0300,0.0300,0.0300,0.0300,0,0
D,2013-12-19,0.0300,0.0300,0.0300,0.0300,0,0
D,2013-12-18,0.0300,0.0300,0.0300,0.0300,300,0
D,2013-12-17,0.0300,0.0300,0.0300,0.0300,0,0
D,2013-12-16,0.0300,0.0300,0.0300,0.0300,0,0
D,2013-12-13,0.0350,0.0350,0.0300,0.0300,87,0
D,2013-12-12,0.0300,0.0300,0.0300,0.0300,0,0
D,2013-12-11,0.0300,0.0300,0.0300,0.0300,0,0
D,2013-12-10,0.0300,0.0300,0.0300,0.0300,0,0
D,2013-12-09,0.0300,0.0300,0.0300,0.0300,112,0
D,2013-12-06,0.0400,0.0400,0.0400,0.0400,0,0
D,2013-12-05,0.0400,0.0400,0.0400,0.0400,500,0
D,2013-12-04,0.0350,0.0350,0.0350,0.0350,0,0
D,2013-12-03,0.0000,0.0350,0.0350,0.0350,2,0
D,2013-12-02,0.0400,0.0400,0.0400,0.0400,0,0
D,2013-11-29,0.0400,0.0400,0.0400,0.0400,0,0
D,2013-11-28,0.0400,0.0400,0.0400,0.0400,0,0
D,2013-11-27,0.0400,0.0400,0.0400,0.0400,0,0
D,2013-11-26,0.0400,0.0400,0.0400,0.0400,140,0
D,2013-11-25,0.0400,0.0400,0.0400,0.0400,0,0
D,2013-11-22,0.0400,0.0400,0.0350,0.0400,1061,0
D,2013-11-21,0.0500,0.0500,0.0500,0.0500,0,0
D,2013-11-20,0.0500,0.0500,0.0500,0.0500,0,0
D,2013-11-19,0.0500,0.0500,0.0500,0.0500,0,0
D,2013-11-18,0.0500,0.0500,0.0500,0.0500,35,0
D,2013-11-15,0.0500,0.0500,0.0500,0.0500,50,0
D,2013-11-14,0.0500,0.0500,0.0500,0.0500,500,0
D,2013-11-13,0.0400,0.0400,0.0400,0.0400,0,0
D,2013-11-12,0.0400,0.0400,0.0400,0.0400,910,0
D,2013-11-11,0.0500,0.0500,0.0500,0.0500,0,0
D,2013-11-08,0.0500,0.0500,0.0500,0.0500,0,0
D,2013-11-07,0.0500,0.0500,0.0500,0.0500,0,0
D,2013-11-06,0.0500,0.0500,0.0500,0.0500,0,0
D,2013-11-04,0.0500,0.0500,0.0500,0.0500,40,0
D,2013-11-01,0.0550,0.0550,0.0550,0.0550,0,0
D,2013-10-31,0.0600,0.0600,0.0550,0.0550,570,0
D,2013-10-30,0.0600,0.0600,0.0600,0.0600,62,0
D,2013-10-29,0.0550,0.0550,0.0550,0.0550,65,0
D,2013-10-28,0.0550,0.0550,0.0550,0.0550,20,0
D,2013-10-25,0.0500,0.0500,0.0500,0.0500,1000,0
D,2013-10-24,0.0400,0.0400,0.0400,0.0400,0,0
D,2013-10-23,0.0400,0.0400,0.0400,0.0400,625,0
D,2013-10-22,0.0450,0.0450,0.0450,0.0450,722,0
D,2013-10-21,0.0550,0.0550,0.0550,0.0550,0,0
D,2013-10-18,0.0550,0.0550,0.0550,0.0550,1,0
D,2013-10-17,0.0450,0.0450,0.0450,0.0450,1625,0
D,2013-10-16,0.0450,0.0450,0.0450,0.0450,1100,0
D,2013-10-14,0.0400,0.0400,0.0400,0.0400,500,0
D,2013-10-11,0.0350,0.0400,0.0350,0.0400,600,0
D,2013-10-10,0.0400,0.0400,0.0400,0.0400,1095,0
D,2013-10-09,0.0400,0.0400,0.0400,0.0400,1800,0
D,2013-10-08,0.0400,0.0400,0.0400,0.0400,500,0
D,2013-10-07,0.0400,0.0400,0.0350,0.0400,2998,0
D,2013-10-04,0.0400,0.0400,0.0350,0.0350,1540,0
D,2013-10-03,0.0350,0.0350,0.0350,0.0350,0,0
D,2013-10-02,0.0350,0.0400,0.0350,0.0350,3300,0
D,2013-10-01,0.0400,0.0400,0.0400,0.0400,1400,0
D,2013-09-30,0.0500,0.0500,0.0450,0.0450,2610,0
D,2013-09-27,0.0550,0.0550,0.0550,0.0550,780,0
D,2013-09-26,0.0600,0.0600,0.0600,0.0600,600,0
D,2013-09-25,0.0600,0.0600,0.0600,0.0600,820,0
D,2013-09-24,0.0650,0.0650,0.0650,0.0650,880,0
D,2013-09-23,0.0600,0.0600,0.0600,0.0600,800,0
D,2013-09-20,0.0700,0.0700,0.0700,0.0700,0,0
D,2013-09-19,0.0600,0.0700,0.0600,0.0700,3482,0
D,2013-09-18,0.0550,0.0550,0.0550,0.0550,0,0
D,2013-09-17,0.0550,0.0600,0.0550,0.0550,1900,0
D,2013-09-13,0.0550,0.0550,0.0550,0.0550,150,0
D,2013-09-12,0.0550,0.0550,0.0550,0.0550,150,0
D,2013-09-11,0.0700,0.0700,0.0600,0.0600,600,0
D,2013-09-10,0.0800,0.0800,0.0750,0.0750,880,0
D,2013-09-09,0.0650,0.0700,0.0650,0.0700,410,0
D,2013-09-06,0.0650,0.0650,0.0650,0.0650,0,0
D,2013-09-05,0.0650,0.0650,0.0650,0.0650,0,0
D,2013-09-04,0.0650,0.0650,0.0650,0.0650,0,0
D,2013-09-03,0.0650,0.0650,0.0650,0.0650,240,0
D,2013-09-02,0.0650,0.0650,0.0650,0.0650,40,0
D,2013-08-30,0.0600,0.0700,0.0600,0.0700,235,0
D,2013-08-29,0.0600,0.0600,0.0600,0.0600,0,0
D,2013-08-28,0.0600,0.0600,0.0600,0.0600,200,0
D,2013-08-27,0.0700,0.0700,0.0700,0.0700,155,0
D,2013-08-26,0.0850,0.0850,0.0800,0.0800,325,0
D,2013-08-23,0.0950,0.0950,0.0950,0.0950,0,0
D,2013-08-22,0.0950,0.0950,0.0900,0.0950,117,0
D,2013-08-21,0.1100,0.1100,0.1100,0.1100,0,0
D,2013-08-20,0.1100,0.1100,0.1100,0.1100,26,0
D,2013-08-19,0.1200,0.1200,0.1200,0.1200,0,0
D,2013-08-16,0.1200,0.1200,0.1200,0.1200,23,0
D,2013-08-15,0.1300,0.1300,0.1300,0.1300,50,0
D,2013-08-14,0.1250,0.1250,0.1250,0.1250,0,0
D,2013-08-13,0.1250,0.1250,0.1250,0.1250,0,0
D,2013-08-12,0.1250,0.1250,0.1250,0.1250,0,0
D,2013-08-07,0.1250,0.1250,0.1250,0.1250,0,0
D,2013-08-06,0.1250,0.1250,0.1250,0.1250,0,0
D,2013-08-05,0.1250,0.1250,0.1250,0.1250,0,0
D,2013-08-02,0.1250,0.1250,0.1250,0.1250,23,0
D,2013-08-01,0.1200,0.1200,0.1200,0.1200,0,0
D,2013-07-31,0.1250,0.1250,0.1200,0.1200,12,0
D,2013-07-30,0.1300,0.1300,0.1300,0.1300,0,0
D,2013-07-29,0.1300,0.1300,0.1300,0.1300,80,0
D,2013-07-26,0.1350,0.1350,0.1350,0.1350,0,0
D,2013-07-25,0.1350,0.1350,0.1350,0.1350,50,0
D,2013-07-24,0.1400,0.1400,0.1400,0.1400,0,0
D,2013-07-23,0.1400,0.1400,0.1400,0.1400,0,0
D,2013-07-22,0.1400,0.1400,0.1400,0.1400,0,0
D,2013-07-19,0.1400,0.1400,0.1400,0.1400,20,0
D,2013-07-18,0.1500,0.1500,0.1500,0.1500,10,0
D,2013-07-17,0.1450,0.1450,0.1450,0.1450,7,0
D,2013-07-16,0.1500,0.1500,0.1500,0.1500,32,0
D,2013-07-15,0.1450,0.1450,0.1450,0.1450,8,0
D,2013-07-12,0.1500,0.1500,0.1500,0.1500,14,0
D,2013-07-11,0.1450,0.1500,0.1450,0.1500,29,0
D,2013-07-10,0.1550,0.1550,0.1550,0.1550,17,0
D,2013-07-09,0.1500,0.1500,0.1500,0.1500,18,0
D,2013-07-08,0.1550,0.1550,0.1550,0.1550,0,0
D,2013-07-05,0.1550,0.1550,0.1550,0.1550,0,0
D,2013-07-04,0.1550,0.1550,0.1550,0.1550,25,0
D,2013-07-03,0.1500,0.1500,0.1500,0.1500,0,0
D,2013-07-02,0.1550,0.1550,0.1500,0.1500,56,0
D,2013-07-01,0.1600,0.1600,0.1600,0.1600,47,0
D,2013-06-28,0.1550,0.1550,0.1550,0.1550,34,0
D,2013-06-27,0.1450,0.1450,0.1450,0.1450,0,0
D,2013-06-26,0.1450,0.1450,0.1450,0.1450,0,0
D,2013-06-25,0.1450,0.1450,0.1450,0.1450,0,0
D,2013-06-24,0.1450,0.1450,0.1450,0.1450,0,0
D,2013-06-21,0.1450,0.1450,0.1450,0.1450,40,0
D,2013-06-20,0.1450,0.1550,0.1450,0.1550,45,0
D,2013-06-19,0.1550,0.1550,0.1550,0.1550,23,0
D,2013-06-18,0.1600,0.1600,0.1600,0.1600,10,0
D,2013-06-17,0.1550,0.1550,0.1550,0.1550,0,0
D,2013-06-14,0.1550,0.1550,0.1550,0.1550,12,0
D,2013-06-13,0.1500,0.1500,0.1500,0.1500,0,0
D,2013-06-12,0.1550,0.1550,0.1500,0.1500,34,0
D,2013-06-11,0.1600,0.1600,0.1600,0.1600,0,0
D,2013-06-10,0.1600,0.1600,0.1600,0.1600,20,0
D,2013-06-07,0.1650,0.1650,0.1650,0.1650,0,0
D,2013-06-06,0.1650,0.1650,0.1650,0.1650,53,0
D,2013-06-05,0.1650,0.1700,0.1650,0.1650,260,0
D,2013-06-04,0.1600,0.1600,0.1600,0.1600,0,0
D,2013-06-03,0.1600,0.1600,0.1600,0.1600,23,0
D,2013-05-31,0.1650,0.1650,0.1650,0.1650,63,0
D,2013-05-30,0.1600,0.1600,0.1600,0.1600,0,0
D,2013-05-29,0.1600,0.1600,0.1600,0.1600,400,0
D,2013-05-28,0.1600,0.1600,0.1600,0.1600,0,0
D,2013-05-27,0.1600,0.1600,0.1600,0.1600,0,0
D,2013-05-23,0.1600,0.1600,0.1600,0.1600,200,0
D,2013-05-22,0.1600,0.1650,0.1600,0.1650,274,0
D,2013-05-21,0.1550,0.1550,0.1550,0.1550,0,0
D,2013-05-20,0.1550,0.1550,0.1550,0.1550,300,0
D,2013-05-17,0.1500,0.1500,0.1500,0.1500,100,0
D,2013-05-16,0.1500,0.1500,0.1500,0.1500,0,0
D,2013-05-15,0.1500,0.1500,0.1500,0.1500,0,0
D,2013-05-14,0.1500,0.1500,0.1500,0.1500,410,0
D,2013-05-13,0.1500,0.1500,0.1500,0.1500,106,0
D,2013-05-10,0.1450,0.1450,0.1450,0.1450,0,0
D,2013-05-09,0.1450,0.1500,0.1450,0.1450,120,0
D,2013-05-08,0.1500,0.1500,0.1500,0.1500,302,0
D,2013-05-07,0.1450,0.1450,0.1450,0.1450,960,0
D,2013-05-06,0.1600,0.1600,0.1400,0.1500,250,0
D,2013-05-03,0.1450,0.1450,0.1400,0.1450,207,0
D,2013-05-02,0.1550,0.1600,0.1550,0.1600,30,0
D,2013-04-30,0.1550,0.1650,0.1550,0.1600,904,0
D,2013-04-29,0.1450,0.1450,0.1450,0.1450,0,0
D,2013-04-26,0.1450,0.1500,0.1450,0.1450,389,0
D,2013-04-25,0.1400,0.1450,0.1400,0.1450,110,0
D,2013-04-24,0.1350,0.1350,0.1350,0.1350,162,0
D,2013-04-23,0.1300,0.1300,0.1300,0.1300,0,0
D,2013-04-22,0.1300,0.1300,0.1300,0.1300,89,0
D,2013-04-19,0.1300,0.1300,0.1300,0.1300,45,0
D,2013-04-18,0.1350,0.1350,0.1350,0.1350,0,0
D,2013-04-17,0.1300,0.1350,0.1300,0.1350,210,0
D,2013-04-16,0.1250,0.1250,0.1200,0.1250,71,0
D,2013-04-15,0.1250,0.1250,0.1250,0.1250,0,0
D,2013-04-12,0.1350,0.1350,0.1250,0.1250,320,0
D,2013-04-11,0.1300,0.1300,0.1300,0.1300,30,0
D,2013-04-10,0.1300,0.1300,0.1300,0.1300,0,0
D,2013-04-09,0.1300,0.1300,0.1300,0.1300,0,0
D,2013-04-08,0.1300,0.1300,0.1300,0.1300,60,0
D,2013-04-05,0.1300,0.1300,0.1300,0.1300,40,0
D,2013-04-04,0.1350,0.1350,0.1350,0.1350,0,0
D,2013-04-03,0.1300,0.1350,0.1200,0.1350,520,0
D,2013-04-02,0.1350,0.1350,0.1350,0.1350,60,0
D,2013-04-01,0.1400,0.1400,0.1350,0.1400,325,0
D,2013-03-29,0.1300,0.1300,0.1300,0.1300,49,0
D,2013-03-28,0.1400,0.1400,0.1250,0.1350,547,0
D,2013-03-27,0.1350,0.1350,0.1350,0.1350,93,0
D,2013-03-26,0.1400,0.1500,0.1300,0.1400,3189,0
