D,2014-10-14,1.3500,1.4000,1.3200,1.3500,49978,0
D,2014-10-13,1.4600,1.4600,1.3500,1.3600,42551,0
D,2014-10-10,1.4700,1.4700,1.4200,1.4600,38386,0
D,2014-10-09,1.5000,1.5500,1.4700,1.4800,34420,0
D,2014-10-08,1.5900,1.5900,1.4700,1.4800,38371,0
D,2014-10-07,1.6200,1.6300,1.5800,1.6000,2473,0
D,2014-10-03,1.6200,1.6500,1.6100,1.6200,4706,0
D,2014-10-02,1.6600,1.6600,1.6000,1.6200,2736,0
D,2014-10-01,1.6400,1.6700,1.6100,1.6700,8475,0
D,2014-09-30,1.6400,1.6400,1.6100,1.6300,3572,0
D,2014-09-29,1.5900,1.6500,1.5900,1.6400,3008,0
D,2014-09-26,1.6100,1.6300,1.6000,1.6100,2658,0
D,2014-09-25,1.6500,1.6500,1.6300,1.6400,2561,0
D,2014-09-24,1.6300,1.6400,1.6100,1.6400,4947,0
D,2014-09-23,1.6000,1.6200,1.6000,1.6100,6193,0
D,2014-09-22,1.6500,1.6500,1.6000,1.6000,4509,0
D,2014-09-19,1.5800,1.6500,1.5800,1.6400,11477,0
D,2014-09-18,1.6500,1.6600,1.5700,1.5700,35206,0
D,2014-09-17,1.7000,1.7000,1.6200,1.6300,11437,0
D,2014-09-15,1.7000,1.7000,1.6700,1.6900,2464,0
D,2014-09-12,1.7200,1.7200,1.6800,1.6800,5617,0
D,2014-09-11,1.7600,1.7700,1.6800,1.6900,13859,0
D,2014-09-10,1.7700,1.7700,1.7500,1.7600,19121,0
D,2014-09-09,1.7300,1.7700,1.7200,1.7700,15263,0
D,2014-09-08,1.6800,1.7300,1.6600,1.7200,16215,0
D,2014-09-05,1.6600,1.6900,1.6300,1.6900,19187,0
D,2014-09-04,1.6500,1.6500,1.6200,1.6300,8464,0
D,2014-09-03,1.6600,1.7100,1.5900,1.6500,33010,0
D,2014-09-02,1.7600,1.7600,1.6500,1.6600,21801,0
D,2014-08-29,1.7900,1.8000,1.7000,1.7700,10785,0
D,2014-08-28,1.8000,1.8200,1.7800,1.8000,14604,0
D,2014-08-27,1.8000,1.8000,1.7700,1.8000,21999,0
D,2014-08-26,1.8200,1.8200,1.7800,1.8000,27192,0
D,2014-08-25,1.8200,1.8200,1.7900,1.8200,14043,0
D,2014-08-22,1.8300,1.8400,1.7800,1.8200,23300,0
D,2014-08-21,1.7900,1.8500,1.7800,1.8300,49741,0
D,2014-08-20,1.8600,1.8600,1.7600,1.7600,13805,0
D,2014-08-19,1.9000,1.9000,1.8300,1.8600,12975,0
D,2014-08-18,1.8900,1.9000,1.8600,1.9000,16569,0
D,2014-08-15,1.8200,1.8700,1.7800,1.8600,39320,0
D,2014-08-14,1.7600,1.8200,1.7300,1.8000,46303,0
D,2014-08-13,1.7200,1.7600,1.7000,1.7500,16960,0
D,2014-08-12,1.7200,1.7400,1.7000,1.7100,33054,0
D,2014-08-11,1.7000,1.7300,1.7000,1.7100,5546,0
D,2014-08-08,1.7300,1.7400,1.6800,1.6900,24759,0
D,2014-08-07,1.7400,1.7600,1.7100,1.7200,9778,0
D,2014-08-06,1.7400,1.7700,1.7200,1.7400,17973,0
D,2014-08-05,1.7100,1.7700,1.7100,1.7400,29042,0
D,2014-08-04,1.7200,1.7400,1.6900,1.7000,16763,0
D,2014-08-01,1.7200,1.7300,1.7000,1.7100,12893,0
D,2014-07-31,1.7500,1.7700,1.7300,1.7500,18319,0
D,2014-07-30,1.7800,1.7900,1.7300,1.7400,18786,0
D,2014-07-25,1.7000,1.7800,1.7000,1.7700,108638,0
D,2014-07-24,1.6800,1.7000,1.6800,1.6900,7429,0
D,2014-07-23,1.6800,1.7000,1.6700,1.6700,11279,0
D,2014-07-22,1.7100,1.7200,1.6700,1.6800,12232,0
D,2014-07-21,1.7000,1.7500,1.6900,1.7000,65099,0
D,2014-07-18,1.6700,1.7000,1.6400,1.6800,11093,0
D,2014-07-17,1.7300,1.7600,1.6900,1.6900,23529,0
D,2014-07-16,1.7000,1.7300,1.7000,1.7300,33555,0
D,2014-07-14,1.7100,1.7200,1.6700,1.7000,11662,0
D,2014-07-11,1.7600,1.7800,1.7000,1.7100,36706,0
D,2014-07-10,1.7300,1.8000,1.7000,1.7600,43874,0
D,2014-07-09,1.6000,1.7500,1.6000,1.7200,82976,0
D,2014-07-08,1.6200,1.6700,1.6000,1.6100,18817,0
D,2014-07-07,1.5400,1.6200,1.5400,1.6200,51727,0
D,2014-07-04,1.5200,1.5500,1.5200,1.5400,21592,0
D,2014-07-03,1.4900,1.5200,1.4800,1.5200,26311,0
D,2014-07-02,1.4800,1.4900,1.4600,1.4800,13881,0
D,2014-07-01,1.4500,1.5000,1.4300,1.4800,10708,0
D,2014-06-30,1.4500,1.4600,1.4400,1.4600,12008,0
D,2014-06-27,1.4400,1.4500,1.4300,1.4400,15946,0
D,2014-06-26,1.4500,1.4600,1.4200,1.4400,3062,0
D,2014-06-25,1.4200,1.4500,1.4100,1.4500,7558,0
D,2014-06-24,1.4300,1.4400,1.4200,1.4300,9297,0
D,2014-06-23,1.4400,1.4500,1.4300,1.4300,6765,0
D,2014-06-20,1.4400,1.4500,1.4200,1.4400,13414,0
D,2014-06-19,1.4500,1.4500,1.3900,1.4300,22978,0
D,2014-06-18,1.4900,1.4900,1.4400,1.4500,10145,0
D,2014-06-17,1.4800,1.5000,1.4600,1.4900,16639,0
D,2014-06-16,1.4600,1.5000,1.4400,1.4800,34805,0
D,2014-06-13,1.4000,1.4700,1.3900,1.4600,32146,0
D,2014-06-12,1.4100,1.4200,1.3900,1.4100,7799,0
D,2014-06-11,1.3700,1.4000,1.3700,1.4000,7055,0
D,2014-06-10,1.3700,1.3900,1.3500,1.3700,5593,0
D,2014-06-09,1.3900,1.4200,1.3700,1.3900,7000,0
D,2014-06-06,1.4100,1.4200,1.3800,1.3900,4698,0
D,2014-06-05,1.4000,1.4400,1.3900,1.4000,14699,0
D,2014-06-04,1.3700,1.4200,1.3300,1.4000,29033,0
D,2014-06-03,1.3000,1.3800,1.3000,1.3700,23477,0
D,2014-06-02,1.2800,1.3300,1.2800,1.3300,18212,0
D,2014-05-30,1.2800,1.3100,1.2800,1.2800,11349,0
D,2014-05-29,1.2700,1.3000,1.2600,1.2700,7846,0
D,2014-05-28,1.2800,1.2900,1.2500,1.2500,18754,0
D,2014-05-27,1.2900,1.3100,1.2800,1.2800,11752,0
D,2014-05-26,1.3300,1.3300,1.2800,1.3000,16067,0
D,2014-05-23,1.3300,1.3500,1.3100,1.3300,11225,0
D,2014-05-22,1.3100,1.3500,1.3100,1.3200,6732,0
D,2014-05-21,1.3300,1.3700,1.3100,1.3100,19494,0
D,2014-05-20,1.3200,1.3800,1.3200,1.3400,28143,0
D,2014-05-19,1.3300,1.3300,1.3100,1.3300,9513,0
D,2014-05-16,1.3100,1.3300,1.3000,1.3300,9278,0
D,2014-05-15,1.3400,1.3700,1.3200,1.3200,28513,0
D,2014-05-14,1.2900,1.3500,1.2800,1.3400,65922,0
D,2014-05-12,1.2600,1.3200,1.2400,1.2800,42315,0
D,2014-05-09,1.2700,1.2800,1.2300,1.2500,35899,0
D,2014-05-08,1.2700,1.2900,1.2300,1.2700,43817,0
D,2014-05-07,1.1900,1.2800,1.1900,1.2700,40679,0
D,2014-05-06,1.1800,1.2000,1.1800,1.1900,16986,0
D,2014-05-05,1.1800,1.1900,1.1800,1.1800,6002,0
D,2014-05-02,1.1900,1.1900,1.1700,1.1800,7853,0
D,2014-04-30,1.1800,1.2200,1.1800,1.1800,16197,0
D,2014-04-29,1.1900,1.1900,1.1500,1.1800,4391,0
D,2014-04-28,1.2100,1.2100,1.1800,1.1900,11227,0
D,2014-04-25,1.1800,1.2400,1.1800,1.2100,31497,0
D,2014-04-24,1.1800,1.1900,1.1600,1.1900,9568,0
D,2014-04-23,1.1900,1.2000,1.1600,1.1800,10659,0
D,2014-04-22,1.2000,1.2000,1.1900,1.1900,20918,0
D,2014-04-21,1.1900,1.2200,1.1900,1.2000,30838,0
D,2014-04-18,1.1800,1.2100,1.1800,1.1900,28854,0
D,2014-04-17,1.1800,1.2100,1.1800,1.1900,13534,0
D,2014-04-16,1.1900,1.2000,1.1700,1.1800,6541,0
D,2014-04-15,1.2100,1.2300,1.1800,1.1800,65809,0
D,2014-04-14,1.1600,1.3000,1.1600,1.2100,83885,0
D,2014-04-11,1.1500,1.1900,1.1400,1.1700,13176,0
D,2014-04-10,1.2200,1.2400,1.1600,1.1600,38507,0
D,2014-04-09,1.0600,1.2600,1.0600,1.2500,140455,0
D,2014-04-08,1.0300,1.0600,1.0200,1.0600,9774,0
D,2014-04-07,1.0400,1.0500,1.0200,1.0300,6751,0
D,2014-04-04,1.0300,1.0600,1.0200,1.0300,7179,0
D,2014-04-03,1.0500,1.0500,1.0300,1.0300,1920,0
D,2014-04-02,1.0700,1.0700,1.0400,1.0500,8824,0
D,2014-04-01,1.0400,1.0900,1.0300,1.0600,30997,0
D,2014-03-31,1.0200,1.0300,1.0200,1.0300,8388,0
D,2014-03-28,1.0100,1.0200,1.0000,1.0100,4156,0
D,2014-03-27,1.0000,1.0100,1.0000,1.0100,6250,0
D,2014-03-26,1.0100,1.0200,0.9950,1.0100,4194,0
D,2014-03-25,1.0000,1.0100,1.0000,1.0000,2018,0
D,2014-03-24,0.9900,1.0100,0.9900,1.0100,5380,0
D,2014-03-21,1.0200,1.0200,0.9900,0.9900,8710,0
D,2014-03-20,1.0300,1.0300,1.0100,1.0100,4643,0
D,2014-03-19,1.0400,1.0400,1.0100,1.0200,4888,0
D,2014-03-18,1.0400,1.0600,1.0200,1.0200,10705,0
D,2014-03-17,1.0300,1.0300,1.0100,1.0300,3926,0
D,2014-03-14,1.0300,1.0300,1.0100,1.0300,4045,0
D,2014-03-13,1.0400,1.0400,1.0300,1.0300,5385,0
D,2014-03-12,0.9900,1.0600,0.9850,1.0400,28600,0
D,2014-03-11,1.0200,1.0200,0.9950,0.9950,9043,0
D,2014-03-10,1.0100,1.0200,1.0000,1.0200,6320,0
D,2014-03-07,1.0300,1.0300,1.0100,1.0100,2827,0
D,2014-03-06,1.0000,1.0300,0.9950,1.0300,9027,0
D,2014-03-05,0.9850,1.0100,0.9850,1.0000,14565,0
D,2014-03-04,0.9950,0.9950,0.9750,0.9850,13480,0
D,2014-03-03,0.9850,0.9900,0.9600,0.9850,18511,0
D,2014-02-28,1.0000,1.0300,0.9800,0.9900,30102,0
D,2014-02-27,0.9850,1.0400,0.9450,1.0200,114519,0
D,2014-02-26,1.0800,1.0900,1.0300,1.0700,39590,0
D,2014-02-25,1.1000,1.1100,1.0700,1.0900,38938,0
D,2014-02-24,1.1100,1.1100,1.1000,1.1000,17653,0
D,2014-02-21,1.1100,1.1200,1.0800,1.1100,23221,0
D,2014-02-20,1.0800,1.1300,1.0800,1.1100,67884,0
D,2014-02-19,1.0600,1.0900,1.0500,1.0700,26653,0
D,2014-02-18,1.0800,1.0800,1.0500,1.0600,36821,0
D,2014-02-17,1.0600,1.0800,1.0500,1.0800,23192,0
D,2014-02-14,1.0100,1.0700,1.0000,1.0600,64339,0
D,2014-02-13,1.0100,1.0200,0.9950,1.0100,22718,0
D,2014-02-12,1.0300,1.0300,1.0000,1.0000,21941,0
D,2014-02-11,0.9950,1.0300,0.9900,1.0200,29768,0
D,2014-02-10,0.9900,1.0000,0.9850,1.0000,15341,0
D,2014-02-07,1.0300,1.0300,0.9800,0.9800,98414,0
D,2014-02-06,0.9750,1.0100,0.9600,1.0100,47512,0
D,2014-02-05,0.9650,0.9800,0.9600,0.9750,33362,0
D,2014-02-04,0.9200,0.9700,0.9200,0.9600,17418,0
D,2014-01-30,0.9400,0.9500,0.9350,0.9400,49649,0
D,2014-01-29,0.9200,0.9900,0.9200,0.9600,163798,0
D,2014-01-28,0.9150,0.9250,0.9000,0.9200,82451,0
D,2014-01-27,0.9350,0.9350,0.9100,0.9150,62611,0
D,2014-01-24,0.9450,0.9500,0.9350,0.9450,41438,0
D,2014-01-23,0.9900,0.9900,0.9400,0.9450,30775,0
D,2014-01-22,0.9950,1.0000,0.9750,0.9800,32694,0
D,2014-01-21,0.9950,1.0300,0.9950,0.9950,72405,0
D,2014-01-20,1.0200,1.0400,0.9850,0.9900,30027,0
D,2014-01-16,1.0400,1.0600,1.0000,1.0100,32238,0
D,2014-01-15,1.0800,1.0800,1.0100,1.0300,23179,0
D,2014-01-13,1.0600,1.1000,1.0600,1.0800,20047,0
D,2014-01-10,1.1100,1.1200,1.0800,1.0800,38568,0
D,2014-01-09,1.0900,1.1300,1.0600,1.1100,51615,0
D,2014-01-08,1.0400,1.0900,1.0400,1.0900,31002,0
D,2014-01-07,1.0400,1.0600,1.0300,1.0400,35623,0
D,2014-01-06,1.0200,1.0500,1.0200,1.0400,32947,0
D,2014-01-03,1.0500,1.0500,1.0100,1.0200,35696,0
D,2014-01-02,1.0100,1.0700,1.0100,1.0500,72257,0
D,2013-12-31,0.9700,1.0200,0.9700,1.0000,136943,0
D,2013-12-30,0.9400,0.9800,0.9300,0.9750,57673,0
D,2013-12-27,0.9300,0.9500,0.9200,0.9400,28323,0
D,2013-12-26,0.8800,0.9250,0.8750,0.9250,33086,0
D,2013-12-24,0.8800,0.8800,0.8700,0.8700,3185,0
D,2013-12-23,0.8750,0.8800,0.8700,0.8800,3003,0
D,2013-12-20,0.8800,0.8900,0.8700,0.8700,3812,0
D,2013-12-19,0.8900,0.8900,0.8800,0.8800,2204,0
D,2013-12-18,0.8750,0.8950,0.8750,0.8900,15368,0
D,2013-12-17,0.8800,0.8800,0.8700,0.8750,4290,0
D,2013-12-16,0.8750,0.8800,0.8700,0.8800,3565,0
D,2013-12-13,0.8700,0.8850,0.8700,0.8850,2427,0
D,2013-12-12,0.8850,0.8850,0.8700,0.8700,4005,0
D,2013-12-11,0.8750,0.9000,0.8750,0.8950,10021,0
D,2013-12-10,0.8800,0.8800,0.8700,0.8750,2444,0
D,2013-12-09,0.8650,0.9000,0.8650,0.8700,4900,0
D,2013-12-06,0.8700,0.8800,0.8600,0.8650,6927,0
D,2013-12-05,0.8700,0.8800,0.8650,0.8700,3214,0
D,2013-12-04,0.8700,0.8800,0.8700,0.8700,1230,0
D,2013-12-03,0.8750,0.8800,0.8700,0.8700,3924,0
D,2013-12-02,0.8950,0.8950,0.8650,0.8800,4464,0
D,2013-11-29,0.8750,0.8800,0.8650,0.8700,9222,0
D,2013-11-28,0.8950,0.8950,0.8700,0.8750,9299,0
D,2013-11-27,0.9050,0.9050,0.8750,0.8800,14253,0
D,2013-11-26,0.9400,0.9400,0.9050,0.9050,9892,0
D,2013-11-25,0.9400,0.9500,0.9200,0.9250,8141,0
D,2013-11-22,0.9600,0.9650,0.9500,0.9500,33286,0
D,2013-11-21,0.9400,0.9750,0.9250,0.9600,43366,0
D,2013-11-20,0.9650,0.9650,0.9400,0.9600,47787,0
D,2013-11-19,0.9300,0.9700,0.9200,0.9550,62196,0
D,2013-11-18,0.9650,0.9750,0.9250,0.9350,102589,0
D,2013-11-15,0.8550,0.9800,0.8550,0.9750,313274,0
D,2013-11-14,0.8400,0.8500,0.8350,0.8450,11795,0
D,2013-11-13,0.8450,0.8450,0.8350,0.8400,10463,0
D,2013-11-12,0.8500,0.8600,0.8400,0.8400,18301,0
D,2013-11-11,0.8550,0.8600,0.8400,0.8500,29649,0
D,2013-11-08,0.8600,0.8700,0.8500,0.8550,20329,0
D,2013-11-07,0.8800,0.8800,0.8700,0.8750,4502,0
D,2013-11-06,0.8800,0.8850,0.8700,0.8700,7030,0
D,2013-11-04,0.8800,0.8950,0.8750,0.8750,7417,0
D,2013-11-01,0.8800,0.8900,0.8800,0.8800,3402,0
D,2013-10-31,0.8800,0.8850,0.8800,0.8850,5747,0
D,2013-10-30,0.8900,0.8950,0.8800,0.8850,2895,0
D,2013-10-29,0.8750,0.8950,0.8750,0.8800,10515,0
D,2013-10-28,0.8800,0.8850,0.8750,0.8800,5894,0
D,2013-10-25,0.8850,0.8900,0.8800,0.8850,3003,0
D,2013-10-24,0.8850,0.8900,0.8800,0.8800,2740,0
D,2013-10-23,0.8850,0.8900,0.8850,0.8850,5276,0
D,2013-10-22,0.8900,0.8900,0.8800,0.8850,5731,0
D,2013-10-21,0.8900,0.8900,0.8800,0.8850,5932,0
D,2013-10-18,0.8800,0.8900,0.8800,0.8900,3782,0
D,2013-10-17,0.8850,0.8900,0.8800,0.8800,4847,0
D,2013-10-16,0.8950,0.8950,0.8700,0.8700,4961,0
D,2013-10-14,0.8950,0.8950,0.8800,0.8900,2289,0
D,2013-10-11,0.8850,0.9000,0.8800,0.8950,8739,0
D,2013-10-10,0.8650,0.9000,0.8650,0.8800,20385,0
D,2013-10-09,0.8650,0.8700,0.8600,0.8650,6842,0
D,2013-10-08,0.8800,0.8800,0.8600,0.8700,6057,0
D,2013-10-07,0.8700,0.8850,0.8650,0.8650,6451,0
D,2013-10-04,0.8750,0.8750,0.8650,0.8700,4368,0
D,2013-10-03,0.8650,0.8750,0.8600,0.8750,6576,0
D,2013-10-02,0.8650,0.8750,0.8600,0.8700,7203,0
D,2013-10-01,0.8650,0.8650,0.8550,0.8550,15980,0
D,2013-09-30,0.8750,0.8850,0.8550,0.8550,27735,0
D,2013-09-27,0.8900,0.8950,0.8750,0.8750,15720,0
D,2013-09-26,0.9000,0.9000,0.8800,0.8800,10268,0
D,2013-09-25,0.9200,0.9200,0.8850,0.8950,17685,0
D,2013-09-24,0.9100,0.9200,0.9100,0.9100,8400,0
D,2013-09-23,0.9000,0.9150,0.9000,0.9050,2613,0
D,2013-09-20,0.9150,0.9150,0.9000,0.9050,6067,0
D,2013-09-19,0.9100,0.9200,0.9100,0.9150,17982,0
D,2013-09-18,0.9000,0.9050,0.8950,0.8950,2316,0
D,2013-09-17,0.9000,0.9150,0.9000,0.9100,3353,0
D,2013-09-13,0.9200,0.9200,0.9000,0.9000,1367,0
D,2013-09-12,0.9100,0.9150,0.9100,0.9150,3347,0
D,2013-09-11,0.9150,0.9250,0.9050,0.9050,9382,0
D,2013-09-10,0.9100,0.9200,0.9000,0.9150,6863,0
D,2013-09-09,0.9000,0.9050,0.8950,0.9050,2687,0
D,2013-09-06,0.9000,0.9050,0.8950,0.8950,4138,0
D,2013-09-05,0.9000,0.9100,0.8950,0.9050,11155,0
D,2013-09-04,0.8800,0.9050,0.8750,0.8900,5567,0
D,2013-09-03,0.8800,0.8900,0.8750,0.8800,27183,0
D,2013-09-02,0.8800,0.8900,0.8700,0.8850,6754,0
D,2013-08-30,0.8850,0.8900,0.8800,0.8800,4958,0
D,2013-08-29,0.8600,0.8950,0.8600,0.8750,11804,0
D,2013-08-28,0.8500,0.8700,0.8400,0.8700,12831,0
D,2013-08-27,0.8950,0.8950,0.8600,0.8600,12757,0
D,2013-08-26,0.9050,0.9050,0.8850,0.8950,6333,0
D,2013-08-23,0.9100,0.9100,0.8950,0.9000,5103,0
D,2013-08-22,0.9050,0.9100,0.8950,0.9050,10166,0
D,2013-08-21,0.9050,0.9150,0.9050,0.9100,7716,0
D,2013-08-20,0.9400,0.9400,0.9000,0.9000,12519,0
D,2013-08-19,0.9400,0.9500,0.9350,0.9400,5366,0
D,2013-08-16,0.9400,0.9500,0.9300,0.9450,2642,0
D,2013-08-15,0.9550,0.9550,0.9450,0.9450,7010,0
D,2013-08-14,0.9400,0.9550,0.9400,0.9550,17212,0
D,2013-08-13,0.9350,0.9450,0.9350,0.9400,4012,0
D,2013-08-12,0.9300,0.9350,0.9250,0.9250,2819,0
D,2013-08-07,0.9300,0.9350,0.9250,0.9300,4006,0
D,2013-08-06,0.9300,0.9350,0.9250,0.9300,3945,0
D,2013-08-05,0.9200,0.9350,0.9100,0.9300,5728,0
D,2013-08-02,0.9200,0.9250,0.9100,0.9100,7121,0
D,2013-08-01,0.8950,0.9200,0.8950,0.9200,12812,0
D,2013-07-31,0.9250,0.9250,0.8950,0.9000,28900,0
D,2013-07-30,0.9300,0.9300,0.9150,0.9250,12423,0
D,2013-07-29,0.9200,0.9400,0.9200,0.9250,14931,0
D,2013-07-26,0.9450,0.9550,0.9200,0.9200,36792,0
D,2013-07-25,0.9900,0.9900,0.9450,0.9600,85924,0
D,2013-07-24,1.0200,1.0400,1.0100,1.0100,20630,0
D,2013-07-23,1.0400,1.0400,1.0200,1.0200,10743,0
D,2013-07-22,1.0500,1.0700,1.0300,1.0400,19255,0
D,2013-07-19,1.0800,1.0800,1.0400,1.0500,18607,0
D,2013-07-18,1.0500,1.0900,1.0500,1.0700,67621,0
D,2013-07-17,1.0400,1.0600,1.0400,1.0400,15138,0
D,2013-07-16,1.0500,1.0700,1.0300,1.0300,29227,0
D,2013-07-15,1.0500,1.0800,1.0300,1.0400,46844,0
D,2013-07-12,1.0300,1.0500,1.0300,1.0300,25600,0
D,2013-07-11,1.0200,1.0300,1.0000,1.0200,16311,0
D,2013-07-10,1.0400,1.0500,1.0100,1.0100,30559,0
D,2013-07-09,1.0000,1.0600,1.0000,1.0300,137828,0
D,2013-07-08,1.0000,1.0200,0.9850,0.9950,16870,0
D,2013-07-05,0.9800,1.0100,0.9700,0.9900,30598,0
D,2013-07-04,0.9500,0.9800,0.9450,0.9800,9070,0
D,2013-07-03,0.9450,0.9650,0.9400,0.9500,23034,0
D,2013-07-02,0.9550,0.9650,0.9400,0.9450,13475,0
D,2013-07-01,0.9500,0.9550,0.9400,0.9500,8599,0
D,2013-06-28,0.9400,0.9500,0.9350,0.9500,8995,0
D,2013-06-27,0.9300,0.9400,0.9300,0.9400,12220,0
D,2013-06-26,0.9200,0.9300,0.9150,0.9300,7571,0
D,2013-06-25,0.9200,0.9300,0.9050,0.9100,11424,0
D,2013-06-24,0.9250,0.9400,0.9000,0.9200,11508,0
D,2013-06-21,0.9450,0.9450,0.9150,0.9250,36562,0
D,2013-06-20,0.9700,0.9750,0.9550,0.9550,17260,0
D,2013-06-19,0.9800,0.9850,0.9750,0.9800,9291,0
D,2013-06-18,0.9900,0.9900,0.9800,0.9800,4429,0
D,2013-06-17,0.9850,0.9850,0.9850,0.9850,3888,0
D,2013-06-14,1.0000,1.0100,0.9850,0.9850,21364,0
D,2013-06-13,1.0000,1.0000,0.9750,0.9850,26669,0
D,2013-06-12,0.9800,1.0200,0.9700,1.0100,16713,0
D,2013-06-11,0.9950,0.9950,0.9750,0.9800,13329,0
D,2013-06-10,0.9750,1.0000,0.9750,0.9950,15847,0
D,2013-06-07,0.9550,0.9800,0.9500,0.9700,12674,0
D,2013-06-06,0.9550,0.9650,0.9450,0.9500,14972,0
D,2013-06-05,1.0000,1.0000,0.9600,0.9650,16370,0
D,2013-06-04,0.9950,1.0100,0.9850,1.0000,28649,0
D,2013-06-03,0.9950,0.9950,0.9750,0.9900,24369,0
D,2013-05-31,1.0100,1.0200,1.0000,1.0000,10632,0
D,2013-05-30,1.0000,1.0000,0.9850,1.0000,25033,0
D,2013-05-29,1.0000,1.0300,1.0000,1.0000,34840,0
D,2013-05-28,0.9900,1.0100,0.9850,0.9950,25811,0
D,2013-05-27,0.9750,0.9950,0.9650,0.9850,14541,0
D,2013-05-23,0.9850,1.0100,0.9550,0.9650,47583,0
D,2013-05-22,1.0300,1.0300,0.9800,0.9850,28084,0
D,2013-05-21,1.0100,1.0400,1.0100,1.0200,43427,0
D,2013-05-20,0.9750,0.9900,0.9750,0.9900,34627,0
D,2013-05-17,0.9400,0.9750,0.9350,0.9650,50662,0
D,2013-05-16,0.9550,0.9550,0.9350,0.9350,18152,0
D,2013-05-15,0.9500,0.9600,0.9350,0.9550,20980,0
D,2013-05-14,0.9650,0.9750,0.9300,0.9450,23708,0
D,2013-05-13,0.9450,0.9800,0.9450,0.9650,79470,0
D,2013-05-10,0.9050,0.9350,0.9000,0.9300,71231,0
D,2013-05-09,0.8900,0.9050,0.8800,0.9000,18036,0
D,2013-05-08,0.9100,0.9100,0.8800,0.8900,27917,0
D,2013-05-07,0.9050,0.9150,0.8900,0.9050,51378,0
D,2013-05-06,0.8700,0.9000,0.8700,0.8850,30775,0
D,2013-05-03,0.8500,0.8600,0.8500,0.8550,11801,0
D,2013-05-02,0.8600,0.8700,0.8500,0.8500,16518,0
D,2013-04-30,0.8600,0.8600,0.8500,0.8600,8713,0
D,2013-04-29,0.8600,0.8650,0.8500,0.8600,12685,0
D,2013-04-26,0.8500,0.8550,0.8500,0.8500,25288,0
D,2013-04-25,0.8750,0.8750,0.8450,0.8600,49728,0
D,2013-04-24,0.8750,0.8800,0.8700,0.8800,9442,0
D,2013-04-23,0.8850,0.8850,0.8650,0.8700,13869,0
D,2013-04-22,0.8850,0.8850,0.8700,0.8800,16401,0
D,2013-04-19,0.8800,0.8850,0.8750,0.8850,19408,0
D,2013-04-18,0.8900,0.8900,0.8750,0.8800,30826,0
D,2013-04-17,0.8850,0.9000,0.8850,0.8950,27534,0
D,2013-04-16,0.8800,0.8900,0.8750,0.8850,30611,0
D,2013-04-15,0.8950,0.9000,0.8800,0.8900,26132,0
D,2013-04-12,0.9150,0.9150,0.8900,0.8950,41036,0
D,2013-04-11,0.9200,0.9250,0.9100,0.9150,39765,0
D,2013-04-10,0.9450,0.9500,0.9100,0.9100,94323,0
D,2013-04-09,0.9150,0.9750,0.9100,0.9400,213832,0
D,2013-04-08,0.9100,0.9300,0.9050,0.9100,71181,0
D,2013-04-05,0.9200,0.9250,0.9050,0.9150,27096,0
D,2013-04-04,0.8900,0.9350,0.8850,0.9150,63866,0
D,2013-04-03,0.9100,0.9250,0.8850,0.8900,22261,0
D,2013-04-02,0.8900,0.9100,0.8800,0.9050,25977,0
D,2013-04-01,0.8850,0.8900,0.8800,0.8850,2511,0
D,2013-03-29,0.8850,0.8950,0.8850,0.8900,2700,0
D,2013-03-28,0.8950,0.8950,0.8800,0.8800,8110,0
D,2013-03-27,0.8800,0.9100,0.8800,0.8950,17437,0
D,2013-03-26,0.8850,0.8900,0.8700,0.8800,5476,0
D,2013-03-25,0.8900,0.8900,0.8750,0.8800,2193,0
D,2013-03-22,0.8750,0.8900,0.8750,0.8800,9653,0
D,2013-03-21,0.8950,0.9050,0.8850,0.8900,25417,0
D,2013-03-20,0.8800,0.9050,0.8800,0.8950,7730,0
D,2013-03-19,0.8900,0.8950,0.8800,0.8800,11438,0
D,2013-03-18,0.9000,0.9000,0.8800,0.8900,11432,0
D,2013-03-15,0.9050,0.9400,0.8950,0.8950,31487,0
D,2013-03-14,0.9000,0.9150,0.9000,0.9050,15367,0
D,2013-03-13,0.9050,0.9050,0.8900,0.8900,6184,0
D,2013-03-12,0.9050,0.9100,0.9000,0.9050,5949,0
D,2013-03-11,0.9000,0.9100,0.8950,0.9100,3832,0
D,2013-03-08,0.9050,0.9100,0.9000,0.9000,6969,0
D,2013-03-07,0.9100,0.9100,0.9000,0.9050,4799,0
D,2013-03-06,0.9050,0.9150,0.9050,0.9100,14552,0
D,2013-03-05,0.9000,0.9100,0.8950,0.9050,9040,0
D,2013-03-04,0.9000,0.9250,0.8950,0.8950,119920,0
D,2013-03-01,0.8450,0.9050,0.8450,0.8950,79650,0
D,2013-02-28,0.8600,0.8600,0.8450,0.8450,23847,0
D,2013-02-27,0.8600,0.8650,0.8550,0.8600,21584,0
D,2013-02-26,0.8600,0.8600,0.8500,0.8550,16894,0
D,2013-02-25,0.8600,0.8700,0.8500,0.8600,15331,0
D,2013-02-22,0.8750,0.8750,0.8500,0.8550,28009,0
D,2013-02-21,0.9200,0.9200,0.8750,0.8800,19983,0
D,2013-02-20,0.9150,0.9300,0.9000,0.9050,20741,0
D,2013-02-19,0.9700,0.9700,0.9100,0.9100,29487,0
D,2013-02-18,0.9850,0.9900,0.9700,0.9900,6660,0
D,2013-02-15,0.9800,0.9850,0.9750,0.9850,2870,0
D,2013-02-14,0.9750,0.9900,0.9750,0.9900,2276,0
D,2013-02-13,0.9750,0.9750,0.9700,0.9700,3247,0
D,2013-02-08,0.9750,0.9850,0.9650,0.9650,9386,0
D,2013-02-07,0.9800,0.9800,0.9650,0.9700,10621,0
D,2013-02-06,1.0000,1.0100,0.9700,0.9700,11937,0
D,2013-02-05,1.0000,1.0100,0.9850,0.9900,11013,0
D,2013-02-04,1.0300,1.0300,1.0000,1.0100,4724,0
D,2013-01-31,1.0300,1.0600,1.0200,1.0300,28583,0
D,2013-01-30,1.0400,1.0400,0.9950,1.0000,20470,0
D,2013-01-29,1.0800,1.1100,1.0100,1.0400,55025,0
D,2013-01-25,1.0400,1.0900,1.0400,1.0700,48266,0
D,2013-01-23,0.9900,1.0600,0.9900,1.0300,48475,0
D,2013-01-22,0.9850,1.0200,0.9650,0.9800,38147,0
D,2013-01-21,1.0300,1.0400,0.9800,0.9950,26752,0
D,2013-01-18,1.0800,1.0800,1.0400,1.0400,8539,0
D,2013-01-17,1.0800,1.0900,1.0600,1.0800,29247,0
D,2013-01-16,1.1000,1.1000,1.0700,1.0800,21580,0
D,2013-01-15,1.1200,1.1300,1.1000,1.1000,31914,0
D,2013-01-14,1.1100,1.1400,1.1000,1.1300,29344,0
D,2013-01-11,1.1100,1.1700,1.0900,1.0900,63215,0
D,2013-01-10,1.1300,1.1300,1.0800,1.1100,18631,0
D,2013-01-09,1.0500,1.1200,1.0500,1.1200,49470,0
D,2013-01-08,1.1500,1.1500,1.0500,1.0600,33519,0
D,2013-01-07,1.0300,1.1500,1.0300,1.1500,177454,0
D,2013-01-04,0.9000,1.0300,0.9000,1.0300,80594,0
D,2013-01-03,0.8700,0.9050,0.8650,0.9000,17537,0
D,2013-01-02,0.8550,0.8700,0.8550,0.8600,6279,0
D,2012-12-31,0.8750,0.8800,0.8550,0.8550,6659,0
D,2012-12-28,0.8650,0.8850,0.8600,0.8800,8450,0
D,2012-12-27,0.8600,0.8700,0.8550,0.8600,13496,0
D,2012-12-26,0.8700,0.8700,0.8550,0.8600,8087,0
D,2012-12-24,0.8700,0.8700,0.8550,0.8600,6171,0
D,2012-12-21,0.8900,0.8900,0.8700,0.8700,2932,0
D,2012-12-20,0.8950,0.8950,0.8750,0.8800,2284,0
D,2012-12-19,0.8650,0.8900,0.8650,0.8800,5027,0
D,2012-12-18,0.8700,0.8800,0.8650,0.8700,3009,0
D,2012-12-17,0.8750,0.8750,0.8650,0.8650,2998,0
D,2012-12-14,0.8900,0.8900,0.8750,0.8750,2332,0
D,2012-12-13,0.9050,0.9150,0.8800,0.8800,4802,0
D,2012-12-12,0.8950,0.9050,0.8950,0.9000,8882,0
D,2012-12-11,0.8700,0.9000,0.8700,0.8850,7564,0
D,2012-12-10,0.8700,0.8750,0.8650,0.8700,3142,0
D,2012-12-07,0.8700,0.8700,0.8600,0.8650,9458,0
D,2012-12-06,0.8800,0.8800,0.8550,0.8600,10754,0
D,2012-12-05,0.8850,0.8900,0.8600,0.8800,15547,0
D,2012-12-04,0.9050,0.9100,0.8900,0.8900,9132,0
D,2012-12-03,0.9150,0.9200,0.9050,0.9050,10960,0
D,2012-11-30,0.9050,0.9200,0.9050,0.9150,9096,0
D,2012-11-29,0.9400,0.9450,0.9000,0.9050,13865,0
D,2012-11-28,0.9550,0.9600,0.9350,0.9350,5358,0
D,2012-11-27,0.9550,0.9600,0.9550,0.9550,3376,0
D,2012-11-26,0.9600,0.9600,0.9550,0.9600,2427,0
D,2012-11-23,0.9600,0.9700,0.9550,0.9650,2042,0
D,2012-11-22,0.9700,0.9700,0.9600,0.9650,4387,0
D,2012-11-21,0.9800,0.9800,0.9700,0.9700,2348,0
D,2012-11-20,0.9800,0.9850,0.9750,0.9750,3753,0
D,2012-11-19,0.9700,0.9800,0.9700,0.9700,4085,0
D,2012-11-16,0.9750,0.9750,0.9650,0.9650,3463,0
D,2012-11-14,0.9800,0.9850,0.9750,0.9750,3808,0
D,2012-11-12,0.9800,0.9850,0.9700,0.9800,6704,0
D,2012-11-09,0.9650,0.9850,0.9650,0.9750,16027,0
D,2012-11-08,0.9700,0.9750,0.9500,0.9500,29985,0
D,2012-11-07,0.9950,1.0000,0.9850,0.9850,13459,0
D,2012-11-06,1.0000,1.0100,0.9900,0.9950,17955,0
D,2012-11-05,1.0100,1.0100,0.9950,1.0000,10381,0
D,2012-11-02,1.0100,1.0200,1.0000,1.0100,17463,0
D,2012-11-01,1.0200,1.0200,1.0000,1.0000,6390,0
D,2012-10-31,1.0000,1.0200,0.9950,1.0200,24528,0
D,2012-10-30,1.0100,1.0100,0.9950,1.0000,9497,0
D,2012-10-29,1.0100,1.0200,1.0000,1.0000,5129,0
D,2012-10-25,1.0200,1.0200,1.0100,1.0100,10567,0
D,2012-10-24,1.0100,1.0200,1.0000,1.0200,18856,0
D,2012-10-23,1.0200,1.0400,1.0000,1.0200,18240,0
D,2012-10-22,1.0300,1.0300,1.0100,1.0100,7431,0
D,2012-10-19,1.0600,1.0600,1.0200,1.0300,7463,0
D,2012-10-18,1.0700,1.0700,1.0300,1.0600,18879,0
D,2012-10-17,1.0400,1.0900,1.0400,1.0700,41437,0
D,2012-10-16,1.0000,1.0500,1.0000,1.0300,36866,0
D,2012-10-15,1.0000,1.0000,0.9900,0.9950,4438,0
D,2012-10-12,0.9950,1.0000,0.9900,0.9950,2934,0
D,2012-10-11,0.9950,1.0000,0.9950,0.9950,2107,0
D,2012-10-10,1.0000,1.0100,0.9950,1.0000,6650,0
D,2012-10-09,1.0000,1.0100,0.9950,1.0000,12390,0
D,2012-10-08,1.0000,1.0000,0.9950,1.0000,3466,0
D,2012-10-05,1.0000,1.0100,0.9950,1.0000,7598,0
D,2012-10-04,1.0000,1.0000,0.9950,1.0000,4752,0
D,2012-10-03,1.0000,1.0000,0.9900,0.9900,4489,0
D,2012-05-03,1.4300,1.4400,1.4100,1.4300,11466,0
D,2012-05-02,1.4400,1.4800,1.4400,1.4600,9640,0
