D,2014-02-13,0.0900,0.0950,0.0850,0.0900,231715,0
D,2014-02-12,0.0900,0.0950,0.0850,0.0950,257791,0
D,2014-02-11,0.0900,0.0900,0.0800,0.0900,166962,0
D,2014-02-10,0.0900,0.0900,0.0850,0.0900,65295,0
D,2014-02-07,0.0900,0.1000,0.0800,0.0900,571492,0
D,2014-02-06,0.0750,0.0850,0.0750,0.0800,119000,0
D,2014-02-05,0.0750,0.0750,0.0700,0.0750,11191,0
D,2014-02-04,0.0700,0.0750,0.0700,0.0750,11791,0
D,2014-01-30,0.0700,0.0750,0.0700,0.0750,1200,0
D,2014-01-29,0.0750,0.0750,0.0700,0.0750,1000,0
D,2014-01-28,0.0750,0.0750,0.0700,0.0700,1701,0
D,2014-01-27,0.0750,0.0750,0.0700,0.0700,11534,0
D,2014-01-24,0.0700,0.0750,0.0700,0.0700,2618,0
D,2014-01-23,0.0750,0.0750,0.0700,0.0750,11530,0
D,2014-01-22,0.0700,0.0750,0.0700,0.0750,7040,0
D,2014-01-21,0.0700,0.0700,0.0700,0.0700,3000,0
D,2014-01-20,0.0700,0.0750,0.0700,0.0750,22478,0
D,2014-01-16,0.0700,0.0750,0.0700,0.0700,12266,0
D,2014-01-15,0.0700,0.0750,0.0700,0.0750,10770,0
D,2014-01-13,0.0750,0.0750,0.0700,0.0750,8100,0
D,2014-01-10,0.0750,0.0750,0.0700,0.0750,102,0
D,2014-01-09,0.0750,0.0750,0.0750,0.0750,3170,0
D,2014-01-08,0.0750,0.0750,0.0700,0.0750,6262,0
D,2014-01-07,0.0700,0.0750,0.0700,0.0750,9181,0
D,2014-01-06,0.0700,0.0750,0.0700,0.0750,4910,0
D,2014-01-03,0.0750,0.0750,0.0700,0.0700,12280,0
D,2014-01-02,0.0750,0.0750,0.0700,0.0750,20525,0
D,2013-12-31,0.0700,0.0750,0.0650,0.0700,46031,0
D,2013-12-30,0.0650,0.0700,0.0650,0.0700,10750,0
D,2013-12-27,0.0700,0.0700,0.0650,0.0650,6575,0
D,2013-12-26,0.0600,0.0650,0.0600,0.0650,48468,0
D,2013-12-24,0.0650,0.0650,0.0650,0.0650,4100,0
D,2013-12-23,0.0650,0.0650,0.0600,0.0600,38219,0
D,2013-12-20,0.0600,0.0600,0.0550,0.0600,502,0
D,2013-12-19,0.0600,0.0600,0.0600,0.0600,7842,0
D,2013-12-18,0.0650,0.0650,0.0650,0.0650,2,0
D,2013-12-17,0.0600,0.0600,0.0600,0.0600,3110,0
D,2013-12-16,0.0600,0.0600,0.0600,0.0600,2880,0
D,2013-12-13,0.0600,0.0600,0.0600,0.0600,1650,0
D,2013-12-12,0.0600,0.0600,0.0600,0.0600,0,0
D,2013-12-11,0.0600,0.0600,0.0600,0.0600,2002,0
D,2013-12-10,0.0650,0.0650,0.0600,0.0600,2400,0
D,2013-12-09,0.0600,0.0600,0.0600,0.0600,6300,0
D,2013-12-06,0.0600,0.0650,0.0600,0.0650,19688,0
D,2013-12-05,0.0600,0.0600,0.0600,0.0600,2232,0
D,2013-12-04,0.0600,0.0600,0.0600,0.0600,8610,0
D,2013-12-03,0.0600,0.0650,0.0600,0.0650,1600,0
D,2013-12-02,0.0600,0.0650,0.0600,0.0650,8501,0
D,2013-11-29,0.0600,0.0650,0.0600,0.0600,41255,0
D,2013-11-28,0.0600,0.0650,0.0600,0.0650,6036,0
D,2013-11-27,0.0600,0.0650,0.0600,0.0650,2590,0
D,2013-11-26,0.0600,0.0650,0.0600,0.0600,11490,0
D,2013-11-25,0.0650,0.0650,0.0650,0.0650,2670,0
D,2013-11-22,0.0650,0.0650,0.0600,0.0600,1501,0
D,2013-11-21,0.0650,0.0650,0.0600,0.0600,14600,0
D,2013-11-20,0.0650,0.0650,0.0650,0.0650,58565,0
D,2013-11-19,0.0650,0.0700,0.0650,0.0700,16200,0
D,2013-11-18,0.0650,0.0700,0.0650,0.0700,4250,0
D,2013-11-15,0.0650,0.0700,0.0650,0.0700,12410,0
D,2013-11-14,0.0700,0.0700,0.0650,0.0650,14451,0
D,2013-11-13,0.0650,0.0700,0.0650,0.0650,4663,0
D,2013-11-12,0.0650,0.0700,0.0650,0.0650,5328,0
D,2013-11-11,0.0700,0.0700,0.0650,0.0700,59211,0
D,2013-11-08,0.0700,0.0700,0.0650,0.0650,5000,0
D,2013-11-07,0.0650,0.0650,0.0650,0.0650,38708,0
D,2013-11-06,0.0700,0.0700,0.0650,0.0650,10191,0
D,2013-11-04,0.0650,0.0700,0.0650,0.0700,7741,0
D,2013-11-01,0.0700,0.0700,0.0650,0.0650,36680,0
D,2013-10-31,0.0650,0.0700,0.0650,0.0700,42760,0
D,2013-10-30,0.0650,0.0700,0.0650,0.0650,12911,0
D,2013-10-29,0.0650,0.0700,0.0650,0.0700,44921,0
D,2013-10-28,0.0700,0.0700,0.0650,0.0700,77559,0
D,2013-10-25,0.0700,0.0700,0.0650,0.0700,58661,0
D,2013-10-24,0.0700,0.0700,0.0650,0.0700,19310,0
D,2013-10-23,0.0700,0.0750,0.0700,0.0700,157278,0
D,2013-10-22,0.0800,0.0900,0.0700,0.0700,953414,0
D,2013-10-21,0.0750,0.0800,0.0750,0.0800,1108,0
D,2013-10-18,0.0750,0.0750,0.0750,0.0750,0,0
D,2013-10-17,0.0750,0.0750,0.0750,0.0750,2000,0
D,2013-10-16,0.0750,0.0800,0.0750,0.0800,105,0
D,2013-10-14,0.0750,0.0750,0.0750,0.0750,900,0
D,2013-10-11,0.0750,0.0800,0.0750,0.0750,3700,0
D,2013-10-10,0.0750,0.0750,0.0750,0.0750,2500,0
D,2013-10-09,0.0750,0.0750,0.0750,0.0750,1900,0
D,2013-10-08,0.0750,0.0750,0.0750,0.0750,6100,0
D,2013-10-07,0.0750,0.0800,0.0750,0.0800,8098,0
D,2013-10-04,0.0750,0.0750,0.0750,0.0750,21967,0
D,2013-10-03,0.0750,0.0800,0.0750,0.0750,17121,0
D,2013-10-02,0.0800,0.0800,0.0750,0.0750,6200,0
D,2013-10-01,0.0750,0.0800,0.0750,0.0800,5250,0
D,2013-09-30,0.0750,0.0800,0.0750,0.0800,28326,0
D,2013-09-27,0.0800,0.0850,0.0750,0.0800,19150,0
D,2013-09-26,0.0800,0.0800,0.0750,0.0800,36824,0
D,2013-09-25,0.0850,0.0850,0.0800,0.0800,5448,0
D,2013-09-24,0.0850,0.0850,0.0850,0.0850,2000,0
D,2013-09-23,0.0850,0.0850,0.0800,0.0850,5000,0
D,2013-09-20,0.0850,0.0850,0.0800,0.0850,3205,0
D,2013-09-19,0.0800,0.0800,0.0800,0.0800,15590,0
D,2013-09-18,0.0800,0.0850,0.0800,0.0800,20086,0
D,2013-09-17,0.0750,0.0800,0.0750,0.0800,19560,0
D,2013-09-13,0.0750,0.0750,0.0750,0.0750,2525,0
D,2013-09-12,0.0750,0.0800,0.0750,0.0800,2473,0
D,2013-09-11,0.0750,0.0800,0.0750,0.0800,2650,0
D,2013-09-10,0.0750,0.0750,0.0750,0.0750,5200,0
D,2013-09-09,0.0800,0.0800,0.0750,0.0750,5200,0
D,2013-09-06,0.0750,0.0800,0.0750,0.0800,3700,0
D,2013-09-05,0.0700,0.0800,0.0700,0.0750,37380,0
D,2013-09-04,0.0750,0.0750,0.0700,0.0700,3620,0
D,2013-09-03,0.0750,0.0750,0.0750,0.0750,0,0
D,2013-09-02,0.0700,0.0750,0.0700,0.0750,5380,0
D,2013-08-30,0.0750,0.0750,0.0700,0.0700,4700,0
D,2013-08-29,0.0750,0.0750,0.0750,0.0750,7640,0
D,2013-08-28,0.0750,0.0750,0.0750,0.0750,9080,0
D,2013-08-27,0.0750,0.0800,0.0750,0.0800,66107,0
D,2013-08-26,0.0800,0.0800,0.0750,0.0750,9850,0
D,2013-08-23,0.0800,0.0800,0.0750,0.0750,9600,0
D,2013-08-22,0.0750,0.0800,0.0750,0.0750,11650,0
D,2013-08-21,0.0800,0.0850,0.0800,0.0800,4310,0
D,2013-08-20,0.0800,0.0850,0.0800,0.0800,91775,0
D,2013-08-19,0.0850,0.0850,0.0800,0.0800,42240,0
D,2013-08-16,0.0800,0.0850,0.0800,0.0850,13965,0
D,2013-08-15,0.0800,0.0850,0.0800,0.0800,16025,0
D,2013-08-14,0.0800,0.0800,0.0800,0.0800,3710,0
D,2013-08-13,0.0800,0.0850,0.0800,0.0850,52160,0
D,2013-08-12,0.0750,0.0750,0.0750,0.0750,6599,0
D,2013-08-07,0.0750,0.0750,0.0750,0.0750,29296,0
D,2013-08-06,0.0750,0.0750,0.0750,0.0750,3243,0
D,2013-08-05,0.0750,0.0800,0.0750,0.0800,4050,0
D,2013-08-02,0.0750,0.0800,0.0750,0.0750,9909,0
D,2013-08-01,0.0800,0.0800,0.0750,0.0800,2420,0
D,2013-07-31,0.0800,0.0800,0.0750,0.0750,8325,0
D,2013-07-30,0.0800,0.0800,0.0800,0.0800,6400,0
D,2013-07-29,0.0800,0.0800,0.0800,0.0800,21350,0
D,2013-07-26,0.0800,0.0850,0.0800,0.0800,33400,0
D,2013-07-25,0.0800,0.0850,0.0800,0.0850,26712,0
D,2013-07-24,0.0800,0.0800,0.0800,0.0800,11130,0
D,2013-07-23,0.0800,0.0850,0.0800,0.0850,2730,0
D,2013-07-22,0.0800,0.0800,0.0800,0.0800,18130,0
D,2013-07-19,0.0800,0.0850,0.0800,0.0800,11701,0
D,2013-07-18,0.0800,0.0850,0.0800,0.0850,12945,0
D,2013-07-17,0.0800,0.0800,0.0800,0.0800,36281,0
D,2013-07-16,0.0800,0.0850,0.0800,0.0800,19580,0
D,2013-07-15,0.0850,0.0850,0.0800,0.0850,1643,0
D,2013-07-12,0.0800,0.0850,0.0800,0.0800,10311,0
D,2013-07-11,0.0800,0.0850,0.0800,0.0800,5450,0
D,2013-07-10,0.0800,0.0850,0.0800,0.0850,27422,0
D,2013-07-09,0.0750,0.0800,0.0750,0.0750,16161,0
D,2013-07-08,0.0750,0.0800,0.0750,0.0800,7624,0
D,2013-07-05,0.0800,0.0800,0.0750,0.0750,44604,0
D,2013-07-04,0.0750,0.0800,0.0750,0.0800,10560,0
D,2013-07-03,0.0750,0.0800,0.0750,0.0750,29678,0
D,2013-07-02,0.0750,0.0750,0.0700,0.0750,22629,0
D,2013-07-01,0.0750,0.0800,0.0750,0.0750,50304,0
D,2013-06-28,0.0750,0.0750,0.0750,0.0750,17620,0
D,2013-06-27,0.0800,0.0800,0.0750,0.0750,117233,0
D,2013-06-26,0.0800,0.0800,0.0750,0.0800,36956,0
D,2013-06-25,0.0800,0.0850,0.0750,0.0750,119875,0
D,2013-06-24,0.0850,0.0850,0.0800,0.0800,123319,0
D,2013-06-21,0.0850,0.0900,0.0800,0.0850,113451,0
D,2013-06-20,0.0900,0.0900,0.0850,0.0900,28593,0
D,2013-06-19,0.1000,0.1050,0.0850,0.0950,916629,0
D,2013-06-18,0.1100,0.1150,0.0950,0.1000,842782,0
D,2013-06-17,0.0950,0.1150,0.0950,0.1100,725541,0
D,2013-06-14,0.0950,0.1000,0.0900,0.0950,75279,0
D,2013-06-13,0.1000,0.1000,0.0900,0.0900,100501,0
D,2013-06-12,0.1000,0.1050,0.0900,0.1050,157306,0
D,2013-06-11,0.0950,0.1050,0.0950,0.1000,110963,0
D,2013-06-10,0.1000,0.1050,0.0950,0.0950,76993,0
D,2013-06-07,0.1050,0.1050,0.0950,0.0950,115481,0
D,2013-06-06,0.1150,0.1150,0.0950,0.1050,515020,0
D,2013-06-05,0.1300,0.1300,0.1000,0.1150,368805,0
D,2013-06-04,0.1400,0.1450,0.1250,0.1300,547194,0
D,2013-06-03,0.1500,0.1500,0.1400,0.1450,161742,0
D,2013-05-31,0.1550,0.1700,0.1400,0.1500,937429,0
D,2013-05-30,0.1550,0.1650,0.1500,0.1550,463166,0
D,2013-05-29,0.1400,0.1550,0.1350,0.1550,659665,0
D,2013-05-28,0.1250,0.1500,0.1250,0.1450,443488,0
D,2013-05-27,0.1200,0.1300,0.1200,0.1250,11587,0
D,2013-05-23,0.1200,0.1200,0.1150,0.1200,26496,0
D,2013-05-22,0.1250,0.1350,0.1200,0.1200,83345,0
D,2013-05-21,0.1100,0.1200,0.1100,0.1200,62488,0
D,2013-05-20,0.1000,0.1050,0.1000,0.1050,16875,0
D,2013-05-17,0.1050,0.1050,0.1000,0.1000,600,0
D,2013-05-16,0.1000,0.1000,0.1000,0.1000,4248,0
D,2013-05-15,0.1000,0.1050,0.1000,0.1050,11782,0
D,2013-05-14,0.1000,0.1000,0.0950,0.0950,1500,0
D,2013-05-13,0.0950,0.0950,0.0950,0.0950,200,0
D,2013-05-10,0.0950,0.0950,0.0950,0.0950,1000,0
D,2013-05-09,0.0950,0.0950,0.0950,0.0950,11000,0
D,2013-05-08,0.0950,0.0950,0.0950,0.0950,0,0
D,2013-05-07,0.0950,0.0950,0.0950,0.0950,0,0
D,2013-05-06,0.0950,0.0950,0.0950,0.0950,0,0
D,2013-05-03,0.0950,0.0950,0.0950,0.0950,2800,0
D,2013-05-02,0.0950,0.0950,0.0950,0.0950,6405,0
D,2013-04-30,0.1000,0.1000,0.1000,0.1000,0,0
D,2013-04-29,0.0950,0.1000,0.0950,0.1000,710,0
D,2013-04-26,0.0950,0.1000,0.0900,0.0950,9926,0
D,2013-04-25,0.0950,0.0950,0.0950,0.0950,11472,0
D,2013-04-24,0.0950,0.0950,0.0950,0.0950,4130,0
D,2013-04-23,0.1000,0.1000,0.0950,0.1000,9900,0
D,2013-04-22,0.0950,0.0950,0.0950,0.0950,0,0
D,2013-04-19,0.0950,0.0950,0.0950,0.0950,940,0
D,2013-04-18,0.0950,0.0950,0.0950,0.0950,10676,0
D,2013-04-17,0.0950,0.0950,0.0950,0.0950,3200,0
D,2013-04-16,0.0950,0.0950,0.0950,0.0950,0,0
D,2013-04-15,0.0950,0.0950,0.0950,0.0950,600,0
D,2013-04-12,0.0950,0.0950,0.0950,0.0950,1650,0
D,2013-04-11,0.0950,0.0950,0.0950,0.0950,5000,0
D,2013-04-10,0.1000,0.1000,0.1000,0.1000,101,0
D,2013-04-09,0.0950,0.0950,0.0950,0.0950,3100,0
D,2013-04-08,0.1000,0.1000,0.1000,0.1000,200,0
D,2013-04-05,0.0950,0.1050,0.0950,0.1050,6150,0
D,2013-04-04,0.0950,0.0950,0.0950,0.0950,14315,0
D,2013-04-03,0.0950,0.0950,0.0950,0.0950,6750,0
D,2013-04-02,0.0950,0.0950,0.0950,0.0950,0,0
D,2013-04-01,0.0950,0.0950,0.0950,0.0950,650,0
D,2013-03-29,0.0950,0.0950,0.0950,0.0950,200,0
D,2013-03-28,0.1000,0.1000,0.1000,0.1000,900,0
D,2013-03-27,0.0950,0.0950,0.0950,0.0950,550,0
D,2013-03-26,0.1000,0.1000,0.0950,0.0950,1060,0
D,2013-03-25,0.1000,0.1000,0.1000,0.1000,3000,0
D,2013-03-22,0.1000,0.1000,0.1000,0.1000,4250,0
D,2013-03-21,0.0950,0.1000,0.0950,0.1000,26,0
D,2013-03-20,0.0950,0.1000,0.0950,0.1000,1171,0
D,2013-03-19,0.1000,0.1000,0.1000,0.1000,4310,0
D,2013-03-18,0.1000,0.1000,0.0950,0.1000,612,0
D,2013-03-15,0.1050,0.1050,0.1050,0.1050,0,0
D,2013-03-14,0.1000,0.1050,0.1000,0.1050,2308,0
D,2013-03-13,0.1000,0.1000,0.1000,0.1000,3800,0
D,2013-03-12,0.1000,0.1000,0.1000,0.1000,10579,0
D,2013-03-11,0.0950,0.1050,0.0950,0.1050,2122,0
D,2013-03-08,0.1000,0.1050,0.1000,0.1050,14941,0
D,2013-03-07,0.1000,0.1050,0.1000,0.1050,150,0
D,2013-03-06,0.1050,0.1100,0.1000,0.1050,26149,0
D,2013-03-05,0.1000,0.1050,0.0950,0.1050,3311,0
D,2013-03-04,0.1050,0.1050,0.1000,0.1050,26917,0
D,2013-03-01,0.1100,0.1100,0.1050,0.1100,13930,0
D,2013-02-28,0.1100,0.1100,0.1050,0.1100,24460,0
D,2013-02-27,0.0950,0.1100,0.0950,0.1100,52508,0
D,2013-02-26,0.0900,0.0900,0.0900,0.0900,15950,0
D,2013-02-25,0.0850,0.0900,0.0850,0.0900,1550,0
D,2013-02-22,0.0850,0.0850,0.0850,0.0850,1520,0
D,2013-02-21,0.0850,0.0850,0.0850,0.0850,4351,0
D,2013-02-20,0.0850,0.0850,0.0850,0.0850,7244,0
D,2013-02-19,0.0850,0.0850,0.0850,0.0850,1100,0
D,2013-02-18,0.0900,0.0900,0.0900,0.0900,1000,0
D,2013-02-15,0.0900,0.0900,0.0850,0.0900,250,0
D,2013-02-14,0.0900,0.0900,0.0900,0.0900,1400,0
D,2013-02-13,0.0850,0.0950,0.0850,0.0950,1051,0
D,2013-02-08,0.0850,0.0900,0.0850,0.0900,4350,0
D,2013-02-07,0.0850,0.0850,0.0850,0.0850,510,0
D,2013-02-06,0.0850,0.0850,0.0850,0.0850,2050,0
D,2013-02-05,0.0850,0.0850,0.0850,0.0850,4230,0
D,2013-02-04,0.0900,0.0900,0.0850,0.0850,2700,0
D,2013-01-31,0.0900,0.0900,0.0900,0.0900,3700,0
D,2013-01-30,0.0900,0.0950,0.0850,0.0900,25970,0
D,2013-01-29,0.0900,0.0900,0.0850,0.0900,9955,0
D,2013-01-25,0.0850,0.0850,0.0850,0.0850,3824,0
D,2013-01-23,0.0850,0.0850,0.0850,0.0850,900,0
D,2013-01-22,0.0800,0.0900,0.0800,0.0900,13861,0
D,2013-01-21,0.0850,0.0850,0.0850,0.0850,14050,0
D,2013-01-18,0.0850,0.0850,0.0850,0.0850,40166,0
D,2013-01-17,0.0800,0.0850,0.0800,0.0850,4301,0
D,2013-01-16,0.0800,0.0800,0.0750,0.0800,1800,0
D,2013-01-15,0.0800,0.0800,0.0800,0.0800,4800,0
D,2013-01-14,0.0800,0.0800,0.0800,0.0800,6950,0
D,2013-01-11,0.0850,0.0850,0.0800,0.0800,4890,0
D,2013-01-10,0.0800,0.0800,0.0800,0.0800,8855,0
D,2013-01-09,0.0800,0.0800,0.0750,0.0800,13351,0
D,2013-01-08,0.0800,0.0800,0.0800,0.0800,16650,0
D,2013-01-07,0.0800,0.0850,0.0800,0.0850,16432,0
D,2013-01-04,0.0800,0.0850,0.0800,0.0800,10230,0
D,2013-01-03,0.0800,0.0850,0.0800,0.0850,66779,0
D,2013-01-02,0.0800,0.0850,0.0800,0.0850,15030,0
D,2012-12-31,0.0850,0.0850,0.0800,0.0800,2702,0
D,2012-12-28,0.0800,0.0900,0.0800,0.0850,81390,0
D,2012-12-27,0.0800,0.0800,0.0800,0.0800,19925,0
D,2012-12-26,0.0850,0.0850,0.0800,0.0800,15627,0
D,2012-12-24,0.0850,0.0850,0.0800,0.0850,3891,0
D,2012-12-21,0.0850,0.0850,0.0850,0.0850,1500,0
D,2012-12-20,0.0800,0.0800,0.0800,0.0800,975,0
D,2012-12-19,0.0800,0.0850,0.0800,0.0850,510,0
D,2012-12-18,0.0800,0.0850,0.0800,0.0850,2660,0
D,2012-12-17,0.0800,0.0850,0.0800,0.0800,4275,0
D,2012-12-14,0.0800,0.0800,0.0800,0.0800,100,0
D,2012-12-13,0.0850,0.0900,0.0800,0.0850,3110,0
D,2012-12-12,0.0850,0.0900,0.0850,0.0900,2100,0
D,2012-12-11,0.0850,0.0850,0.0850,0.0850,1301,0
D,2012-12-10,0.0850,0.0900,0.0850,0.0900,600,0
D,2012-12-07,0.0850,0.0900,0.0850,0.0900,1205,0
D,2012-12-06,0.0850,0.0900,0.0850,0.0900,5729,0
D,2012-12-05,0.0850,0.0850,0.0800,0.0850,4000,0
D,2012-12-04,0.0850,0.0850,0.0850,0.0850,1550,0
D,2012-12-03,0.0850,0.0900,0.0850,0.0900,4057,0
D,2012-11-30,0.0850,0.0850,0.0850,0.0850,918,0
D,2012-11-29,0.0900,0.0900,0.0900,0.0900,0,0
D,2012-11-28,0.0900,0.0900,0.0850,0.0900,8241,0
D,2012-11-27,0.0900,0.0900,0.0900,0.0900,1670,0
D,2012-11-26,0.0900,0.0900,0.0900,0.0900,5257,0
D,2012-11-23,0.0900,0.0950,0.0900,0.0950,1500,0
D,2012-11-22,0.0900,0.0950,0.0900,0.0950,1101,0
D,2012-11-21,0.0950,0.0950,0.0950,0.0950,6346,0
D,2012-11-20,0.0900,0.0900,0.0900,0.0900,4483,0
D,2012-11-19,0.0950,0.0950,0.0900,0.0900,1650,0
D,2012-11-16,0.0950,0.1000,0.0900,0.0950,15800,0
D,2012-11-14,0.1000,0.1000,0.1000,0.1000,100,0
D,2012-11-12,0.0950,0.0950,0.0950,0.0950,3500,0
D,2012-11-09,0.0950,0.0950,0.0950,0.0950,883,0
D,2012-11-08,0.0950,0.0950,0.0900,0.0950,10307,0
D,2012-11-07,0.0950,0.0950,0.0950,0.0950,0,0
D,2012-11-06,0.0950,0.0950,0.0950,0.0950,2593,0
D,2012-11-05,0.0950,0.0950,0.0950,0.0950,22175,0
D,2012-11-02,0.1000,0.1000,0.0950,0.0950,6050,0
D,2012-11-01,0.0950,0.0950,0.0950,0.0950,4610,0
D,2012-10-31,0.1000,0.1000,0.0950,0.1000,3490,0
D,2012-10-30,0.1050,0.1050,0.0950,0.1050,9583,0
D,2012-10-29,0.1000,0.1050,0.0950,0.1050,17080,0
D,2012-10-25,0.0950,0.1000,0.0950,0.1000,1814,0
D,2012-10-24,0.1000,0.1000,0.0950,0.0950,8900,0
D,2012-10-23,0.1000,0.1050,0.1000,0.1050,2094,0
D,2012-10-22,0.1000,0.1050,0.1000,0.1050,5060,0
D,2012-10-19,0.0900,0.1000,0.0900,0.1000,57378,0
D,2012-10-18,0.0900,0.0950,0.0900,0.0900,29933,0
D,2012-10-17,0.0950,0.0950,0.0900,0.0950,22013,0
D,2012-10-16,0.0950,0.1000,0.0950,0.1000,9990,0
D,2012-10-15,0.1000,0.1000,0.0950,0.1000,52750,0
D,2012-10-12,0.1000,0.1000,0.1000,0.1000,24460,0
D,2012-10-11,0.1050,0.1050,0.0950,0.0950,41052,0
D,2012-10-10,0.1100,0.1150,0.1050,0.1050,20575,0
D,2012-10-09,0.1050,0.1100,0.1050,0.1100,54321,0
D,2012-10-08,0.1100,0.1150,0.1100,0.1100,40717,0
D,2012-10-05,0.1100,0.1150,0.1100,0.1100,22600,0
D,2012-10-04,0.1150,0.1150,0.1100,0.1100,2620,0
D,2012-10-03,0.1100,0.1200,0.1100,0.1150,53923,0
D,2012-05-03,0.1350,0.1400,0.1300,0.1350,61308,0
D,2012-05-02,0.1350,0.1350,0.1300,0.1350,146887,0
