D,2014-10-14,0.5700,0.5700,0.5700,0.5700,0,0
D,2014-10-13,0.5700,0.5700,0.5700,0.5700,0,0
D,2014-10-10,0.5700,0.5700,0.5700,0.5700,0,0
D,2014-10-09,0.5700,0.5700,0.5700,0.5700,0,0
D,2014-10-08,0.5500,0.5700,0.5500,0.5700,51,0
D,2014-10-07,0.5650,0.5800,0.5600,0.5700,120,0
D,2014-10-03,0.6000,0.6000,0.5900,0.5950,4,0
D,2014-10-02,0.5900,0.5900,0.5900,0.5900,0,0
D,2014-10-01,0.5900,0.5900,0.5900,0.5900,0,0
D,2014-09-30,0.5650,0.5900,0.5650,0.5900,89,0
D,2014-09-29,0.6000,0.6000,0.6000,0.6000,0,0
D,2014-09-26,0.6000,0.6000,0.6000,0.6000,0,0
D,2014-09-25,0.6000,0.6000,0.6000,0.6000,0,0
D,2014-09-24,0.6000,0.6000,0.6000,0.6000,0,0
D,2014-09-23,0.6000,0.6000,0.6000,0.6000,0,0
D,2014-09-22,0.6000,0.6000,0.6000,0.6000,0,0
D,2014-09-19,0.6000,0.6000,0.6000,0.6000,0,0
D,2014-09-18,0.6000,0.6000,0.6000,0.6000,0,0
D,2014-09-17,0.6000,0.6000,0.6000,0.6000,0,0
D,2014-09-15,0.5700,0.6000,0.5600,0.6000,201,0
D,2014-09-12,0.6000,0.6000,0.5800,0.6000,320,0
D,2014-09-11,0.5950,0.5950,0.5950,0.5950,0,0
D,2014-09-10,0.5950,0.5950,0.5950,0.5950,0,0
D,2014-09-09,0.5950,0.5950,0.5950,0.5950,0,0
D,2014-09-08,0.5950,0.5950,0.5950,0.5950,0,0
D,2014-09-05,0.5600,0.5950,0.5600,0.5950,100,0
D,2014-09-04,0.5600,0.6000,0.5600,0.5600,116,0
D,2014-09-03,0.5600,0.5900,0.5600,0.5900,51,0
D,2014-09-02,0.5700,0.6000,0.5600,0.6000,151,0
D,2014-08-29,0.6350,0.6350,0.6350,0.6350,100,0
D,2014-08-28,0.6100,0.6100,0.6100,0.6100,0,0
D,2014-08-27,0.5750,0.6100,0.5750,0.6100,50,0
D,2014-08-26,0.6200,0.6200,0.6000,0.6000,265,0
D,2014-08-25,0.5650,0.6100,0.5650,0.6100,31,0
D,2014-08-22,0.6100,0.6100,0.6100,0.6100,0,0
D,2014-08-21,0.5650,0.6100,0.5650,0.6100,20,0
D,2014-08-20,0.5700,0.5950,0.5700,0.5950,150,0
D,2014-08-19,0.5800,0.5800,0.5700,0.5700,500,0
D,2014-08-18,0.5800,0.5800,0.5800,0.5800,150,0
D,2014-08-15,0.5700,0.5800,0.5600,0.5800,598,0
D,2014-08-14,0.5700,0.5700,0.5700,0.5700,10,0
D,2014-08-13,0.5700,0.5700,0.5700,0.5700,0,0
D,2014-08-12,0.5700,0.5700,0.5700,0.5700,0,0
D,2014-08-11,0.5700,0.5700,0.5700,0.5700,0,0
D,2014-08-08,0.5700,0.5700,0.5700,0.5700,0,0
D,2014-08-07,0.5300,0.5700,0.5300,0.5700,310,0
D,2014-08-06,0.5350,0.5750,0.5350,0.5750,30,0
D,2014-08-05,0.5750,0.5750,0.5750,0.5750,0,0
D,2014-08-04,0.5750,0.5750,0.5750,0.5750,0,0
D,2014-08-01,0.5750,0.5750,0.5750,0.5750,0,0
D,2014-07-31,0.5750,0.5750,0.5750,0.5750,0,0
D,2014-07-30,0.5750,0.5750,0.5750,0.5750,0,0
D,2014-07-25,0.5750,0.5750,0.5750,0.5750,10,0
D,2014-07-24,0.5600,0.5600,0.5450,0.5450,392,0
D,2014-07-23,0.5800,0.5800,0.5800,0.5800,0,0
D,2014-07-22,0.5800,0.5800,0.5800,0.5800,0,0
D,2014-07-21,0.5800,0.5800,0.5800,0.5800,0,0
D,2014-07-18,0.5400,0.5800,0.5400,0.5800,188,0
D,2014-07-17,0.5450,0.5900,0.5450,0.5900,60,0
D,2014-07-16,0.5500,0.5500,0.5500,0.5500,36,0
D,2014-07-14,0.5700,0.5700,0.5700,0.5700,0,0
D,2014-07-11,0.5700,0.5700,0.5700,0.5700,20,0
D,2014-07-10,0.5700,0.5900,0.5700,0.5850,3300,0
D,2014-07-09,0.5600,0.5800,0.5600,0.5800,210,0
D,2014-07-08,0.5700,0.5800,0.5700,0.5800,160,0
D,2014-07-07,0.5800,0.5950,0.5600,0.5700,931,0
D,2014-07-04,0.5800,0.5800,0.5800,0.5800,242,0
D,2014-07-03,0.5800,0.5800,0.5500,0.5800,622,0
D,2014-07-02,0.6000,0.6000,0.6000,0.6000,0,0
D,2014-07-01,0.6000,0.6150,0.5900,0.6000,1241,0
D,2014-06-30,0.6200,0.6200,0.6200,0.6200,450,0
D,2014-06-27,0.6100,0.6400,0.6000,0.6400,650,0
D,2014-06-26,0.6500,0.6800,0.6350,0.6400,1479,0
D,2014-06-25,0.6300,0.7200,0.6300,0.6500,3197,0
D,2014-06-24,0.6150,0.6800,0.6100,0.6800,2793,0
D,2014-06-23,0.6600,0.6600,0.6600,0.6600,100,0
D,2014-06-20,0.6300,0.6500,0.6300,0.6500,499,0
D,2014-06-19,0.6450,0.6850,0.6400,0.6750,1921,0
D,2014-06-18,0.6500,0.7000,0.6150,0.6900,974,0
D,2014-06-17,0.5400,0.6500,0.5400,0.6500,1675,0
D,2014-06-16,0.5250,0.6000,0.5200,0.5300,1123,0
D,2014-06-13,0.5500,0.5500,0.5500,0.5500,0,0
D,2014-06-12,0.4950,0.5500,0.4900,0.5500,801,0
D,2014-06-11,0.5100,0.6000,0.5100,0.6000,151,0
D,2014-06-10,0.5000,0.5100,0.4900,0.5100,200,0
D,2014-06-09,0.5300,0.5300,0.5250,0.5250,28,0
D,2014-06-06,0.5350,0.5350,0.5350,0.5350,0,0
D,2014-06-05,0.5350,0.5350,0.5350,0.5350,0,0
D,2014-06-04,0.5350,0.5350,0.5350,0.5350,2,0
D,2014-06-03,0.5000,0.5000,0.5000,0.5000,0,0
D,2014-06-02,0.5000,0.5000,0.5000,0.5000,0,0
D,2014-05-30,0.5100,0.5150,0.5000,0.5000,570,0
D,2014-05-29,0.5100,0.5450,0.4800,0.5250,302,0
D,2014-05-28,0.5250,0.5250,0.5250,0.5250,0,0
D,2014-05-27,0.5250,0.5250,0.5250,0.5250,0,0
D,2014-05-26,0.5250,0.5250,0.5250,0.5250,99,0
D,2014-05-23,0.5400,0.5400,0.5400,0.5400,0,0
D,2014-05-22,0.5400,0.5400,0.5400,0.5400,1,0
D,2014-05-21,0.5150,0.5150,0.5150,0.5150,0,0
D,2014-05-20,0.4950,0.5400,0.4950,0.5150,130,0
D,2014-05-19,0.4750,0.5200,0.4750,0.5150,126,0
D,2014-05-16,0.5200,0.5200,0.5200,0.5200,0,0
D,2014-05-15,0.5200,0.5200,0.5200,0.5200,0,0
D,2014-05-14,0.4900,0.5200,0.4900,0.5200,299,0
D,2014-05-12,0.5000,0.5300,0.5000,0.5300,160,0
D,2014-05-09,0.5350,0.5350,0.5350,0.5350,0,0
D,2014-05-08,0.4850,0.5350,0.4850,0.5350,494,0
D,2014-05-07,0.5000,0.5200,0.4850,0.4850,101,0
D,2014-05-06,0.4800,0.4800,0.4800,0.4800,0,0
D,2014-05-05,0.4800,0.4800,0.4800,0.4800,0,0
D,2014-05-02,0.5350,0.5350,0.4800,0.4800,355,0
D,2014-04-30,0.5500,0.5500,0.5500,0.5500,0,0
D,2014-04-29,0.5500,0.5500,0.5500,0.5500,0,0
D,2014-04-28,0.5500,0.5500,0.5500,0.5500,0,0
D,2014-04-25,0.5450,0.5500,0.5450,0.5500,89,0
D,2014-04-24,0.5500,0.5500,0.5050,0.5450,33,0
D,2014-04-23,0.5400,0.5400,0.5000,0.5400,673,0
D,2014-04-22,0.5500,0.5500,0.5500,0.5500,0,0
D,2014-04-21,0.5500,0.5500,0.5500,0.5500,0,0
D,2014-04-18,0.5500,0.5500,0.5500,0.5500,0,0
D,2014-04-17,0.5500,0.5500,0.5500,0.5500,0,0
D,2014-04-16,0.4800,0.5500,0.4800,0.5500,480,0
D,2014-04-15,0.4700,0.4800,0.4700,0.4800,121,0
D,2014-04-14,0.4350,0.4700,0.4300,0.4700,291,0
D,2014-04-11,0.4700,0.4700,0.4700,0.4700,0,0
D,2014-04-10,0.4700,0.4700,0.4700,0.4700,15,0
D,2014-04-09,0.4600,0.4600,0.4600,0.4600,0,0
D,2014-04-08,0.4600,0.4600,0.4600,0.4600,0,0
D,2014-04-07,0.4600,0.4600,0.4600,0.4600,0,0
D,2014-04-04,0.4600,0.4600,0.4600,0.4600,15,0
D,2014-04-03,0.4450,0.4450,0.4450,0.4450,0,0
D,2014-04-02,0.4450,0.4450,0.4450,0.4450,20,0
D,2014-04-01,0.4600,0.4600,0.4350,0.4350,360,0
D,2014-03-31,0.4600,0.4600,0.4600,0.4600,50,0
D,2014-03-28,0.4600,0.4600,0.4600,0.4600,25,0
D,2014-03-27,0.4600,0.4600,0.4600,0.4600,0,0
D,2014-03-26,0.4400,0.4600,0.4400,0.4600,310,0
D,2014-03-25,0.4500,0.4500,0.4500,0.4500,0,0
D,2014-03-24,0.4600,0.4600,0.4500,0.4500,115,0
D,2014-03-21,0.4600,0.4600,0.4600,0.4600,114,0
D,2014-03-20,0.4700,0.4700,0.4700,0.4700,0,0
D,2014-03-19,0.4300,0.4700,0.4300,0.4700,340,0
D,2014-03-18,0.4650,0.4650,0.4650,0.4650,0,0
D,2014-03-17,0.4650,0.4650,0.4650,0.4650,71,0
D,2014-03-14,0.4700,0.4700,0.4700,0.4700,0,0
D,2014-03-13,0.4600,0.4700,0.4600,0.4700,300,0
D,2014-03-12,0.4700,0.4700,0.4700,0.4700,0,0
D,2014-03-11,0.4100,0.4700,0.4100,0.4700,7,0
D,2014-03-10,0.4500,0.4500,0.4500,0.4500,0,0
D,2014-03-07,0.4500,0.4500,0.4500,0.4500,0,0
D,2014-03-06,0.4500,0.4500,0.4500,0.4500,0,0
D,2014-03-05,0.4500,0.4500,0.4500,0.4500,0,0
D,2014-03-04,0.4500,0.4500,0.4500,0.4500,0,0
D,2014-03-03,0.4500,0.4500,0.4500,0.4500,0,0
D,2014-02-28,0.4500,0.4500,0.4500,0.4500,20,0
D,2014-02-27,0.4700,0.4700,0.4700,0.4700,60,0
D,2014-02-26,0.4700,0.4700,0.4700,0.4700,100,0
D,2014-02-25,0.4650,0.4800,0.4650,0.4800,1460,0
D,2014-02-24,0.4600,0.4650,0.4600,0.4650,620,0
D,2014-02-21,0.4600,0.4600,0.4600,0.4600,420,0
D,2014-02-20,0.4550,0.4600,0.4550,0.4600,528,0
D,2014-02-19,0.4600,0.4600,0.4600,0.4600,0,0
D,2014-02-18,0.4500,0.4600,0.4500,0.4600,1070,0
D,2014-02-17,0.4500,0.4600,0.4500,0.4600,933,0
D,2014-02-14,0.4600,0.4600,0.4600,0.4600,0,0
D,2014-02-13,0.4300,0.4600,0.4300,0.4600,310,0
D,2014-02-12,0.4600,0.4600,0.4600,0.4600,0,0
D,2014-02-11,0.4600,0.4600,0.4600,0.4600,0,0
D,2014-02-10,0.4600,0.4600,0.4600,0.4600,0,0
D,2014-02-07,0.4500,0.4750,0.4500,0.4600,1482,0
D,2014-02-06,0.4750,0.4750,0.4750,0.4750,150,0
D,2014-02-05,0.4800,0.4800,0.4450,0.4800,52,0
D,2014-02-04,0.4750,0.4750,0.4750,0.4750,0,0
D,2014-01-30,0.4750,0.4750,0.4750,0.4750,0,0
D,2014-01-29,0.4550,0.4750,0.4500,0.4750,141,0
D,2014-01-28,0.4750,0.4750,0.4750,0.4750,0,0
D,2014-01-27,0.4750,0.4750,0.4750,0.4750,0,0
D,2014-01-24,0.4600,0.4750,0.4600,0.4750,600,0
D,2014-01-23,0.4800,0.4800,0.4800,0.4800,262,0
D,2014-01-22,0.4600,0.4600,0.4600,0.4600,50,0
D,2014-01-21,0.4550,0.4800,0.4550,0.4800,279,0
D,2014-01-20,0.4500,0.4500,0.4500,0.4500,50,0
D,2014-01-16,0.4700,0.4750,0.4600,0.4750,1648,0
D,2014-01-15,0.4500,0.4500,0.4500,0.4500,400,0
D,2014-01-13,0.4400,0.4700,0.4400,0.4700,227,0
D,2014-01-10,0.4700,0.4700,0.4400,0.4650,630,0
D,2014-01-09,0.4500,0.5000,0.4500,0.5000,201,0
D,2014-01-08,0.4500,0.4600,0.4400,0.4600,496,0
D,2014-01-07,0.4400,0.4400,0.4400,0.4400,0,0
D,2014-01-06,0.4400,0.4400,0.4400,0.4400,0,0
D,2014-01-03,0.6600,0.6600,0.4350,0.4400,417,0
D,2014-01-02,0.5300,0.5300,0.4800,0.4800,12,0
D,2013-12-31,0.4350,0.4350,0.4350,0.4350,0,0
D,2013-12-30,0.4250,0.4800,0.4250,0.4350,179,0
D,2013-12-27,0.4500,0.5000,0.4500,0.5000,32,0
D,2013-12-26,0.5300,0.5300,0.5300,0.5300,10,0
D,2013-12-24,0.5050,0.5050,0.5050,0.5050,0,0
D,2013-12-23,0.5050,0.5050,0.5050,0.5050,0,0
D,2013-12-20,0.5050,0.5050,0.5050,0.5050,0,0
D,2013-12-19,0.5050,0.5050,0.5050,0.5050,0,0
D,2013-12-18,0.5050,0.5050,0.5050,0.5050,0,0
D,2013-12-17,0.5050,0.5050,0.5050,0.5050,0,0
D,2013-12-16,0.5800,0.5800,0.5050,0.5050,2,0
D,2013-12-13,0.4100,0.4500,0.4100,0.4500,30,0
D,2013-12-12,0.4800,0.4800,0.4800,0.4800,0,0
D,2013-12-11,0.5500,0.5500,0.4700,0.4800,38,0
D,2013-12-10,0.5100,0.5100,0.5100,0.5100,0,0
D,2013-12-09,0.5600,0.5600,0.5100,0.5100,2,0
D,2013-12-06,0.5500,0.5500,0.4650,0.5000,152,0
D,2013-12-05,0.4400,0.4400,0.4400,0.4400,10,0
D,2013-12-04,0.4600,0.5000,0.4500,0.5000,57,0
D,2013-12-03,0.5000,0.5000,0.5000,0.5000,0,0
D,2013-12-02,0.4850,0.5000,0.4850,0.5000,42,0
D,2013-11-29,0.5450,0.5450,0.4600,0.5250,110,0
D,2013-11-28,0.5250,0.5500,0.4700,0.5000,3238,0
D,2013-11-27,0.4400,0.5200,0.4400,0.5000,1262,0
D,2013-11-26,0.4500,0.4500,0.4500,0.4500,319,0
D,2013-11-25,0.4200,0.5000,0.4200,0.4250,692,0
D,2013-11-22,0.4300,0.4300,0.4200,0.4200,1210,0
D,2013-11-21,0.7000,0.7000,0.4100,0.4100,31,0
D,2013-11-20,0.4100,0.4100,0.4100,0.4100,0,0
D,2013-11-19,0.4100,0.4100,0.4100,0.4100,0,0
D,2013-11-18,0.4100,0.4100,0.4100,0.4100,0,0
D,2013-11-15,0.3950,0.4100,0.3950,0.4100,400,0
D,2013-11-14,0.4000,0.4000,0.4000,0.4000,0,0
D,2013-11-13,0.4000,0.4000,0.4000,0.4000,0,0
D,2013-11-12,0.4000,0.4000,0.4000,0.4000,0,0
D,2013-11-11,0.4000,0.4000,0.4000,0.4000,0,0
D,2013-11-08,0.4000,0.4000,0.4000,0.4000,0,0
D,2013-11-07,0.4000,0.4000,0.4000,0.4000,0,0
D,2013-11-06,0.4000,0.4000,0.4000,0.4000,9,0
D,2013-11-04,0.4000,0.4000,0.4000,0.4000,195,0
D,2013-11-01,0.4000,0.4100,0.4000,0.4000,803,0
D,2013-10-31,0.4000,0.4000,0.4000,0.4000,0,0
D,2013-10-30,0.4000,0.4000,0.4000,0.4000,0,0
D,2013-10-29,0.4000,0.4000,0.4000,0.4000,0,0
D,2013-10-28,0.4000,0.4000,0.4000,0.4000,247,0
D,2013-10-25,0.3800,0.4400,0.3800,0.4400,901,0
D,2013-10-24,0.3900,0.3900,0.3900,0.3900,0,0
D,2013-10-23,0.3900,0.3900,0.3900,0.3900,19,0
D,2013-10-22,0.3800,0.3800,0.3800,0.3800,0,0
D,2013-10-21,0.3750,0.4100,0.3750,0.3800,350,0
D,2013-10-18,0.3750,0.4300,0.3750,0.4300,101,0
D,2013-10-17,0.3900,0.3900,0.3900,0.3900,0,0
D,2013-10-16,0.3900,0.3900,0.3900,0.3900,0,0
D,2013-10-14,0.3900,0.3900,0.3900,0.3900,0,0
D,2013-10-11,0.3900,0.3900,0.3900,0.3900,0,0
D,2013-10-10,0.3900,0.4000,0.3900,0.3900,449,0
D,2013-10-09,0.3700,0.3700,0.3700,0.3700,0,0
D,2013-10-08,0.3700,0.3700,0.3700,0.3700,0,0
D,2013-10-07,0.3700,0.3700,0.3700,0.3700,0,0
D,2013-10-04,0.3700,0.3700,0.3700,0.3700,588,0
D,2013-10-03,0.4100,0.4100,0.4100,0.4100,0,0
D,2013-10-02,0.4100,0.4100,0.4000,0.4100,6,0
D,2013-10-01,0.3800,0.4000,0.3700,0.3700,244,0
D,2013-09-30,0.4100,0.4100,0.4100,0.4100,2,0
D,2013-09-27,0.4250,0.4250,0.4250,0.4250,1,0
D,2013-09-26,0.3900,0.3900,0.3800,0.3800,16,0
D,2013-09-25,0.3800,0.3800,0.3800,0.3800,433,0
D,2013-09-24,0.4050,0.4050,0.4050,0.4050,0,0
D,2013-09-23,0.3500,0.4100,0.3450,0.4050,1008,0
D,2013-09-20,0.3750,0.4100,0.3700,0.4100,521,0
D,2013-09-19,0.3400,0.4450,0.3400,0.3800,80,0
D,2013-09-18,0.3500,0.3500,0.3450,0.3500,316,0
D,2013-09-17,0.2950,0.2950,0.2950,0.2950,0,0
D,2013-09-13,0.2950,0.2950,0.2950,0.2950,0,0
D,2013-09-12,0.2950,0.2950,0.2950,0.2950,0,0
D,2013-09-11,0.2950,0.2950,0.2950,0.2950,0,0
D,2013-09-10,0.2950,0.2950,0.2950,0.2950,0,0
D,2013-09-09,0.2950,0.2950,0.2950,0.2950,0,0
D,2013-09-06,0.2950,0.2950,0.2950,0.2950,0,0
D,2013-09-05,0.2950,0.2950,0.2950,0.2950,0,0
D,2013-09-04,0.2950,0.2950,0.2950,0.2950,20,0
D,2013-09-03,0.3050,0.3050,0.3050,0.3050,0,0
D,2013-09-02,0.3050,0.3050,0.3050,0.3050,0,0
D,2013-08-30,0.3050,0.3050,0.3050,0.3050,30,0
D,2013-08-29,0.3200,0.3200,0.3200,0.3200,0,0
D,2013-08-28,0.3200,0.3200,0.3200,0.3200,0,0
D,2013-08-27,0.3200,0.3200,0.3200,0.3200,100,0
D,2013-08-26,0.3250,0.3250,0.3250,0.3250,0,0
D,2013-08-23,0.3250,0.3250,0.3250,0.3250,0,0
D,2013-08-22,0.3250,0.3250,0.3250,0.3250,0,0
D,2013-08-21,0.3250,0.3250,0.3250,0.3250,0,0
D,2013-08-20,0.3250,0.3250,0.3250,0.3250,48,0
D,2013-08-19,0.3400,0.3400,0.3400,0.3400,0,0
D,2013-08-16,0.3400,0.3400,0.3400,0.3400,0,0
D,2013-08-15,0.3400,0.3400,0.3400,0.3400,0,0
D,2013-08-14,0.3400,0.3400,0.3400,0.3400,0,0
D,2013-08-13,0.3400,0.3400,0.3400,0.3400,100,0
D,2013-08-12,0.3400,0.3400,0.3400,0.3400,0,0
D,2013-08-07,0.3400,0.3400,0.3400,0.3400,0,0
D,2013-08-06,0.3400,0.3400,0.3400,0.3400,0,0
D,2013-08-05,0.3400,0.3400,0.3400,0.3400,0,0
D,2013-08-02,0.3400,0.3400,0.3400,0.3400,0,0
D,2013-08-01,0.3400,0.3400,0.3400,0.3400,50,0
D,2013-07-31,0.3400,0.3400,0.3400,0.3400,0,0
D,2013-07-30,0.3400,0.3400,0.3400,0.3400,0,0
D,2013-07-29,0.3400,0.3400,0.3400,0.3400,100,0
D,2013-07-26,0.3700,0.3700,0.3700,0.3700,150,0
D,2013-07-25,0.3800,0.3800,0.3800,0.3800,0,0
D,2013-07-24,0.3800,0.3800,0.3800,0.3800,0,0
D,2013-07-23,0.3800,0.3800,0.3450,0.3800,124,0
D,2013-07-22,0.3650,0.3650,0.3600,0.3650,250,0
D,2013-07-19,0.3700,0.3700,0.3700,0.3700,0,0
D,2013-07-18,0.3450,0.3700,0.3400,0.3700,503,0
D,2013-07-17,0.3450,0.3750,0.3450,0.3450,3,0
D,2013-07-16,0.3750,0.3750,0.3750,0.3750,50,0
D,2013-07-15,0.3800,0.3800,0.3800,0.3800,0,0
D,2013-07-12,0.3800,0.3800,0.3800,0.3800,1,0
D,2013-07-11,0.3500,0.3700,0.3500,0.3700,222,0
D,2013-07-10,0.3600,0.3600,0.3600,0.3600,50,0
D,2013-07-09,0.3500,0.3500,0.3500,0.3500,0,0
D,2013-07-08,0.3500,0.3500,0.3500,0.3500,199,0
D,2013-07-05,0.3450,0.3500,0.3400,0.3500,471,0
D,2013-07-04,0.3500,0.3500,0.3500,0.3500,0,0
D,2013-07-03,0.3500,0.3500,0.3500,0.3500,0,0
D,2013-07-02,0.3550,0.3550,0.3500,0.3500,200,0
D,2013-07-01,0.3800,0.3800,0.3800,0.3800,0,0
D,2013-06-28,0.3800,0.3800,0.3800,0.3800,0,0
D,2013-06-27,0.3600,0.3850,0.3550,0.3800,611,0
D,2013-06-26,0.3850,0.3850,0.3850,0.3850,0,0
D,2013-06-25,0.3850,0.3850,0.3850,0.3850,0,0
D,2013-06-24,0.3650,0.3900,0.3600,0.3850,119,0
D,2013-06-21,0.3500,0.4000,0.3500,0.4000,364,0
D,2013-06-20,0.3700,0.3700,0.3700,0.3700,0,0
D,2013-06-19,0.3650,0.3700,0.3350,0.3700,329,0
D,2013-06-18,0.3800,0.3800,0.3800,0.3800,0,0
D,2013-06-17,0.3800,0.3800,0.3800,0.3800,0,0
D,2013-06-14,0.3800,0.3800,0.3800,0.3800,0,0
D,2013-06-13,0.3800,0.3800,0.3800,0.3800,0,0
D,2013-06-12,0.3800,0.3800,0.3800,0.3800,0,0
D,2013-06-11,0.3800,0.3800,0.3800,0.3800,0,0
D,2013-06-10,0.3800,0.3800,0.3800,0.3800,60,0
D,2013-06-07,0.3800,0.3800,0.3800,0.3800,0,0
D,2013-06-06,0.3800,0.3800,0.3500,0.3800,64,0
D,2013-06-05,0.3800,0.3800,0.3800,0.3800,0,0
D,2013-06-04,0.3800,0.3800,0.3800,0.3800,110,0
D,2013-06-03,0.3800,0.3800,0.3800,0.3800,0,0
D,2013-05-31,0.3800,0.3800,0.3800,0.3800,0,0
D,2013-05-30,0.3800,0.3800,0.3800,0.3800,0,0
D,2013-05-29,0.3750,0.3800,0.3550,0.3800,470,0
D,2013-05-28,0.3700,0.3750,0.3450,0.3450,266,0
D,2013-05-27,0.3400,0.3400,0.3400,0.3400,70,0
D,2013-05-23,0.3350,0.3350,0.3350,0.3350,214,0
D,2013-05-22,0.3600,0.3600,0.3600,0.3600,50,0
D,2013-05-21,0.3300,0.3550,0.3250,0.3550,92,0
D,2013-05-20,0.3500,0.3500,0.3500,0.3500,0,0
D,2013-05-17,0.3500,0.3500,0.3500,0.3500,0,0
D,2013-05-16,0.3500,0.3500,0.3500,0.3500,0,0
D,2013-05-15,0.3500,0.3500,0.3500,0.3500,0,0
D,2013-05-14,0.3250,0.3500,0.3200,0.3500,83,0
D,2013-05-13,0.3500,0.3500,0.3500,0.3500,0,0
D,2013-05-10,0.3200,0.3500,0.3200,0.3500,435,0
D,2013-05-09,0.3500,0.3500,0.3500,0.3500,0,0
D,2013-05-08,0.3200,0.3500,0.3200,0.3500,101,0
D,2013-05-07,0.3600,0.3600,0.3600,0.3600,1,0
D,2013-05-06,0.3200,0.3200,0.3200,0.3200,16,0
D,2013-05-03,0.3200,0.3200,0.3200,0.3200,230,0
D,2013-05-02,0.3200,0.3500,0.3200,0.3500,67,0
D,2013-04-30,0.3600,0.3600,0.3600,0.3600,0,0
D,2013-04-29,0.3600,0.3600,0.3600,0.3600,0,0
D,2013-04-26,0.3600,0.3600,0.3600,0.3600,0,0
D,2013-04-25,0.3600,0.3600,0.3600,0.3600,0,0
D,2013-04-24,0.3600,0.3600,0.3600,0.3600,0,0
D,2013-04-23,0.3600,0.3600,0.3600,0.3600,0,0
D,2013-04-22,0.3250,0.3600,0.3200,0.3600,301,0
D,2013-04-19,0.3150,0.3500,0.3150,0.3500,610,0
D,2013-04-18,0.3150,0.3150,0.3150,0.3150,0,0
D,2013-04-17,0.3150,0.3150,0.3150,0.3150,16,0
D,2013-04-16,0.3050,0.3200,0.3050,0.3200,257,0
D,2013-04-15,0.3000,0.3050,0.2900,0.3050,719,0
D,2013-04-12,0.2900,0.2900,0.2900,0.2900,0,0
D,2013-04-11,0.2900,0.2900,0.2900,0.2900,0,0
D,2013-04-10,0.2900,0.2900,0.2900,0.2900,0,0
D,2013-04-09,0.2900,0.2900,0.2900,0.2900,0,0
D,2013-04-08,0.2900,0.2900,0.2900,0.2900,0,0
D,2013-04-05,0.2900,0.2900,0.2900,0.2900,0,0
D,2013-04-04,0.2900,0.2900,0.2900,0.2900,0,0
D,2013-04-03,0.2900,0.2900,0.2900,0.2900,140,0
D,2013-04-02,0.2900,0.2900,0.2900,0.2900,16,0
D,2013-04-01,0.2900,0.2900,0.2900,0.2900,0,0
D,2013-03-29,0.2900,0.2900,0.2900,0.2900,0,0
D,2013-03-28,0.2900,0.2900,0.2900,0.2900,140,0
D,2013-03-27,0.2900,0.2900,0.2900,0.2900,0,0
D,2013-03-26,0.2900,0.2900,0.2900,0.2900,19,0
D,2013-03-25,0.2900,0.2900,0.2900,0.2900,0,0
D,2013-03-22,0.2900,0.2900,0.2900,0.2900,0,0
D,2013-03-21,0.2900,0.2900,0.2900,0.2900,20,0
D,2013-03-20,0.2900,0.2900,0.2900,0.2900,0,0
D,2013-03-19,0.2900,0.2900,0.2900,0.2900,0,0
D,2013-03-18,0.2900,0.2900,0.2900,0.2900,0,0
D,2013-03-15,0.2900,0.2900,0.2900,0.2900,0,0
D,2013-03-14,0.2900,0.2900,0.2900,0.2900,80,0
D,2013-03-13,0.2800,0.2800,0.2800,0.2800,0,0
D,2013-03-12,0.2800,0.2800,0.2800,0.2800,0,0
D,2013-03-11,0.2800,0.2800,0.2800,0.2800,0,0
D,2013-03-08,0.2800,0.2800,0.2800,0.2800,0,0
D,2013-03-07,0.2800,0.2800,0.2800,0.2800,0,0
D,2013-03-06,0.2800,0.2800,0.2800,0.2800,16,0
D,2013-03-05,0.2800,0.3000,0.2800,0.2800,387,0
D,2013-03-04,0.2800,0.2800,0.2800,0.2800,0,0
D,2013-03-01,0.2800,0.2800,0.2800,0.2800,77,0
D,2013-02-28,0.2800,0.2800,0.2800,0.2800,0,0
D,2013-02-27,0.2800,0.2800,0.2800,0.2800,0,0
D,2013-02-26,0.2800,0.2800,0.2800,0.2800,0,0
D,2013-02-25,0.2800,0.2800,0.2800,0.2800,0,0
D,2013-02-22,0.2800,0.2800,0.2800,0.2800,0,0
D,2013-02-21,0.2800,0.2800,0.2800,0.2800,36,0
D,2013-02-20,0.2800,0.2800,0.2800,0.2800,0,0
D,2013-02-19,0.2800,0.2800,0.2800,0.2800,0,0
D,2013-02-18,0.2800,0.2800,0.2800,0.2800,0,0
D,2013-02-15,0.2800,0.2800,0.2800,0.2800,0,0
D,2013-02-14,0.2800,0.2800,0.2800,0.2800,0,0
D,2013-02-13,0.2800,0.2800,0.2800,0.2800,0,0
D,2013-02-08,0.2800,0.2800,0.2800,0.2800,0,0
D,2013-02-07,0.2800,0.2800,0.2800,0.2800,100,0
D,2013-02-06,0.2700,0.2700,0.2700,0.2700,0,0
D,2013-02-05,0.2700,0.2700,0.2700,0.2700,0,0
D,2013-02-04,0.2800,0.2800,0.2700,0.2700,133,0
D,2013-01-31,0.2800,0.2800,0.2800,0.2800,100,0
D,2013-01-30,0.2800,0.2800,0.2700,0.2700,116,0
D,2013-01-29,0.2800,0.2800,0.2800,0.2800,200,0
D,2013-01-25,0.2800,0.2800,0.2800,0.2800,20,0
D,2013-01-23,0.2800,0.2800,0.2800,0.2800,0,0
D,2013-01-22,0.2800,0.2800,0.2800,0.2800,0,0
D,2013-01-21,0.2800,0.2800,0.2800,0.2800,200,0
D,2013-01-18,0.2600,0.2600,0.2600,0.2600,20,0
D,2013-01-17,0.2900,0.2900,0.2900,0.2900,0,0
D,2013-01-16,0.2900,0.2900,0.2900,0.2900,0,0
D,2013-01-15,0.2800,0.2900,0.2800,0.2900,350,0
D,2013-01-14,0.2600,0.2600,0.2600,0.2600,50,0
D,2013-01-11,0.2800,0.2800,0.2800,0.2800,0,0
D,2013-01-10,0.2800,0.2800,0.2800,0.2800,0,0
D,2013-01-09,0.2800,0.2800,0.2800,0.2800,20,0
D,2013-01-08,0.2800,0.2800,0.2800,0.2800,0,0
D,2013-01-07,0.2800,0.2800,0.2800,0.2800,0,0
D,2013-01-04,0.2800,0.2800,0.2800,0.2800,0,0
D,2013-01-03,0.2800,0.2800,0.2800,0.2800,0,0
D,2013-01-02,0.2800,0.2800,0.2800,0.2800,0,0
D,2012-12-31,0.2800,0.2800,0.2800,0.2800,91,0
D,2012-12-28,0.2800,0.2800,0.2800,0.2800,173,0
D,2012-12-27,0.2600,0.2700,0.2200,0.2700,421,0
D,2012-12-26,0.2600,0.2700,0.2500,0.2700,587,0
D,2012-12-24,0.2800,0.2800,0.2800,0.2800,70,0
D,2012-12-21,0.2700,0.2700,0.2700,0.2700,0,0
D,2012-12-20,0.2700,0.2700,0.2700,0.2700,0,0
D,2012-12-19,0.2700,0.2700,0.2700,0.2700,40,0
D,2012-12-18,0.2800,0.2800,0.2800,0.2800,0,0
D,2012-12-17,0.2800,0.2800,0.2800,0.2800,0,0
D,2012-12-14,0.2800,0.2800,0.2800,0.2800,59,0
D,2012-12-13,0.2750,0.2800,0.2750,0.2800,273,0
D,2012-12-12,0.2850,0.2850,0.2850,0.2850,0,0
D,2012-12-11,0.2850,0.2850,0.2850,0.2850,0,0
D,2012-12-10,0.2850,0.2850,0.2850,0.2850,0,0
D,2012-12-07,0.2850,0.2850,0.2850,0.2850,0,0
D,2012-12-06,0.2850,0.2850,0.2850,0.2850,0,0
D,2012-12-05,0.2850,0.2850,0.2850,0.2850,60,0
D,2012-12-04,0.2700,0.2700,0.2700,0.2700,0,0
D,2012-12-03,0.2700,0.2700,0.2700,0.2700,0,0
D,2012-11-30,0.2700,0.2700,0.2700,0.2700,30,0
D,2012-11-29,0.2600,0.2700,0.2600,0.2700,34,0
D,2012-11-28,0.2600,0.2600,0.2600,0.2600,20,0
D,2012-11-27,0.2900,0.2900,0.2900,0.2900,0,0
D,2012-11-26,0.2900,0.2900,0.2900,0.2900,0,0
D,2012-11-23,0.2900,0.2900,0.2900,0.2900,0,0
D,2012-11-22,0.2900,0.2900,0.2900,0.2900,0,0
D,2012-11-21,0.2900,0.2900,0.2900,0.2900,0,0
D,2012-11-20,0.2900,0.2900,0.2900,0.2900,0,0
D,2012-11-19,0.2900,0.2900,0.2900,0.2900,20,0
D,2012-11-16,0.3000,0.3000,0.3000,0.3000,0,0
D,2012-11-14,0.3000,0.3000,0.3000,0.3000,0,0
D,2012-11-12,0.3000,0.3000,0.3000,0.3000,0,0
D,2012-11-09,0.3000,0.3000,0.3000,0.3000,0,0
D,2012-11-08,0.3000,0.3000,0.3000,0.3000,610,0
D,2012-11-07,0.3000,0.3000,0.3000,0.3000,90,0
D,2012-11-06,0.3000,0.3000,0.3000,0.3000,0,0
D,2012-11-05,0.3000,0.3000,0.3000,0.3000,0,0
D,2012-11-02,0.3000,0.3000,0.3000,0.3000,0,0
D,2012-11-01,0.3000,0.3000,0.3000,0.3000,100,0
D,2012-10-31,0.3000,0.3100,0.3000,0.3050,100,0
D,2012-10-30,0.2900,0.2900,0.2900,0.2900,0,0
D,2012-10-29,0.2900,0.2900,0.2900,0.2900,0,0
D,2012-10-25,0.2900,0.2900,0.2900,0.2900,0,0
D,2012-10-24,0.2900,0.2900,0.2900,0.2900,0,0
D,2012-10-23,0.2900,0.2900,0.2900,0.2900,0,0
D,2012-10-22,0.2900,0.2900,0.2900,0.2900,0,0
D,2012-10-19,0.2900,0.2900,0.2900,0.2900,0,0
D,2012-10-18,0.2900,0.2900,0.2900,0.2900,0,0
D,2012-10-17,0.2900,0.2900,0.2900,0.2900,100,0
D,2012-10-16,0.3000,0.3000,0.3000,0.3000,0,0
D,2012-10-15,0.2850,0.3000,0.2850,0.3000,476,0
D,2012-10-12,0.3200,0.3200,0.3200,0.3200,0,0
D,2012-10-11,0.3200,0.3200,0.3200,0.3200,0,0
D,2012-10-10,0.2750,0.3200,0.2750,0.3200,101,0
D,2012-10-09,0.2900,0.2900,0.2900,0.2900,0,0
D,2012-10-08,0.2900,0.2900,0.2900,0.2900,100,0
D,2012-10-05,0.2900,0.2900,0.2900,0.2900,0,0
D,2012-10-04,0.2900,0.2900,0.2900,0.2900,150,0
D,2012-10-03,0.3000,0.3000,0.3000,0.3000,0,0
D,2012-05-03,0.3300,0.3300,0.3300,0.3300,100,0
D,2012-05-02,0.3300,0.3300,0.3300,0.3300,0,0
