D,2014-10-14,1.0000,1.0500,1.0000,1.0500,143,0
D,2014-10-13,1.0300,1.0600,1.0300,1.0600,202,0
D,2014-10-10,1.0800,1.0800,1.0800,1.0800,30,0
D,2014-10-09,1.0600,1.0800,1.0500,1.0800,162,0
D,2014-10-08,1.0700,1.0700,1.0000,1.0600,836,0
D,2014-10-07,1.0900,1.0900,1.0300,1.0300,139,0
D,2014-10-03,1.0500,1.0800,1.0400,1.0800,133,0
D,2014-10-02,1.0500,1.0900,1.0500,1.0800,240,0
D,2014-10-01,1.0500,1.0800,1.0500,1.0800,632,0
D,2014-09-30,1.0500,1.0800,1.0500,1.0800,230,0
D,2014-09-29,1.0500,1.0800,1.0500,1.0800,803,0
D,2014-09-26,1.0900,1.0900,1.0500,1.0800,465,0
D,2014-09-25,1.0600,1.0800,1.0500,1.0800,160,0
D,2014-09-24,1.0800,1.0800,1.0800,1.0800,0,0
D,2014-09-23,1.0800,1.0800,1.0800,1.0800,10,0
D,2014-09-22,1.0500,1.0500,1.0500,1.0500,110,0
D,2014-09-19,1.0900,1.0900,1.0900,1.0900,0,0
D,2014-09-18,1.0500,1.0900,1.0500,1.0900,135,0
D,2014-09-17,1.0500,1.0900,1.0500,1.0900,610,0
D,2014-09-15,1.0900,1.0900,1.0500,1.0500,440,0
D,2014-09-12,1.1200,1.1200,1.0800,1.0900,745,0
D,2014-09-11,1.1500,1.1500,1.0800,1.1400,409,0
D,2014-09-10,1.1500,1.1700,1.1500,1.1600,1030,0
D,2014-09-09,1.1500,1.1800,1.1500,1.1800,155,0
D,2014-09-08,1.1900,1.1900,1.1900,1.1900,5,0
D,2014-09-05,1.1700,1.2100,1.1700,1.2100,54,0
D,2014-09-04,1.1600,1.2100,1.1600,1.2100,154,0
D,2014-09-03,1.2100,1.2100,1.1700,1.1900,370,0
D,2014-09-02,1.1800,1.2000,1.1800,1.2000,500,0
D,2014-08-29,1.2100,1.2100,1.1900,1.2000,450,0
D,2014-08-28,1.2200,1.2200,1.2200,1.2200,60,0
D,2014-08-27,1.2200,1.2200,1.2200,1.2200,0,0
D,2014-08-26,1.2000,1.2200,1.2000,1.2200,210,0
D,2014-08-25,1.2200,1.2200,1.2100,1.2100,550,0
D,2014-08-22,1.2100,1.2100,1.2100,1.2100,250,0
D,2014-08-21,1.2200,1.2200,1.2100,1.2200,940,0
D,2014-08-20,1.2400,1.2400,1.2300,1.2300,200,0
D,2014-08-19,1.2400,1.2500,1.2400,1.2400,581,0
D,2014-08-18,1.2400,1.2500,1.2200,1.2500,3352,0
D,2014-08-15,1.2300,1.2300,1.2300,1.2300,169,0
D,2014-08-14,1.2300,1.2300,1.2300,1.2300,180,0
D,2014-08-13,1.2300,1.2300,1.2300,1.2300,30,0
D,2014-08-12,1.2300,1.2300,1.2100,1.2100,920,0
D,2014-08-11,1.2500,1.2500,1.2300,1.2300,242,0
D,2014-08-08,1.2200,1.2500,1.2200,1.2500,1837,0
D,2014-08-07,1.2400,1.2500,1.2300,1.2500,249,0
D,2014-08-06,1.2100,1.2600,1.2100,1.2500,579,0
D,2014-08-05,1.2400,1.2500,1.2100,1.2500,431,0
D,2014-08-04,1.2400,1.2400,1.2400,1.2400,120,0
D,2014-08-01,1.2500,1.2500,1.2000,1.2400,947,0
D,2014-07-31,1.2500,1.2500,1.2100,1.2100,801,0
D,2014-07-30,1.2400,1.2500,1.2400,1.2400,630,0
D,2014-07-25,1.2500,1.2800,1.2500,1.2800,1029,0
D,2014-07-24,1.2900,1.2900,1.2900,1.2900,1151,0
D,2014-07-23,1.2700,1.3000,1.2700,1.3000,1496,0
D,2014-07-22,1.3000,1.3000,1.2600,1.2800,471,0
D,2014-07-21,1.3000,1.3300,1.2600,1.2900,2597,0
D,2014-07-18,1.2400,1.3000,1.2400,1.2900,2468,0
D,2014-07-17,1.2500,1.2600,1.2400,1.2500,976,0
D,2014-07-16,1.2500,1.2500,1.2300,1.2500,398,0
D,2014-07-14,1.2100,1.2700,1.2100,1.2500,2654,0
D,2014-07-11,1.2200,1.2500,1.2100,1.2400,440,0
D,2014-07-10,1.2100,1.2200,1.2100,1.2200,430,0
D,2014-07-09,1.2400,1.2400,1.2100,1.2300,380,0
D,2014-07-08,1.2400,1.2400,1.2300,1.2300,250,0
D,2014-07-07,1.2700,1.2700,1.2300,1.2500,792,0
D,2014-07-04,1.2000,1.2700,1.2000,1.2400,4034,0
D,2014-07-03,1.1700,1.2000,1.1700,1.2000,51,0
D,2014-07-02,1.2000,1.2000,1.2000,1.2000,1,0
D,2014-07-01,1.1600,1.1700,1.1600,1.1600,690,0
D,2014-06-30,1.2100,1.2100,1.1600,1.1600,181,0
D,2014-06-27,1.1500,1.1900,1.1500,1.1800,500,0
D,2014-06-26,1.1600,1.1800,1.1400,1.1400,1145,0
D,2014-06-25,1.1500,1.2100,1.1500,1.1700,436,0
D,2014-06-24,1.2000,1.2000,1.1200,1.1600,4665,0
D,2014-06-23,1.2400,1.2400,1.2100,1.2100,1391,0
D,2014-06-20,1.2500,1.2800,1.2200,1.2300,2724,0
D,2014-06-19,1.1800,1.2400,1.1800,1.2400,3465,0
D,2014-06-18,1.1600,1.1700,1.1500,1.1700,952,0
D,2014-06-17,1.1200,1.1700,1.1200,1.1400,3758,0
D,2014-06-16,1.0800,1.1200,1.0700,1.1200,957,0
D,2014-06-13,1.0300,1.0500,1.0300,1.0500,521,0
D,2014-06-12,1.0300,1.0500,1.0300,1.0300,829,0
D,2014-06-11,1.0400,1.0400,0.9950,1.0300,1721,0
D,2014-06-10,1.0000,1.0000,1.0000,1.0000,60,0
D,2014-06-09,1.0200,1.0200,1.0000,1.0100,1062,0
D,2014-06-06,1.0400,1.0400,1.0000,1.0100,204,0
D,2014-06-05,1.0300,1.0300,1.0100,1.0100,101,0
D,2014-06-04,1.0200,1.0200,1.0100,1.0100,1498,0
D,2014-06-03,1.0300,1.0300,1.0100,1.0300,352,0
D,2014-06-02,1.0400,1.0500,1.0200,1.0200,2773,0
D,2014-05-30,1.0300,1.0800,1.0300,1.0300,319,0
D,2014-05-29,1.0400,1.0400,1.0300,1.0400,511,0
D,2014-05-28,1.0300,1.0300,1.0300,1.0300,752,0
D,2014-05-27,1.0300,1.0500,1.0300,1.0500,584,0
D,2014-05-26,1.0300,1.0300,1.0200,1.0300,290,0
D,2014-05-23,1.0300,1.0500,1.0300,1.0300,692,0
D,2014-05-22,1.0200,1.0400,1.0200,1.0200,1878,0
D,2014-05-21,1.0200,1.0300,1.0100,1.0200,886,0
D,2014-05-20,1.0200,1.0400,1.0200,1.0300,1570,0
D,2014-05-19,1.0500,1.0500,1.0200,1.0200,1521,0
D,2014-05-16,1.0500,1.0500,1.0300,1.0400,2118,0
D,2014-05-15,1.0300,1.0600,1.0200,1.0500,1764,0
D,2014-05-14,1.0400,1.0500,1.0200,1.0300,1504,0
D,2014-05-12,1.0700,1.0700,1.0500,1.0500,6227,0
D,2014-05-09,1.0500,1.0800,1.0500,1.0700,1376,0
D,2014-05-08,1.1200,1.1400,1.0700,1.0800,2456,0
D,2014-05-07,1.0200,1.1100,1.0200,1.1000,13205,0
D,2014-05-06,1.0000,1.0400,1.0000,1.0100,5653,0
D,2014-05-05,1.0500,1.0500,1.0000,1.0000,5882,0
D,2014-05-02,1.1700,1.1700,1.0500,1.0700,7154,0
D,2014-04-30,1.2900,1.2900,1.1600,1.1800,7073,0
D,2014-04-29,1.3200,1.3200,1.2700,1.2700,7408,0
D,2014-04-28,1.2900,1.3300,1.2700,1.3300,8216,0
D,2014-04-25,1.3000,1.3100,1.2400,1.2800,7291,0
D,2014-04-24,1.2900,1.3200,1.2800,1.3000,11026,0
D,2014-04-23,1.2800,1.2900,1.2100,1.2800,8300,0
D,2014-04-22,1.2300,1.3500,1.2100,1.2700,19794,0
D,2014-04-21,1.0500,1.2200,1.0500,1.2000,19882,0
D,2014-04-18,0.9850,1.0500,0.9850,1.0300,13423,0
D,2014-04-17,0.9600,0.9800,0.9550,0.9800,2610,0
D,2014-04-16,0.9500,0.9650,0.9500,0.9500,986,0
D,2014-04-15,0.9750,0.9750,0.9700,0.9700,304,0
D,2014-04-14,0.9750,0.9800,0.9600,0.9800,630,0
D,2014-04-11,0.9850,0.9850,0.9800,0.9850,664,0
D,2014-04-10,0.9800,0.9900,0.9700,0.9850,24033,0
D,2014-04-09,0.9800,0.9800,0.9700,0.9800,169,0
D,2014-04-08,0.9550,0.9550,0.9550,0.9550,10,0
D,2014-04-07,0.9650,0.9650,0.9650,0.9650,100,0
D,2014-04-04,0.9600,0.9800,0.9600,0.9600,280,0
D,2014-04-03,0.9600,0.9850,0.9500,0.9850,540,0
D,2014-04-02,0.9950,1.0000,0.9900,0.9900,466,0
D,2014-04-01,1.0000,1.0000,0.9800,1.0000,470,0
D,2014-03-31,1.0100,1.0100,0.9950,1.0100,730,0
D,2014-03-28,1.0100,1.0200,1.0000,1.0200,1101,0
D,2014-03-27,1.0300,1.0300,1.0000,1.0200,1710,0
D,2014-03-26,0.9900,1.0200,0.9900,1.0100,2260,0
D,2014-03-25,0.9850,0.9950,0.9850,0.9950,1208,0
D,2014-03-24,0.9700,1.0000,0.9650,0.9850,2587,0
D,2014-03-21,0.9600,0.9600,0.9600,0.9600,50,0
D,2014-03-20,0.9700,0.9700,0.9550,0.9600,873,0
D,2014-03-19,0.9800,0.9850,0.9600,0.9700,1754,0
D,2014-03-18,0.9300,0.9750,0.9300,0.9750,7934,0
D,2014-03-17,0.9300,0.9300,0.9300,0.9300,36,0
D,2014-03-14,0.9000,0.9050,0.9000,0.9000,164,0
D,2014-03-13,0.9300,0.9300,0.9300,0.9300,10530,0
D,2014-03-12,0.9250,0.9250,0.9250,0.9250,50,0
D,2014-03-11,0.9000,0.9000,0.9000,0.9000,50,0
D,2014-03-10,0.9250,0.9250,0.8900,0.9250,469,0
D,2014-03-07,0.9000,0.9250,0.9000,0.9250,430,0
D,2014-03-06,0.8900,0.9500,0.8850,0.9500,101,0
D,2014-03-05,0.8950,0.8950,0.8950,0.8950,0,0
D,2014-03-04,0.8950,0.8950,0.8950,0.8950,150,0
D,2014-03-03,0.8900,0.9100,0.8800,0.8800,189,0
D,2014-02-28,0.8850,0.8850,0.8850,0.8850,0,0
D,2014-02-27,0.8850,0.8850,0.8850,0.8850,11,0
D,2014-02-26,0.8850,0.8850,0.8850,0.8850,20,0
D,2014-02-25,0.9000,0.9100,0.8750,0.9100,280,0
D,2014-02-24,0.9150,0.9200,0.9000,0.9100,1437,0
D,2014-02-21,0.9000,0.9200,0.9000,0.9200,1130,0
D,2014-02-20,0.9000,0.9100,0.9000,0.9000,473,0
D,2014-02-19,0.8700,0.9000,0.8700,0.8700,420,0
D,2014-02-18,0.8900,0.8900,0.8900,0.8900,0,0
D,2014-02-17,0.9000,0.9000,0.8700,0.8900,110,0
D,2014-02-14,0.8800,0.8800,0.8800,0.8800,40,0
D,2014-02-13,0.8600,0.9000,0.8600,0.8900,70,0
D,2014-02-12,0.9000,0.9000,0.9000,0.9000,50,0
D,2014-02-11,0.9000,0.9000,0.9000,0.9000,50,0
D,2014-02-10,0.9000,0.9000,0.9000,0.9000,150,0
D,2014-02-07,0.9000,0.9000,0.8900,0.8900,160,0
D,2014-02-06,0.8800,0.8800,0.8800,0.8800,0,0
D,2014-02-05,0.8800,0.8800,0.8800,0.8800,0,0
D,2014-02-04,0.8800,0.8800,0.8800,0.8800,0,0
D,2014-01-30,0.8800,0.8800,0.8800,0.8800,0,0
D,2014-01-29,0.8800,0.8800,0.8800,0.8800,50,0
D,2014-01-28,0.8700,0.8700,0.8700,0.8700,0,0
D,2014-01-27,0.8700,0.8700,0.8700,0.8700,0,0
D,2014-01-24,0.8900,0.8900,0.8700,0.8700,30,0
D,2014-01-23,0.8800,0.8800,0.8800,0.8800,40,0
D,2014-01-22,0.8500,0.8950,0.8500,0.8950,510,0
D,2014-01-21,0.8800,0.8800,0.8600,0.8600,150,0
D,2014-01-20,0.8400,0.9100,0.8400,0.8800,140,0
D,2014-01-16,0.9000,0.9100,0.9000,0.9000,200,0
D,2014-01-15,0.9000,0.9000,0.9000,0.9000,0,0
D,2014-01-13,0.9000,0.9000,0.9000,0.9000,30,0
D,2014-01-10,0.9300,0.9300,0.9300,0.9300,0,0
D,2014-01-09,0.9300,0.9300,0.9300,0.9300,50,0
D,2014-01-08,0.9000,0.9000,0.9000,0.9000,0,0
D,2014-01-07,0.8900,0.9000,0.8900,0.9000,390,0
D,2014-01-06,0.9000,0.9000,0.9000,0.9000,340,0
D,2014-01-03,0.9200,0.9200,0.9200,0.9200,10,0
D,2014-01-02,0.9000,0.9300,0.9000,0.9050,330,0
D,2013-12-31,0.9000,0.9000,0.9000,0.9000,50,0
D,2013-12-30,0.9000,0.9400,0.9000,0.9400,130,0
D,2013-12-27,0.9500,0.9500,0.9500,0.9500,0,0
D,2013-12-26,0.9000,0.9500,0.9000,0.9500,290,0
D,2013-12-24,0.9200,0.9200,0.9200,0.9200,0,0
D,2013-12-23,0.9200,0.9200,0.9200,0.9200,0,0
D,2013-12-20,0.9200,0.9250,0.9200,0.9200,150,0
D,2013-12-19,0.9000,0.9250,0.9000,0.9200,190,0
D,2013-12-18,0.9500,0.9500,0.9500,0.9500,0,0
D,2013-12-17,0.9500,0.9500,0.9500,0.9500,0,0
D,2013-12-16,0.9500,0.9500,0.9500,0.9500,0,0
D,2013-12-13,0.9500,0.9500,0.9500,0.9500,30,0
D,2013-12-12,0.9500,0.9600,0.9500,0.9600,220,0
D,2013-12-11,0.9500,0.9500,0.9500,0.9500,290,0
D,2013-12-10,0.9500,0.9500,0.9500,0.9500,0,0
D,2013-12-09,0.9750,0.9750,0.9500,0.9500,60,0
D,2013-12-06,0.9500,0.9500,0.9500,0.9500,210,0
D,2013-12-05,0.9750,0.9750,0.9750,0.9750,0,0
D,2013-12-04,0.9750,0.9750,0.9750,0.9750,0,0
D,2013-12-03,0.9800,0.9800,0.9750,0.9750,110,0
D,2013-12-02,0.9600,0.9600,0.9600,0.9600,0,0
D,2013-11-29,0.9600,0.9600,0.9600,0.9600,0,0
D,2013-11-28,0.9600,0.9600,0.9600,0.9600,0,0
D,2013-11-27,0.9600,0.9600,0.9600,0.9600,90,0
D,2013-11-26,1.0000,1.0000,1.0000,1.0000,0,0
D,2013-11-25,1.0000,1.0000,1.0000,1.0000,10000,0
D,2013-11-22,0.9500,0.9500,0.9500,0.9500,2000,0
D,2013-11-21,0.9550,0.9550,0.9550,0.9550,400,0
D,2013-11-20,0.9600,0.9600,0.9600,0.9600,0,0
D,2013-11-19,0.9600,0.9600,0.9600,0.9600,0,0
D,2013-11-18,0.9600,0.9600,0.9600,0.9600,97,0
D,2013-11-15,0.9700,0.9750,0.9500,0.9700,298,0
D,2013-11-14,0.9700,0.9700,0.9600,0.9600,340,0
D,2013-11-13,0.9700,0.9700,0.9700,0.9700,0,0
D,2013-11-12,0.9900,0.9900,0.9700,0.9700,440,0
D,2013-11-11,0.9700,0.9700,0.9700,0.9700,168,0
D,2013-11-08,0.9900,0.9900,0.9550,0.9600,201,0
D,2013-11-07,0.9800,0.9800,0.9800,0.9800,70,0
D,2013-11-06,0.9450,0.9650,0.9450,0.9650,140,0
D,2013-11-04,0.9500,0.9500,0.9500,0.9500,30,0
D,2013-11-01,0.9600,0.9600,0.9600,0.9600,0,0
D,2013-10-31,0.9600,0.9600,0.9600,0.9600,0,0
D,2013-10-30,0.9600,0.9600,0.9600,0.9600,0,0
D,2013-10-29,0.9500,0.9600,0.9500,0.9600,80,0
D,2013-10-28,0.9800,1.0000,0.9800,1.0000,300,0
D,2013-10-25,0.9750,0.9800,0.9750,0.9800,370,0
D,2013-10-24,0.9750,0.9750,0.9750,0.9750,0,0
D,2013-10-23,0.9600,0.9800,0.9600,0.9750,440,0
D,2013-10-22,0.9500,0.9500,0.9500,0.9500,110,0
D,2013-10-21,0.9600,0.9600,0.9500,0.9500,400,0
D,2013-10-18,0.9800,0.9800,0.9800,0.9800,300,0
D,2013-10-17,0.9800,0.9900,0.9800,0.9800,1190,0
D,2013-10-16,0.9500,0.9800,0.9500,0.9800,2349,0
D,2013-10-14,0.9500,0.9500,0.9500,0.9500,218,0
D,2013-10-11,0.9500,0.9500,0.9200,0.9500,190,0
D,2013-10-10,0.9300,0.9300,0.9300,0.9300,0,0
D,2013-10-09,0.9300,0.9500,0.9300,0.9300,85,0
D,2013-10-08,0.9300,0.9300,0.8950,0.9300,100,0
D,2013-10-07,0.9000,0.9000,0.9000,0.9000,0,0
D,2013-10-04,0.9000,0.9000,0.8900,0.9000,7070,0
D,2013-10-03,0.9200,0.9200,0.9100,0.9100,5074,0
D,2013-10-02,0.9000,0.9200,0.9000,0.9200,30,0
D,2013-10-01,0.9200,0.9200,0.9200,0.9200,140,0
D,2013-09-30,0.9300,0.9300,0.9200,0.9200,150,0
D,2013-09-27,0.9200,0.9200,0.9200,0.9200,50,0
D,2013-09-26,0.9200,0.9200,0.9200,0.9200,670,0
D,2013-09-25,0.9200,0.9200,0.9100,0.9200,320,0
D,2013-09-24,0.9200,0.9200,0.9100,0.9100,8000,0
D,2013-09-23,0.9500,0.9500,0.9500,0.9500,52,0
D,2013-09-20,0.9950,0.9950,0.9950,0.9950,30,0
D,2013-09-19,0.9500,0.9500,0.9450,0.9450,1490,0
D,2013-09-18,0.9000,0.9000,0.8900,0.8900,250,0
D,2013-09-17,0.8500,0.9000,0.8500,0.9000,770,0
D,2013-09-13,0.8500,0.8500,0.8500,0.8500,120,0
D,2013-09-12,0.9000,0.9000,0.9000,0.9000,0,0
D,2013-09-11,0.9000,0.9000,0.9000,0.9000,0,0
D,2013-09-10,0.9000,0.9000,0.9000,0.9000,0,0
D,2013-09-09,0.9000,0.9000,0.9000,0.9000,0,0
D,2013-09-06,0.9000,0.9000,0.9000,0.9000,0,0
D,2013-09-05,0.9000,0.9000,0.9000,0.9000,0,0
D,2013-09-04,0.9000,0.9000,0.9000,0.9000,0,0
D,2013-09-03,0.9000,0.9000,0.9000,0.9000,0,0
D,2013-09-02,0.9000,0.9000,0.9000,0.9000,0,0
D,2013-08-30,0.9300,0.9300,0.9000,0.9000,440,0
D,2013-08-29,0.9000,0.9300,0.9000,0.9300,743,0
D,2013-08-28,0.9000,0.9100,0.8900,0.8900,470,0
D,2013-08-27,1.0000,1.0000,0.9600,0.9600,643,0
D,2013-08-26,1.0600,1.0600,1.0000,1.0000,761,0
D,2013-08-23,1.0300,1.0500,1.0300,1.0500,650,0
D,2013-08-22,1.0200,1.0500,1.0200,1.0300,820,0
D,2013-08-21,1.0800,1.0900,1.0800,1.0900,490,0
D,2013-08-20,1.0800,1.0900,1.0800,1.0800,610,0
D,2013-08-19,1.0800,1.0800,1.0800,1.0800,1610,0
D,2013-08-16,1.0800,1.0800,1.0800,1.0800,1020,0
D,2013-08-15,1.0800,1.0800,1.0800,1.0800,100,0
D,2013-08-14,1.0800,1.0800,1.0500,1.0600,541,0
D,2013-08-13,1.0500,1.0500,1.0400,1.0400,392,0
D,2013-08-12,1.0500,1.0500,1.0500,1.0500,660,0
D,2013-08-07,1.0600,1.0600,1.0600,1.0600,20,0
D,2013-08-06,1.0700,1.0800,1.0600,1.0600,110,0
D,2013-08-05,1.0500,1.0800,1.0500,1.0800,405,0
D,2013-08-02,1.1000,1.1000,1.1000,1.1000,250,0
D,2013-08-01,1.0500,1.0500,1.0500,1.0500,20,0
D,2013-07-31,1.0300,1.0500,1.0300,1.0300,380,0
D,2013-07-30,1.1500,1.1500,1.0400,1.1100,1152,0
D,2013-07-29,1.1700,1.2000,1.1300,1.1300,2203,0
D,2013-07-26,1.0500,1.2000,1.0500,1.1900,4322,0
D,2013-07-25,1.0000,1.0500,1.0000,1.0300,1267,0
D,2013-07-24,0.9600,1.0200,0.9600,1.0000,1250,0
D,2013-07-23,0.8800,0.9800,0.8800,0.9800,752,0
D,2013-07-22,0.8200,0.8800,0.8200,0.8700,1225,0
D,2013-07-19,0.8450,0.8450,0.8250,0.8250,45,0
D,2013-07-18,0.8200,0.8450,0.8000,0.8450,468,0
D,2013-07-17,0.8000,0.8000,0.8000,0.8000,10,0
D,2013-07-16,0.7800,0.8150,0.7800,0.8150,798,0
D,2013-07-15,0.7300,0.7800,0.7300,0.7800,160,0
D,2013-07-12,0.7400,0.7600,0.7400,0.7600,510,0
D,2013-07-11,0.7450,0.7500,0.7400,0.7400,900,0
D,2013-07-10,0.7500,0.7500,0.7500,0.7500,0,0
D,2013-07-09,0.6800,0.7500,0.6800,0.7500,610,0
D,2013-07-08,0.7150,0.7200,0.7150,0.7200,136,0
D,2013-07-05,0.7150,0.7150,0.7050,0.7050,619,0
D,2013-07-04,0.7250,0.7250,0.7050,0.7050,1699,0
D,2013-07-03,0.7150,0.7300,0.7100,0.7150,1450,0
D,2013-07-02,0.7250,0.7300,0.7250,0.7250,1788,0
D,2013-07-01,0.7150,0.7350,0.7150,0.7350,744,0
D,2013-06-28,0.7350,0.7400,0.7300,0.7300,615,0
D,2013-06-27,0.7000,0.7400,0.7000,0.7300,1380,0
D,2013-06-26,0.7300,0.7500,0.7200,0.7300,870,0
D,2013-06-25,0.7150,0.7500,0.7100,0.7450,515,0
D,2013-06-24,0.6500,0.7150,0.6500,0.7150,562,0
D,2013-06-21,0.6300,0.6400,0.6300,0.6400,180,0
D,2013-06-20,0.6300,0.6300,0.6300,0.6300,270,0
D,2013-06-19,0.6050,0.6400,0.6050,0.6400,169,0
D,2013-06-18,0.6300,0.6300,0.6100,0.6150,290,0
D,2013-06-17,0.6300,0.6300,0.6100,0.6300,450,0
D,2013-06-14,0.5900,0.6200,0.5900,0.6200,380,0
D,2013-06-13,0.6050,0.6050,0.6000,0.6000,210,0
D,2013-06-12,0.5950,0.6000,0.5950,0.6000,230,0
D,2013-06-11,0.5850,0.5950,0.5800,0.5950,2291,0
D,2013-06-10,0.5800,0.5800,0.5750,0.5800,500,0
D,2013-06-07,0.5600,0.5900,0.5600,0.5700,309,0
D,2013-06-06,0.5650,0.5800,0.5650,0.5800,631,0
D,2013-06-05,0.5500,0.5650,0.5500,0.5500,250,0
D,2013-06-04,0.5300,0.5800,0.5300,0.5650,350,0
D,2013-06-03,0.5300,0.5300,0.5300,0.5300,0,0
D,2013-05-31,0.5000,0.5300,0.5000,0.5300,310,0
D,2013-05-30,0.5100,0.5300,0.5100,0.5150,415,0
D,2013-05-29,0.5200,0.5300,0.5150,0.5200,370,0
D,2013-05-28,0.5150,0.5150,0.5150,0.5150,340,0
D,2013-05-27,0.5000,0.5000,0.4950,0.5000,450,0
D,2013-05-23,0.5300,0.5350,0.5000,0.5000,999,0
D,2013-05-22,0.5300,0.5500,0.5300,0.5400,806,0
D,2013-05-21,0.5150,0.5250,0.5000,0.5250,990,0
D,2013-05-20,0.4800,0.4900,0.4800,0.4900,1210,0
D,2013-05-17,0.4450,0.4900,0.4450,0.4750,1676,0
D,2013-05-16,0.4250,0.4400,0.4250,0.4350,3090,0
D,2013-05-15,0.3950,0.4100,0.3950,0.4100,110,0
D,2013-05-14,0.4100,0.4100,0.4000,0.4100,520,0
D,2013-05-13,0.3900,0.4100,0.3900,0.4100,1410,0
D,2013-05-10,0.3800,0.3800,0.3800,0.3800,2050,0
D,2013-05-09,0.3550,0.3700,0.3550,0.3700,20,0
D,2013-05-08,0.3600,0.3700,0.3600,0.3700,34,0
D,2013-05-07,0.3650,0.3650,0.3600,0.3600,60,0
D,2013-05-06,0.3500,0.3500,0.3500,0.3500,30,0
D,2013-05-03,0.3450,0.3450,0.3400,0.3400,60,0
D,2013-05-02,0.3450,0.3450,0.3450,0.3450,0,0
D,2013-04-30,0.3450,0.3450,0.3450,0.3450,30,0
D,2013-04-29,0.3400,0.3500,0.3350,0.3350,2210,0
D,2013-04-26,0.3200,0.3300,0.3200,0.3300,3150,0
D,2013-04-25,0.3150,0.3150,0.3150,0.3150,1140,0
D,2013-04-24,0.3100,0.3100,0.3100,0.3100,4000,0
D,2013-04-23,0.3050,0.3050,0.3050,0.3050,0,0
D,2013-04-22,0.3050,0.3050,0.3050,0.3050,0,0
D,2013-04-19,0.3050,0.3050,0.3050,0.3050,10,0
D,2013-04-18,0.3100,0.3100,0.3050,0.3100,5689,0
D,2013-04-17,0.3150,0.3150,0.3150,0.3150,680,0
D,2013-04-16,0.3300,0.3450,0.3100,0.3150,850,0
D,2013-04-15,0.3100,0.3450,0.3000,0.3100,550,0
D,2013-04-12,0.3300,0.3300,0.3300,0.3300,20,0
D,2013-04-11,0.3200,0.3200,0.3200,0.3200,40,0
D,2013-04-10,0.3400,0.3450,0.3400,0.3450,5030,0
D,2013-04-09,0.3350,0.3350,0.3350,0.3350,0,0
D,2013-04-08,0.3350,0.3350,0.3350,0.3350,0,0
D,2013-04-05,0.3100,0.3350,0.3100,0.3350,30,0
D,2013-04-04,0.3350,0.3350,0.3350,0.3350,0,0
D,2013-04-03,0.3350,0.3350,0.3350,0.3350,0,0
D,2013-04-02,0.3350,0.3350,0.3350,0.3350,0,0
D,2013-04-01,0.3350,0.3350,0.3350,0.3350,0,0
D,2013-03-29,0.3350,0.3350,0.3350,0.3350,10,0
D,2013-03-28,0.3000,0.3400,0.3000,0.3300,60,0
D,2013-03-27,0.3100,0.3100,0.3100,0.3100,30,0
D,2013-03-26,0.3050,0.3050,0.3050,0.3050,0,0
D,2013-03-25,0.3050,0.3050,0.3050,0.3050,10,0
D,2013-03-22,0.3450,0.3450,0.3450,0.3450,0,0
D,2013-03-21,0.3450,0.3450,0.3100,0.3450,381,0
D,2013-03-20,0.3500,0.3500,0.3500,0.3500,0,0
D,2013-03-19,0.3500,0.3500,0.3500,0.3500,0,0
D,2013-03-18,0.3500,0.3500,0.3500,0.3500,0,0
D,2013-03-15,0.3200,0.3500,0.3200,0.3500,50,0
D,2013-03-14,0.3200,0.3200,0.3200,0.3200,0,0
D,2013-03-13,0.3200,0.3200,0.3200,0.3200,10,0
D,2013-03-12,0.3500,0.3500,0.3500,0.3500,0,0
D,2013-03-11,0.3500,0.3500,0.3500,0.3500,50,0
D,2013-03-08,0.3600,0.3600,0.3600,0.3600,0,0
D,2013-03-07,0.3600,0.3600,0.3600,0.3600,0,0
D,2013-03-06,0.3600,0.3600,0.3600,0.3600,5100,0
D,2013-03-05,0.3600,0.3600,0.3600,0.3600,0,0
D,2013-03-04,0.3600,0.3600,0.3600,0.3600,0,0
D,2013-03-01,0.3600,0.3600,0.3600,0.3600,0,0
D,2013-02-28,0.3600,0.3600,0.3600,0.3600,0,0
D,2013-02-27,0.3600,0.3600,0.3600,0.3600,0,0
D,2013-02-26,0.3600,0.3600,0.3600,0.3600,0,0
D,2013-02-25,0.3600,0.3600,0.3600,0.3600,0,0
D,2013-02-22,0.3600,0.3600,0.3600,0.3600,0,0
D,2013-02-21,0.3600,0.3600,0.3600,0.3600,0,0
D,2013-02-20,0.3600,0.3600,0.3600,0.3600,0,0
D,2013-02-19,0.3600,0.3600,0.3600,0.3600,0,0
D,2013-02-18,0.3600,0.3600,0.3600,0.3600,0,0
D,2013-02-15,0.3100,0.3700,0.3100,0.3600,40,0
D,2013-02-14,0.3600,0.3600,0.3600,0.3600,0,0
D,2013-02-13,0.3500,0.3600,0.3500,0.3600,40,0
D,2013-02-08,0.3700,0.3700,0.3500,0.3500,20,0
D,2013-02-07,0.3300,0.3300,0.3300,0.3300,0,0
D,2013-02-06,0.3300,0.3300,0.3300,0.3300,20,0
D,2013-02-05,0.3300,0.3300,0.3300,0.3300,150,0
D,2013-02-04,0.3600,0.3600,0.3600,0.3600,0,0
D,2013-01-31,0.3600,0.3600,0.3600,0.3600,20,0
D,2013-01-30,0.3350,0.3350,0.3350,0.3350,0,0
D,2013-01-29,0.3400,0.3400,0.3350,0.3350,380,0
D,2013-01-25,0.3300,0.3300,0.3300,0.3300,0,0
D,2013-01-23,0.3500,0.3500,0.3300,0.3300,5570,0
D,2013-01-22,0.3500,0.3500,0.3500,0.3500,0,0
D,2013-01-21,0.3500,0.3500,0.3500,0.3500,0,0
D,2013-01-18,0.3500,0.3500,0.3500,0.3500,80,0
D,2013-01-17,0.3600,0.3600,0.3600,0.3600,0,0
D,2013-01-16,0.3700,0.3700,0.3600,0.3600,160,0
D,2013-01-15,0.3700,0.3750,0.3650,0.3650,380,0
D,2013-01-14,0.3600,0.3600,0.3600,0.3600,7000,0
D,2013-01-11,0.3700,0.3700,0.3700,0.3700,210,0
D,2013-01-10,0.3800,0.3800,0.3800,0.3800,0,0
D,2013-01-09,0.3800,0.3800,0.3800,0.3800,10,0
D,2013-01-08,0.3750,0.3800,0.3750,0.3800,700,0
D,2013-01-07,0.3800,0.3800,0.3800,0.3800,180,0
D,2013-01-04,0.3800,0.3800,0.3800,0.3800,0,0
D,2013-01-03,0.3800,0.3800,0.3800,0.3800,0,0
D,2013-01-02,0.3800,0.3800,0.3800,0.3800,0,0
D,2012-12-31,0.3600,0.3800,0.3550,0.3800,3150,0
D,2012-12-28,0.3700,0.3700,0.3700,0.3700,0,0
D,2012-12-27,0.3700,0.3700,0.3700,0.3700,0,0
D,2012-12-26,0.3750,0.3950,0.3700,0.3700,190,0
D,2012-12-24,0.3500,0.3500,0.3500,0.3500,270,0
D,2012-12-21,0.3750,0.3850,0.3500,0.3600,3560,0
D,2012-12-20,0.3500,0.3700,0.3500,0.3700,100,0
D,2012-12-19,0.3450,0.3800,0.3450,0.3800,310,0
D,2012-12-18,0.3850,0.3900,0.3850,0.3900,3000,0
D,2012-12-17,0.3900,0.3950,0.3900,0.3950,2000,0
D,2012-12-14,0.3850,0.3850,0.3850,0.3850,0,0
D,2012-12-13,0.3800,0.3850,0.3800,0.3850,100,0
D,2012-12-12,0.3850,0.3850,0.3850,0.3850,0,0
D,2012-12-11,0.3850,0.3850,0.3850,0.3850,0,0
D,2012-12-10,0.3850,0.3850,0.3850,0.3850,0,0
D,2012-12-07,0.3850,0.3850,0.3850,0.3850,0,0
D,2012-12-06,0.3850,0.3850,0.3850,0.3850,0,0
D,2012-12-05,0.3750,0.3850,0.3750,0.3850,20,0
D,2012-12-04,0.3800,0.3800,0.3800,0.3800,0,0
D,2012-12-03,0.3800,0.3800,0.3800,0.3800,0,0
D,2012-11-30,0.3800,0.3800,0.3800,0.3800,0,0
D,2012-11-29,0.3800,0.3800,0.3800,0.3800,0,0
D,2012-11-28,0.3800,0.3800,0.3800,0.3800,0,0
D,2012-11-27,0.3800,0.3800,0.3800,0.3800,0,0
D,2012-11-26,0.3800,0.3800,0.3800,0.3800,120,0
D,2012-11-23,0.3600,0.3800,0.3600,0.3800,159,0
D,2012-11-22,0.3850,0.3850,0.3850,0.3850,0,0
D,2012-11-21,0.3600,0.3900,0.3600,0.3850,101,0
D,2012-11-20,0.3800,0.3800,0.3750,0.3800,105,0
D,2012-11-19,0.3700,0.3750,0.3700,0.3750,130,0
D,2012-11-16,0.3600,0.3600,0.3600,0.3600,15,0
D,2012-11-14,0.3550,0.3600,0.3550,0.3600,325,0
D,2012-11-12,0.3550,0.3600,0.3550,0.3550,610,0
D,2012-11-09,0.3550,0.3550,0.3550,0.3550,50,0
D,2012-11-08,0.3550,0.3600,0.3550,0.3600,160,0
D,2012-11-07,0.3550,0.3600,0.3550,0.3550,50,0
D,2012-11-06,0.3550,0.3550,0.3550,0.3550,1000,0
D,2012-11-05,0.3600,0.3600,0.3500,0.3500,155,0
D,2012-11-02,0.3300,0.3300,0.3300,0.3300,30,0
D,2012-11-01,0.3450,0.3450,0.3450,0.3450,0,0
D,2012-10-31,0.3450,0.3450,0.3450,0.3450,1142,0
D,2012-10-30,0.3450,0.3450,0.3450,0.3450,0,0
D,2012-10-29,0.3450,0.3450,0.3450,0.3450,0,0
D,2012-10-25,0.3600,0.3600,0.3450,0.3450,358,0
D,2012-10-24,0.3500,0.3500,0.3500,0.3500,0,0
D,2012-10-23,0.3500,0.3500,0.3500,0.3500,11,0
D,2012-10-22,0.3500,0.3500,0.3450,0.3450,416,0
D,2012-10-19,0.3500,0.3500,0.3500,0.3500,50,0
D,2012-10-18,0.3500,0.3500,0.3450,0.3500,3800,0
D,2012-10-17,0.3500,0.3500,0.3450,0.3500,6700,0
D,2012-10-16,0.3500,0.3500,0.3450,0.3500,6200,0
D,2012-10-15,0.3500,0.3500,0.3400,0.3500,8111,0
D,2012-10-12,0.3400,0.3400,0.3300,0.3300,180,0
D,2012-10-11,0.3600,0.3600,0.3600,0.3600,9,0
D,2012-10-10,0.3600,0.3600,0.3550,0.3600,2786,0
D,2012-10-09,0.3500,0.3550,0.3450,0.3450,1700,0
D,2012-10-08,0.3600,0.3600,0.3550,0.3550,2090,0
D,2012-10-05,0.3500,0.3500,0.3500,0.3500,0,0
D,2012-10-04,0.3500,0.3500,0.3500,0.3500,1100,0
D,2012-10-03,0.3500,0.3500,0.3500,0.3500,1500,0
D,2012-05-03,0.2500,0.2500,0.2500,0.2500,110,0
D,2012-05-02,0.2550,0.2550,0.2550,0.2550,0,0
