D,2014-10-14,1.4300,1.4300,1.3800,1.3900,1105,0
D,2014-10-13,1.4400,1.4500,1.4400,1.4400,661,0
D,2014-10-10,1.4500,1.4500,1.4400,1.4400,436,0
D,2014-10-09,1.4900,1.4900,1.4700,1.4700,838,0
D,2014-10-08,1.4900,1.4900,1.4500,1.4500,70,0
D,2014-10-07,1.5200,1.5200,1.5000,1.5000,969,0
D,2014-10-03,1.5200,1.5200,1.5200,1.5200,147,0
D,2014-10-02,1.5400,1.5400,1.5400,1.5400,153,0
D,2014-10-01,1.5500,1.5500,1.5500,1.5500,0,0
D,2014-09-30,1.5500,1.5500,1.5500,1.5500,150,0
D,2014-09-29,1.5500,1.5600,1.5500,1.5600,551,0
D,2014-09-26,1.5400,1.5600,1.5400,1.5400,649,0
D,2014-09-25,1.5600,1.5600,1.5600,1.5600,450,0
D,2014-09-24,1.5700,1.5900,1.5700,1.5700,720,0
D,2014-09-23,1.5500,1.5500,1.5500,1.5500,50,0
D,2014-09-22,1.5200,1.5800,1.5200,1.5800,1499,0
D,2014-09-19,1.5100,1.5300,1.5100,1.5300,138,0
D,2014-09-18,1.5200,1.5200,1.5100,1.5100,100,0
D,2014-09-17,1.5000,1.5000,1.5000,1.5000,400,0
D,2014-09-15,1.5100,1.5100,1.4900,1.5000,406,0
D,2014-09-12,1.4900,1.5000,1.4900,1.5000,350,0
D,2014-09-11,1.5000,1.5000,1.5000,1.5000,80,0
D,2014-09-10,1.4900,1.5000,1.4900,1.4900,110,0
D,2014-09-09,1.5000,1.5000,1.4900,1.5000,320,0
D,2014-09-08,1.5000,1.5000,1.5000,1.5000,207,0
D,2014-09-05,1.5100,1.5200,1.5100,1.5100,228,0
D,2014-09-04,1.5000,1.5200,1.5000,1.5200,450,0
D,2014-09-03,1.5000,1.5000,1.4700,1.4900,1781,0
D,2014-09-02,1.6200,1.6200,1.5000,1.5000,4805,0
D,2014-08-29,1.6700,1.6900,1.6700,1.6800,610,0
D,2014-08-28,1.6700,1.6700,1.6700,1.6700,485,0
D,2014-08-27,1.6800,1.6900,1.6800,1.6800,118,0
D,2014-08-26,1.6800,1.6900,1.6800,1.6800,595,0
D,2014-08-25,1.6800,1.6800,1.6700,1.6700,100,0
D,2014-08-22,1.7000,1.7000,1.6700,1.6800,738,0
D,2014-08-21,1.7200,1.7200,1.7000,1.7000,242,0
D,2014-08-20,1.7100,1.7200,1.7000,1.7000,718,0
D,2014-08-19,1.7400,1.7400,1.7100,1.7200,1242,0
D,2014-08-18,1.6800,1.7800,1.6800,1.7400,3327,0
D,2014-08-15,1.6900,1.6900,1.6700,1.6900,165,0
D,2014-08-14,1.6700,1.6900,1.6700,1.6900,1006,0
D,2014-08-13,1.6800,1.6900,1.6600,1.6600,957,0
D,2014-08-12,1.6600,1.6900,1.6600,1.6800,568,0
D,2014-08-11,1.6500,1.6700,1.6500,1.6600,920,0
D,2014-08-08,1.6500,1.6500,1.6300,1.6300,1299,0
D,2014-08-07,1.6500,1.6500,1.6500,1.6500,2101,0
D,2014-08-06,1.6500,1.6500,1.6400,1.6400,194,0
D,2014-08-05,1.6600,1.6600,1.6400,1.6500,419,0
D,2014-08-04,1.6200,1.6600,1.6200,1.6600,444,0
D,2014-08-01,1.6400,1.6500,1.6200,1.6200,642,0
D,2014-07-31,1.6700,1.6700,1.6400,1.6400,759,0
D,2014-07-30,1.6500,1.6700,1.6500,1.6700,406,0
D,2014-07-25,1.6500,1.6500,1.6400,1.6400,475,0
D,2014-07-24,1.6600,1.6700,1.6500,1.6500,5080,0
D,2014-07-23,1.6200,1.6500,1.6200,1.6400,760,0
D,2014-07-22,1.6300,1.6300,1.6200,1.6200,1102,0
D,2014-07-21,1.6400,1.6400,1.6300,1.6400,571,0
D,2014-07-18,1.6300,1.6300,1.6100,1.6300,540,0
D,2014-07-17,1.6500,1.6600,1.6500,1.6500,610,0
D,2014-07-16,1.6700,1.6700,1.6300,1.6500,1575,0
D,2014-07-14,1.7000,1.7000,1.6800,1.7000,1214,0
D,2014-07-11,1.7000,1.7000,1.6900,1.7000,1432,0
D,2014-07-10,1.7000,1.7300,1.7000,1.7000,5852,0
D,2014-07-09,1.7000,1.7000,1.6900,1.6900,1086,0
D,2014-07-08,1.7000,1.7000,1.6800,1.6800,2099,0
D,2014-07-07,1.6900,1.7000,1.6900,1.7000,734,0
D,2014-07-04,1.6700,1.7200,1.6700,1.7000,2091,0
D,2014-07-03,1.6800,1.6800,1.6700,1.6800,488,0
D,2014-07-02,1.6800,1.6900,1.6800,1.6800,1132,0
D,2014-07-01,1.7000,1.7000,1.6800,1.6900,1101,0
D,2014-06-30,1.7100,1.7100,1.7000,1.7000,664,0
D,2014-06-27,1.7000,1.7200,1.6900,1.7000,1983,0
D,2014-06-26,1.7000,1.7200,1.6800,1.7000,3704,0
D,2014-06-25,1.6600,1.7400,1.6600,1.6800,2134,0
D,2014-06-24,1.6400,1.6600,1.6400,1.6400,354,0
D,2014-06-23,1.6300,1.6400,1.6300,1.6300,2979,0
D,2014-06-20,1.6400,1.6600,1.6300,1.6300,1920,0
D,2014-06-19,1.6500,1.6700,1.6300,1.6600,1148,0
D,2014-06-18,1.6300,1.6500,1.6300,1.6400,735,0
D,2014-06-17,1.6300,1.6300,1.6200,1.6300,1156,0
D,2014-06-16,1.6300,1.6400,1.6100,1.6300,1478,0
D,2014-06-13,1.6600,1.7000,1.6200,1.6200,8153,0
D,2014-06-12,1.6900,1.6900,1.6500,1.6800,655,0
D,2014-06-11,1.6800,1.6900,1.6500,1.6900,1047,0
D,2014-06-10,1.6600,1.6800,1.6500,1.6700,96,0
D,2014-06-09,1.6700,1.6800,1.6500,1.6500,190,0
D,2014-06-06,1.6600,1.6900,1.6600,1.6900,20,0
D,2014-06-05,1.7000,1.7000,1.7000,1.7000,10,0
D,2014-06-04,1.6700,1.7000,1.6700,1.6700,2640,0
D,2014-06-03,1.6400,1.6500,1.6300,1.6500,311,0
D,2014-06-02,1.6600,1.6700,1.6200,1.6500,462,0
D,2014-05-30,1.6600,1.6700,1.6300,1.6600,2221,0
D,2014-05-29,1.6300,1.6400,1.6200,1.6200,614,0
D,2014-05-28,1.6500,1.6700,1.6300,1.6500,1219,0
D,2014-05-27,1.7300,1.7300,1.6300,1.6700,1542,0
D,2014-05-26,1.7000,1.7500,1.6900,1.7300,857,0
D,2014-05-23,1.7500,1.7500,1.6900,1.6900,2622,0
D,2014-05-22,1.6700,1.7900,1.6500,1.7900,2816,0
D,2014-05-21,1.6800,1.7000,1.6600,1.7000,1161,0
D,2014-05-20,1.6700,1.7000,1.6500,1.7000,869,0
D,2014-05-19,1.7400,1.7400,1.6300,1.7000,1585,0
D,2014-05-16,1.6800,1.7500,1.6700,1.7200,10452,0
D,2014-05-15,1.7000,1.7000,1.6000,1.6800,1079,0
D,2014-05-14,1.5800,1.8500,1.5600,1.6600,5744,0
D,2014-05-12,1.5000,1.5900,1.5000,1.5900,2253,0
D,2014-05-09,1.5400,1.5500,1.5400,1.5500,11,0
D,2014-05-08,1.5100,1.5500,1.5000,1.5200,392,0
D,2014-05-07,1.4600,1.4800,1.4500,1.4800,623,0
D,2014-05-06,1.4800,1.4900,1.4700,1.4700,424,0
D,2014-05-05,1.5000,1.5000,1.4500,1.4900,393,0
D,2014-05-02,1.5300,1.5300,1.4900,1.5000,343,0
D,2014-04-30,1.5300,1.5300,1.5100,1.5300,193,0
D,2014-04-29,1.4900,1.5500,1.4500,1.5500,738,0
D,2014-04-28,1.5500,1.5500,1.5200,1.5400,671,0
D,2014-04-25,1.5400,1.5600,1.5200,1.5500,1041,0
D,2014-04-24,1.5500,1.5500,1.5000,1.5500,911,0
D,2014-04-23,1.5100,1.5500,1.4700,1.5500,4099,0
D,2014-04-22,1.4600,1.4900,1.4600,1.4900,245,0
D,2014-04-21,1.5300,1.5300,1.4500,1.5000,1048,0
D,2014-04-18,1.4900,1.4900,1.4500,1.4600,708,0
D,2014-04-17,1.5000,1.5100,1.4800,1.4800,626,0
D,2014-04-16,1.5200,1.5200,1.4600,1.5200,722,0
D,2014-04-15,1.5200,1.5300,1.4800,1.4900,753,0
D,2014-04-14,1.4600,1.5200,1.4500,1.5200,2644,0
D,2014-04-11,1.4700,1.4700,1.4300,1.4300,818,0
D,2014-04-10,1.4800,1.4900,1.4500,1.4900,453,0
D,2014-04-09,1.4700,1.4800,1.4300,1.4700,247,0
D,2014-04-08,1.4200,1.4500,1.4200,1.4200,350,0
D,2014-04-07,1.4800,1.4800,1.4300,1.4700,73,0
D,2014-04-04,1.4800,1.4800,1.4300,1.4600,675,0
D,2014-04-03,1.4400,1.5000,1.4200,1.4600,1113,0
D,2014-04-02,1.4400,1.4500,1.4000,1.4100,361,0
D,2014-04-01,1.4200,1.4200,1.4200,1.4200,40,0
D,2014-03-31,1.4200,1.4500,1.4000,1.4100,1276,0
D,2014-03-28,1.4100,1.4100,1.4000,1.4100,465,0
D,2014-03-27,1.3700,1.4200,1.3700,1.4200,359,0
D,2014-03-26,1.3900,1.3900,1.3800,1.3800,167,0
D,2014-03-25,1.3800,1.4100,1.3600,1.3800,1059,0
D,2014-03-24,1.4000,1.4200,1.3500,1.4200,438,0
D,2014-03-21,1.4400,1.4400,1.3900,1.4100,342,0
D,2014-03-20,1.4400,1.4500,1.4200,1.4300,151,0
D,2014-03-19,1.4200,1.4500,1.3900,1.4000,1625,0
D,2014-03-18,1.4300,1.4500,1.4300,1.4500,725,0
D,2014-03-17,1.4300,1.4500,1.3900,1.4300,821,0
D,2014-03-14,1.4000,1.4200,1.3800,1.4200,172,0
D,2014-03-13,1.4200,1.4500,1.3800,1.4200,1101,0
D,2014-03-12,1.3800,1.4500,1.3800,1.4000,727,0
D,2014-03-11,1.3500,1.4500,1.3300,1.4400,1398,0
D,2014-03-10,1.3700,1.3700,1.3500,1.3700,183,0
D,2014-03-07,1.3800,1.3800,1.3800,1.3800,0,0
D,2014-03-06,1.3800,1.3800,1.3800,1.3800,0,0
D,2014-03-05,1.3300,1.3800,1.3300,1.3800,541,0
D,2014-03-04,1.3600,1.3700,1.3100,1.3600,112,0
D,2014-03-03,1.3300,1.3300,1.3200,1.3200,264,0
D,2014-02-28,1.3500,1.3500,1.3400,1.3500,333,0
D,2014-02-27,1.3800,1.3800,1.3500,1.3700,876,0
D,2014-02-26,1.3700,1.3800,1.3500,1.3600,656,0
D,2014-02-25,1.3500,1.3800,1.3500,1.3700,709,0
D,2014-02-24,1.3400,1.3500,1.3400,1.3500,130,0
D,2014-02-21,1.3500,1.3500,1.3400,1.3500,971,0
D,2014-02-20,1.3300,1.3500,1.3200,1.3500,98,0
D,2014-02-19,1.3200,1.3500,1.3100,1.3200,270,0
D,2014-02-18,1.3500,1.3500,1.3100,1.3200,400,0
D,2014-02-17,1.3600,1.3600,1.3600,1.3600,0,0
D,2014-02-14,1.3400,1.3600,1.3100,1.3600,193,0
D,2014-02-13,1.3200,1.3500,1.3100,1.3500,221,0
D,2014-02-12,1.3300,1.3700,1.3300,1.3500,99,0
D,2014-02-11,1.3500,1.3500,1.3000,1.3000,472,0
D,2014-02-10,1.3200,1.3400,1.3100,1.3400,180,0
D,2014-02-07,1.3700,1.3800,1.3000,1.3500,216,0
D,2014-02-06,1.3500,1.3600,1.3500,1.3600,20,0
D,2014-02-05,1.3100,1.3300,1.3100,1.3300,160,0
D,2014-02-04,1.3800,1.3800,1.3800,1.3800,0,0
D,2014-01-30,1.2800,1.3800,1.2600,1.3800,201,0
D,2014-01-29,1.2900,1.2900,1.2800,1.2800,492,0
D,2014-01-28,1.2800,1.2800,1.2800,1.2800,250,0
D,2014-01-27,1.2800,1.2900,1.2500,1.2900,1009,0
D,2014-01-24,1.3000,1.3000,1.2800,1.2900,786,0
D,2014-01-23,1.2900,1.3000,1.2900,1.3000,100,0
D,2014-01-22,1.2900,1.2900,1.2700,1.2900,1236,0
D,2014-01-21,1.3000,1.3300,1.2900,1.2900,737,0
D,2014-01-20,1.3100,1.3400,1.3000,1.3400,346,0
D,2014-01-16,1.3100,1.3100,1.3100,1.3100,0,0
D,2014-01-15,1.3100,1.3400,1.3100,1.3100,724,0
D,2014-01-13,1.3400,1.3500,1.3200,1.3300,1172,0
D,2014-01-10,1.3100,1.3300,1.3100,1.3300,200,0
D,2014-01-09,1.3200,1.3300,1.3200,1.3300,89,0
D,2014-01-08,1.3000,1.3400,1.2800,1.3400,78,0
D,2014-01-07,1.3000,1.3300,1.2900,1.3300,191,0
D,2014-01-06,1.3100,1.3100,1.3000,1.3000,310,0
D,2014-01-03,1.2900,1.3000,1.2900,1.3000,450,0
D,2014-01-02,1.3000,1.3000,1.2900,1.2900,391,0
D,2013-12-31,1.2900,1.3400,1.2900,1.3400,520,0
D,2013-12-30,1.2800,1.2800,1.2800,1.2800,10,0
D,2013-12-27,1.2800,1.3000,1.2800,1.3000,100,0
D,2013-12-26,1.3100,1.3100,1.2600,1.3000,1159,0
D,2013-12-24,1.2900,1.3100,1.2900,1.3000,400,0
D,2013-12-23,1.3100,1.3200,1.3000,1.3200,60,0
D,2013-12-20,1.3300,1.3700,1.3100,1.3100,220,0
D,2013-12-19,1.3100,1.3900,1.3000,1.3000,317,0
D,2013-12-18,1.3100,1.3300,1.3100,1.3100,110,0
D,2013-12-17,1.3300,1.3700,1.3100,1.3100,241,0
D,2013-12-16,1.3700,1.3700,1.3700,1.3700,5,0
D,2013-12-13,1.3400,1.3500,1.3100,1.3500,224,0
D,2013-12-12,1.3200,1.3500,1.2900,1.3500,242,0
D,2013-12-11,1.3300,1.3300,1.3000,1.3200,34,0
D,2013-12-10,1.3500,1.3500,1.3300,1.3300,350,0
D,2013-12-09,1.3200,1.3400,1.3200,1.3300,510,0
D,2013-12-06,1.3000,1.4900,1.3000,1.4900,482,0
D,2013-12-05,1.2900,1.3000,1.2800,1.3000,291,0
D,2013-12-04,1.3400,1.3400,1.2700,1.2900,180,0
D,2013-12-03,1.3400,1.3400,1.3400,1.3400,5,0
D,2013-12-02,1.3500,1.3500,1.3500,1.3500,0,0
D,2013-11-29,1.3000,1.3600,1.2900,1.3500,403,0
D,2013-11-28,1.2900,1.3600,1.2900,1.3600,271,0
D,2013-11-27,1.2900,1.3600,1.2800,1.3600,362,0
D,2013-11-26,1.2800,1.2900,1.2800,1.2900,117,0
D,2013-11-25,1.2700,1.2800,1.2700,1.2800,105,0
D,2013-11-22,1.2800,1.2800,1.2600,1.2600,483,0
D,2013-11-21,1.2900,1.2900,1.2900,1.2900,50,0
D,2013-11-20,1.2900,1.3200,1.2900,1.3000,370,0
D,2013-11-19,1.3000,1.3000,1.2900,1.2900,599,0
D,2013-11-18,1.3100,1.3200,1.2900,1.3000,212,0
D,2013-11-15,1.3000,1.3000,1.3000,1.3000,80,0
D,2013-11-14,1.3500,1.3500,1.3100,1.3400,480,0
D,2013-11-13,1.3200,1.3600,1.3200,1.3500,2545,0
D,2013-11-12,1.2700,1.3000,1.2700,1.3000,270,0
D,2013-11-11,1.2800,1.3000,1.2800,1.3000,350,0
D,2013-11-08,1.2600,1.2800,1.2600,1.2800,137,0
D,2013-11-07,1.2600,1.2800,1.2600,1.2800,121,0
D,2013-11-06,1.2600,1.2800,1.2600,1.2800,52,0
D,2013-11-04,1.3000,1.3000,1.2800,1.2800,235,0
D,2013-11-01,1.2700,1.3000,1.2700,1.3000,60,0
D,2013-10-31,1.2600,1.3000,1.2600,1.3000,21,0
D,2013-10-30,1.2600,1.3000,1.2600,1.3000,361,0
D,2013-10-29,1.2600,1.3000,1.2600,1.3000,110,0
D,2013-10-28,1.2600,1.3000,1.2600,1.3000,349,0
D,2013-10-25,1.2600,1.2800,1.2600,1.2800,210,0
D,2013-10-24,1.2600,1.2700,1.2500,1.2500,445,0
D,2013-10-23,1.2800,1.2800,1.2600,1.2600,270,0
D,2013-10-22,1.2500,1.2800,1.2300,1.2800,657,0
D,2013-10-21,1.2800,1.2800,1.2800,1.2800,10,0
D,2013-10-18,1.2700,1.2700,1.2300,1.2300,22,0
D,2013-10-17,1.2300,1.2300,1.2300,1.2300,43,0
D,2013-10-16,1.2400,1.2400,1.2300,1.2400,500,0
D,2013-10-14,1.2400,1.2600,1.2300,1.2400,402,0
D,2013-10-11,1.2500,1.2500,1.2400,1.2500,912,0
D,2013-10-10,1.2600,1.2600,1.2500,1.2500,300,0
D,2013-10-09,1.3000,1.3000,1.2400,1.3000,75,0
D,2013-10-08,1.2300,1.2800,1.2300,1.2800,190,0
D,2013-10-07,1.2500,1.2500,1.2500,1.2500,0,0
D,2013-10-04,1.2900,1.2900,1.2500,1.2500,70,0
D,2013-10-03,1.2400,1.2400,1.2400,1.2400,0,0
D,2013-10-02,1.2200,1.2400,1.2200,1.2400,100,0
D,2013-10-01,1.2700,1.2700,1.2200,1.2300,621,0
D,2013-09-30,1.2600,1.2600,1.2600,1.2600,40,0
D,2013-09-27,1.2800,1.2800,1.2800,1.2800,0,0
D,2013-09-26,1.2700,1.2900,1.2700,1.2800,200,0
D,2013-09-25,1.2700,1.3100,1.2700,1.2900,923,0
D,2013-09-24,1.3000,1.3200,1.3000,1.3200,40,0
D,2013-09-23,1.3200,1.3200,1.3000,1.3000,291,0
D,2013-09-20,1.2900,1.3300,1.2800,1.3300,698,0
D,2013-09-19,1.3100,1.3300,1.3100,1.3100,450,0
D,2013-09-18,1.3000,1.3200,1.3000,1.3100,231,0
D,2013-09-17,1.3000,1.3100,1.2600,1.3000,230,0
D,2013-09-13,1.2900,1.3200,1.2900,1.3200,206,0
D,2013-09-12,1.2900,1.3200,1.2900,1.3200,291,0
D,2013-09-11,1.2800,1.3200,1.2500,1.3200,676,0
D,2013-09-10,1.2000,1.2800,1.2000,1.2600,327,0
D,2013-09-09,1.2100,1.2200,1.2000,1.2200,500,0
D,2013-09-06,1.2700,1.2800,1.2000,1.2800,260,0
D,2013-09-05,1.1700,1.3300,1.1700,1.3300,842,0
D,2013-09-04,1.1700,1.1700,1.1300,1.1700,89,0
D,2013-09-03,1.1900,1.1900,1.1900,1.1900,10,0
D,2013-09-02,1.1600,1.1900,1.1500,1.1900,556,0
D,2013-08-30,1.1700,1.1900,1.1700,1.1900,110,0
D,2013-08-29,1.1800,1.1900,1.1600,1.1900,388,0
D,2013-08-28,1.1700,1.1900,1.1500,1.1600,1062,0
D,2013-08-27,1.2400,1.2400,1.1500,1.1700,2260,0
D,2013-08-26,1.2700,1.2700,1.2400,1.2400,894,0
D,2013-08-23,1.3000,1.3000,1.2700,1.2700,722,0
D,2013-08-22,1.3500,1.3500,1.2800,1.2900,1791,0
D,2013-08-21,1.3600,1.3600,1.3500,1.3600,871,0
D,2013-08-20,1.3800,1.3800,1.3600,1.3800,887,0
D,2013-08-19,1.3900,1.3900,1.3800,1.3800,239,0
D,2013-08-16,1.3800,1.4200,1.3800,1.4000,961,0
D,2013-08-15,1.4000,1.4000,1.3900,1.4000,1131,0
D,2013-08-14,1.4000,1.4300,1.4000,1.4100,517,0
D,2013-08-13,1.4000,1.4000,1.3900,1.4000,270,0
D,2013-08-12,1.3900,1.4300,1.3900,1.4300,885,0
D,2013-08-07,1.3900,1.3900,1.3900,1.3900,550,0
D,2013-08-06,1.3600,1.3900,1.3500,1.3900,544,0
D,2013-08-05,1.3900,1.4000,1.3500,1.3500,180,0
D,2013-08-02,1.3700,1.3700,1.3700,1.3700,40,0
D,2013-08-01,1.3300,1.4300,1.3300,1.4300,1161,0
D,2013-07-31,1.3600,1.3600,1.3300,1.3300,1142,0
D,2013-07-30,1.3900,1.4000,1.3700,1.3700,1406,0
D,2013-07-29,1.4000,1.4000,1.3800,1.3900,460,0
D,2013-07-26,1.4100,1.4100,1.3900,1.4000,1170,0
D,2013-07-25,1.4300,1.4300,1.4000,1.4300,1990,0
D,2013-07-24,1.4100,1.4500,1.4100,1.4200,4328,0
D,2013-07-23,1.4100,1.4100,1.3800,1.4000,2390,0
D,2013-07-22,1.4100,1.4200,1.3700,1.4100,2317,0
D,2013-07-19,1.4300,1.4500,1.3900,1.4100,2037,0
D,2013-07-18,1.3900,1.4100,1.3900,1.4000,1646,0
D,2013-07-17,1.3900,1.4200,1.3900,1.3900,5545,0
D,2013-07-16,1.3700,1.3900,1.3600,1.3900,2413,0
D,2013-07-15,1.4700,1.4700,1.4300,1.4300,2853,0
D,2013-07-12,1.4800,1.5000,1.4100,1.4800,8173,0
D,2013-07-11,1.4800,1.5000,1.4200,1.4900,4028,0
D,2013-07-10,1.4600,1.4700,1.4300,1.4700,1625,0
D,2013-07-09,1.4100,1.5500,1.4100,1.5000,8627,0
D,2013-07-08,1.4000,1.4300,1.3800,1.4200,1163,0
D,2013-07-05,1.4100,1.5000,1.3500,1.4100,7616,0
D,2013-07-04,1.3400,1.4500,1.3300,1.4200,4125,0
D,2013-07-03,1.3300,1.3800,1.3100,1.3400,3165,0
D,2013-07-02,1.2800,1.3700,1.2800,1.3400,5640,0
D,2013-07-01,1.2800,1.2900,1.2600,1.2900,490,0
D,2013-06-28,1.2600,1.2900,1.2500,1.2900,1194,0
D,2013-06-27,1.2400,1.2500,1.2400,1.2500,1076,0
D,2013-06-26,1.2500,1.2500,1.2300,1.2400,1234,0
D,2013-06-25,1.2800,1.2800,1.2200,1.2500,2540,0
D,2013-06-24,1.2800,1.3400,1.2400,1.2600,996,0
D,2013-06-21,1.2400,1.4500,1.2400,1.4500,2541,0
D,2013-06-20,1.2400,1.2400,1.2400,1.2400,400,0
D,2013-06-19,1.2400,1.2600,1.2400,1.2400,945,0
D,2013-06-18,1.2500,1.2600,1.2400,1.2400,608,0
D,2013-06-17,1.2500,1.2500,1.2400,1.2400,982,0
D,2013-06-14,1.2400,1.2500,1.2300,1.2300,1180,0
D,2013-06-13,1.2400,1.2500,1.2200,1.2200,1244,0
D,2013-06-12,1.2600,1.2600,1.2500,1.2500,400,0
D,2013-06-11,1.2700,1.2700,1.2500,1.2600,1103,0
D,2013-06-10,1.2500,1.2700,1.2500,1.2600,1762,0
D,2013-06-07,1.2400,1.2400,1.2400,1.2400,492,0
D,2013-06-06,1.2700,1.2700,1.2300,1.2400,568,0
D,2013-06-05,1.2800,1.2800,1.2600,1.2700,966,0
D,2013-06-04,1.2500,1.2700,1.2500,1.2700,1970,0
D,2013-06-03,1.2400,1.2600,1.2400,1.2500,1890,0
D,2013-05-31,1.2100,1.2500,1.2000,1.2500,3234,0
D,2013-05-30,1.2100,1.2100,1.1900,1.2100,1427,0
D,2013-05-29,1.2000,1.2100,1.1900,1.2100,810,0
D,2013-05-28,1.2100,1.2100,1.2000,1.2100,777,0
D,2013-05-27,1.1800,1.2100,1.1800,1.2100,3020,0
D,2013-05-23,1.1800,1.1800,1.1700,1.1800,1751,0
D,2013-05-22,1.1800,1.1800,1.1600,1.1700,1043,0
D,2013-05-21,1.2000,1.2000,1.1700,1.1800,1610,0
D,2013-05-20,1.1600,1.1900,1.1600,1.1800,1900,0
D,2013-05-17,1.1300,1.1600,1.1300,1.1500,2315,0
D,2013-05-16,1.1100,1.1300,1.1000,1.1000,345,0
D,2013-05-15,1.0900,1.1200,1.0900,1.1000,611,0
D,2013-05-14,1.1000,1.1500,1.1000,1.1200,1910,0
D,2013-05-13,1.0800,1.0900,1.0800,1.0900,418,0
D,2013-05-10,1.0600,1.0800,1.0500,1.0600,1061,0
D,2013-05-09,1.0400,1.0600,1.0400,1.0500,500,0
D,2013-05-08,1.0700,1.0700,1.0600,1.0600,90,0
D,2013-05-07,1.0700,1.0700,1.0700,1.0700,0,0
D,2013-05-06,1.0500,1.0700,1.0500,1.0700,100,0
D,2013-05-03,1.0500,1.0500,1.0300,1.0300,390,0
D,2013-05-02,1.0500,1.0500,1.0500,1.0500,130,0
D,2013-04-30,1.0600,1.0600,1.0500,1.0500,192,0
D,2013-04-29,1.0500,1.0700,1.0500,1.0600,250,0
D,2013-04-26,1.0600,1.0600,1.0600,1.0600,0,0
D,2013-04-25,1.0600,1.0600,1.0600,1.0600,0,0
D,2013-04-24,1.0700,1.0700,1.0600,1.0600,250,0
D,2013-04-23,1.0500,1.0500,1.0400,1.0500,79,0
D,2013-04-22,1.0700,1.0700,1.0700,1.0700,90,0
D,2013-04-19,1.0700,1.0700,1.0600,1.0600,60,0
D,2013-04-18,1.0900,1.0900,1.0800,1.0800,480,0
D,2013-04-17,1.0800,1.0900,1.0600,1.0900,2264,0
D,2013-04-16,1.0200,1.0600,1.0200,1.0400,158,0
D,2013-04-15,1.0200,1.0200,1.0200,1.0200,30,0
D,2013-04-12,1.0200,1.0300,1.0200,1.0300,300,0
D,2013-04-11,1.0200,1.0200,1.0200,1.0200,226,0
D,2013-04-10,1.0300,1.0300,1.0300,1.0300,100,0
D,2013-04-09,1.0200,1.0200,1.0200,1.0200,100,0
D,2013-04-08,1.0300,1.0300,1.0200,1.0200,40,0
D,2013-04-05,1.0100,1.0300,1.0100,1.0300,300,0
D,2013-04-04,1.0100,1.0100,1.0100,1.0100,0,0
D,2013-04-03,1.0100,1.0100,1.0100,1.0100,9,0
D,2013-04-02,1.0200,1.0500,1.0200,1.0500,470,0
D,2013-04-01,1.0200,1.0200,1.0200,1.0200,0,0
D,2013-03-29,1.0200,1.0300,1.0200,1.0200,165,0
D,2013-03-28,1.0200,1.0200,1.0200,1.0200,0,0
D,2013-03-27,1.0200,1.0200,1.0200,1.0200,90,0
D,2013-03-26,1.0200,1.0500,1.0200,1.0500,57,0
D,2013-03-25,1.0200,1.0200,1.0200,1.0200,0,0
D,2013-03-22,1.0300,1.0300,1.0200,1.0200,500,0
D,2013-03-21,1.0200,1.0200,1.0200,1.0200,68,0
D,2013-03-20,1.0300,1.0500,1.0200,1.0200,2101,0
D,2013-03-19,1.0300,1.0300,1.0200,1.0200,640,0
D,2013-03-18,1.0300,1.0300,1.0300,1.0300,135,0
D,2013-03-15,1.0300,1.0300,1.0300,1.0300,50,0
D,2013-03-14,1.0300,1.0300,1.0200,1.0200,520,0
D,2013-03-13,1.0300,1.0300,1.0300,1.0300,1000,0
D,2013-03-12,1.0400,1.0500,1.0400,1.0400,311,0
D,2013-03-11,1.0400,1.0500,1.0400,1.0400,299,0
D,2013-03-08,1.0300,1.0500,1.0300,1.0400,1141,0
D,2013-03-07,1.0300,1.0300,1.0300,1.0300,15,0
D,2013-03-06,1.0300,1.0300,1.0300,1.0300,42,0
D,2013-03-05,1.0200,1.0200,1.0200,1.0200,12,0
D,2013-03-04,1.0300,1.0300,1.0300,1.0300,50,0
D,2013-03-01,1.0200,1.0300,1.0200,1.0300,213,0
D,2013-02-28,1.0300,1.0300,1.0200,1.0200,327,0
D,2013-02-27,1.0400,1.0400,1.0400,1.0400,0,0
D,2013-02-26,1.0400,1.0400,1.0400,1.0400,50,0
D,2013-02-25,1.0300,1.0300,1.0300,1.0300,0,0
D,2013-02-22,1.0100,1.0300,1.0100,1.0300,499,0
D,2013-02-21,1.0300,1.0400,1.0300,1.0400,340,0
D,2013-02-20,1.0300,1.0400,1.0300,1.0400,350,0
D,2013-02-19,1.0400,1.0400,1.0400,1.0400,100,0
D,2013-02-18,1.0400,1.0500,1.0400,1.0500,120,0
D,2013-02-15,1.0500,1.0500,1.0500,1.0500,80,0
D,2013-02-14,1.0400,1.0500,1.0400,1.0500,167,0
D,2013-02-13,1.0300,1.0300,1.0300,1.0300,0,0
D,2013-02-08,1.0300,1.0300,1.0300,1.0300,100,0
D,2013-02-07,1.0400,1.0400,1.0400,1.0400,0,0
D,2013-02-06,1.0400,1.0400,1.0400,1.0400,0,0
D,2013-02-05,1.0400,1.0500,1.0100,1.0400,91,0
D,2013-02-04,1.0200,1.0200,1.0200,1.0200,106,0
D,2013-01-31,1.0100,1.0100,1.0100,1.0100,20,0
D,2013-01-30,1.0100,1.0100,1.0100,1.0100,96,0
D,2013-01-29,1.0100,1.0100,1.0100,1.0100,100,0
D,2013-01-25,1.0600,1.0600,1.0600,1.0600,0,0
D,2013-01-23,1.0600,1.0600,1.0600,1.0600,0,0
D,2013-01-22,1.0200,1.0600,1.0100,1.0600,282,0
D,2013-01-21,1.0300,1.0300,1.0200,1.0200,413,0
D,2013-01-18,1.0300,1.0300,1.0300,1.0300,30,0
D,2013-01-17,1.0400,1.0400,1.0400,1.0400,205,0
D,2013-01-16,1.0500,1.0500,1.0400,1.0400,650,0
D,2013-01-15,1.0400,1.0400,1.0400,1.0400,70,0
D,2013-01-14,1.0300,1.0500,1.0300,1.0400,312,0
D,2013-01-11,1.0300,1.0300,1.0300,1.0300,140,0
D,2013-01-10,1.0400,1.0400,1.0300,1.0300,470,0
D,2013-01-09,1.0500,1.0600,1.0400,1.0400,768,0
D,2013-01-08,1.0500,1.0500,1.0500,1.0500,1,0
D,2013-01-07,1.0700,1.0700,1.0700,1.0700,0,0
D,2013-01-04,1.0700,1.0700,1.0700,1.0700,10,0
D,2013-01-03,1.0600,1.0600,1.0600,1.0600,29,0
D,2013-01-02,1.0500,1.0600,1.0500,1.0600,20,0
D,2012-12-31,1.0400,1.0400,1.0400,1.0400,33,0
D,2012-12-28,1.0800,1.0800,1.0800,1.0800,0,0
D,2012-12-27,1.0800,1.0800,1.0800,1.0800,0,0
D,2012-12-26,1.0400,1.0800,1.0300,1.0800,261,0
D,2012-12-24,1.0400,1.0400,1.0300,1.0300,100,0
D,2012-12-21,1.0600,1.0600,1.0600,1.0600,0,0
D,2012-12-20,1.0400,1.0900,1.0400,1.0600,250,0
D,2012-12-19,1.0200,1.0200,1.0200,1.0200,60,0
D,2012-12-18,1.0800,1.0900,1.0800,1.0900,110,0
D,2012-12-17,1.0900,1.0900,1.0900,1.0900,0,0
D,2012-12-14,1.0900,1.0900,1.0900,1.0900,0,0
D,2012-12-13,1.0900,1.0900,1.0900,1.0900,21,0
D,2012-12-12,1.0500,1.0500,1.0500,1.0500,0,0
D,2012-12-11,1.0500,1.0500,1.0500,1.0500,0,0
D,2012-12-10,1.0500,1.0500,1.0500,1.0500,0,0
D,2012-12-07,1.0500,1.0500,1.0500,1.0500,50,0
D,2012-12-06,1.0600,1.0600,1.0600,1.0600,0,0
D,2012-12-05,1.0600,1.0600,1.0600,1.0600,0,0
D,2012-12-04,1.0600,1.0600,1.0600,1.0600,0,0
D,2012-12-03,1.0300,1.0600,1.0300,1.0600,128,0
D,2012-11-30,1.0400,1.0400,1.0400,1.0400,100,0
D,2012-11-29,1.0400,1.0400,1.0400,1.0400,100,0
D,2012-11-28,1.0400,1.0400,1.0400,1.0400,0,0
D,2012-11-27,1.0500,1.0500,1.0400,1.0400,50,0
D,2012-11-26,1.0500,1.0500,1.0500,1.0500,0,0
D,2012-11-23,1.0500,1.0500,1.0500,1.0500,30,0
D,2012-11-22,1.0500,1.0800,1.0500,1.0500,70,0
D,2012-11-21,1.0500,1.0500,1.0400,1.0500,305,0
D,2012-11-20,1.0500,1.0600,1.0500,1.0600,290,0
D,2012-11-19,1.0600,1.0600,1.0500,1.0500,210,0
D,2012-11-16,1.0800,1.0800,1.0600,1.0700,627,0
D,2012-11-14,1.0800,1.0800,1.0800,1.0800,42,0
D,2012-11-12,1.0800,1.0800,1.0800,1.0800,0,0
D,2012-11-09,1.0800,1.0800,1.0800,1.0800,0,0
D,2012-11-08,1.0800,1.0800,1.0700,1.0800,170,0
D,2012-11-07,1.0900,1.0900,1.0700,1.0800,508,0
D,2012-11-06,1.0800,1.0900,1.0800,1.0900,970,0
D,2012-11-05,1.0900,1.0900,1.0900,1.0900,50,0
D,2012-11-02,1.0800,1.0900,1.0800,1.0900,1089,0
D,2012-11-01,1.0800,1.0800,1.0800,1.0800,30,0
D,2012-10-31,1.0700,1.0700,1.0700,1.0700,0,0
D,2012-10-30,1.0700,1.0700,1.0700,1.0700,0,0
D,2012-10-29,1.0700,1.0700,1.0700,1.0700,110,0
D,2012-10-25,1.0700,1.0700,1.0700,1.0700,200,0
D,2012-10-24,1.0800,1.0800,1.0800,1.0800,10,0
D,2012-10-23,1.0800,1.0800,1.0800,1.0800,120,0
D,2012-10-22,1.0700,1.0700,1.0700,1.0700,520,0
D,2012-10-19,1.0800,1.0800,1.0800,1.0800,100,0
D,2012-10-18,1.0900,1.0900,1.0800,1.0900,216,0
D,2012-10-17,1.0900,1.0900,1.0900,1.0900,250,0
D,2012-10-16,1.0900,1.1000,1.0900,1.0900,530,0
D,2012-10-15,1.0800,1.0800,1.0700,1.0800,196,0
D,2012-10-12,1.0700,1.0800,1.0700,1.0800,370,0
D,2012-10-11,1.0700,1.0700,1.0700,1.0700,100,0
D,2012-10-10,1.0700,1.0700,1.0700,1.0700,190,0
D,2012-10-09,1.0600,1.0900,1.0600,1.0900,270,0
D,2012-10-08,1.0700,1.0700,1.0600,1.0600,700,0
D,2012-10-05,1.0700,1.0700,1.0500,1.0500,540,0
D,2012-10-04,1.0700,1.0700,1.0700,1.0700,130,0
D,2012-10-03,1.0700,1.0700,1.0700,1.0700,70,0
D,2012-05-03,1.0100,1.0100,1.0100,1.0100,19,0
D,2012-05-02,1.0100,1.0400,1.0100,1.0300,200,0
